time_s,force_command_N,ground_bottom_slip_m,ground_bottom_vt_m_s,ground_bottom_Fn_N,ground_bottom_Ft_N,ground_bottom_rho,ground_bottom_contacts,ground_bottom_gap_m,bottom_middle_slip_m,bottom_middle_vt_m_s,bottom_middle_Fn_N,bottom_middle_Ft_N,bottom_middle_rho,bottom_middle_contacts,bottom_middle_gap_m,middle_top_slip_m,middle_top_vt_m_s,middle_top_Fn_N,middle_top_Ft_N,middle_top_rho,middle_top_contacts,middle_top_gap_m,box_0_vz_m_s,box_1_vz_m_s,box_2_vz_m_s,solver_iterations
0.005,0.0,0.0,-3.4583892564244303e-18,29.726051122353635,6.427543850285094e-15,4.3245191390064305e-16,4,-4.208814877317002e-06,0.0,3.963994452781287e-18,19.91899149068324,5.503877411275566e-15,5.526261120047075e-16,4,-3.2968421498288936e-06,0.0,-1.4688543519534341e-18,9.929371831399116,1.2917046946152777e-15,2.601785322472444e-16,4,-4.56944623158928e-06,0.00024243859335584797,-0.00015751322061156045,0.0005064269709419446,2
0.01,0.0,0.0,1.977277915860075e-18,29.348307799346326,8.628679893706702e-15,5.880189040336349e-16,4,-3.4916120376683735e-06,0.0,-3.243638571188224e-18,19.56155798496004,3.108775107681382e-15,3.178453485219912e-16,4,-4.131483856889551e-06,0.0,-1.5329197310949227e-19,9.751747730223757,2.2238559592303807e-15,4.560938245639694e-16,4,-2.7290726804587995e-06,7.14240708793668e-05,-1.4705694436450731e-06,0.00017754574357331854,2
0.015,0.0,0.0,1.4294758125329372e-18,29.412418049046057,2.7553425578019474e-15,1.873591319970588e-16,4,-3.3234715934200854e-06,0.0,-2.8096097936538202e-18,19.60754337311957,3.581548030086222e-15,3.6532348412358974e-16,4,-4.3128510595624725e-06,0.0,9.863236784330251e-19,9.7973278515152,2.4056995290720287e-15,4.910929930144119e-16,4,-2.303464087562157e-06,1.5079664155778484e-05,-2.7948846129245168e-06,3.6088726829901276e-05,2
0.02,0.0,0.0,-4.626478807407305e-18,29.426693571956427,3.3312688590273534e-15,2.2641136020813737e-16,4,-3.2883399173587458e-06,0.0,3.337955928565034e-18,19.61775874120957,1.4141941119435257e-15,1.441748907812627e-16,4,-4.357685491090946e-06,0.0,1.1699203349679737e-18,9.807489786370988,4.966706102766173e-16,1.0128394137444166e-16,4,-2.211456970824255e-06,3.1411863598629824e-06,-1.2539540385128917e-06,7.142734225574322e-06,2
0.025,0.0,0.0,-8.573951580102382e-18,29.42938470298704,2.664248225665241e-15,1.8106040969282131e-16,4,-3.281002303387459e-06,0.0,4.046718122735942e-18,19.61960688321251,6.458827988525804e-16,6.584054437963578e-17,4,-4.368604246608732e-06,0.0,2.9072826449107685e-18,9.809503146441763,1.8208377668552094e-15,3.7123954998998874e-16,4,-2.1915625373000736e-06,6.589673044726154e-07,-3.9861527609872113e-07,1.4206388632780352e-06,2
0.03,0.0,0.0,-7.38097402884698e-18,29.429885430921566,6.781729274872532e-15,4.608736442954049e-16,4,-3.2794575168526574e-06,0.0,1.454686722602261e-18,19.619932163519906,3.4195667214565874e-15,3.4858089140743506e-16,4,-4.371210873564679e-06,0.0,2.5874499401875805e-18,9.809900943617972,6.185274224260335e-16,1.2610268462056774e-16,4,-2.1872455124652412e-06,1.3939140728518564e-07,-1.1076418068576026e-07,2.847900292157766e-07,2
0.035,0.0,0.0,-7.46578179569219e-18,29.429978624377057,2.806721459465204e-15,1.9073893972456896e-16,4,-3.27912963848237e-06,0.0,-4.617358243271126e-19,19.619988535116093,9.371616550433449e-16,9.553131525698923e-17,4,-4.371823838549005e-06,0.0,3.645203891024057e-18,9.809980089995106,2.58899071317488e-16,5.278279240985027e-17,4,-2.186305592205562e-06,2.9716631379675076e-08,-2.8706269548625806e-08,5.756477601059997e-08,2
0.04,0.0,0.0,-5.850614210364911e-18,29.42999600162586,2.106007421016884e-15,1.4311978981584216e-16,4,-3.27905952115376e-06,0.0,1.453260471556258e-20,19.61999811946637,9.156812374767117e-16,9.334162336827142e-17,4,-4.37196636795395e-06,0.0,2.268428057822477e-18,9.809995964780436,1.26392701199427e-15,2.5768145400507483e-16,4,-2.186100351200815e-06,6.380509797889964e-09,-7.1337138583845055e-09,1.1732608619531087e-08,2
0.045,0.0,0.0,-8.228921816819589e-19,29.42999924975644,2.856408313316938e-15,1.9411541869750998e-16,4,-3.2790444239559624e-06,0.0,-3.0177209010347747e-18,19.61999970544945,1.7446030413961414e-15,1.77839252557336e-16,4,-4.371999227092971e-06,0.0,2.533066053706507e-18,9.809999175373747,6.813893060340593e-16,1.389173013886822e-16,4,-2.186055422057076e-06,1.3787500492881226e-09,-1.724373745656971e-09,2.41093267905425e-09,2
0.05,0.0,0.0,-2.7089110375480333e-18,29.429999858694174,2.1069882943398598e-15,1.4318642911698255e-16,4,-3.279041153519957e-06,0.0,1.2650402369699394e-18,19.619999957350316,2.4486615338190637e-15,2.4960871958633333e-16,4,-4.372006752538515e-06,0.0,1.0432523824037947e-18,9.809999830107857,1.745472586051643e-15,3.5585578313561545e-16,4,-2.186045565469308e-06,2.996210195973605e-10,-4.088349850635446e-10,4.993678943696783e-10,2
0.055,0.0,0.0,-1.6587086310163435e-18,29.429999973268792,1.8108845158910286e-15,1.2306384760692159e-16,4,-3.279040441259845e-06,0.0,2.0874098663382277e-18,19.619999994743136,2.063503384698968e-15,2.1034693019896538e-16,4,-4.372008467111443e-06,0.0,-4.698831314720587e-19,9.809999964724417,5.11942105452426e-16,1.043714795705012e-16,4,-2.186043399146631e-06,6.543442148366575e-11,-9.557678079823478e-11,1.0421775242887508e-10,2
0.06,0.0,0.0,9.545514327007465e-19,29.429999994915217,4.2439119406403015e-15,2.884071995496803e-16,4,-3.279040285412288e-06,0.0,1.5086183796142108e-18,19.61999999961234,5.534888365638455e-15,5.642088038478915e-16,4,-4.372008856147469e-06,0.0,-1.4933582818387755e-18,9.809999992620547,3.5213898406051595e-15,7.179184186042981e-16,4,-2.1860429222780864e-06,1.4351569757274044e-11,-2.2109686168159503e-11,2.1903961978447208e-11,2
0.065,0.0,0.0,-4.8742824731434504e-18,29.429999999026304,3.818728868498451e-15,2.5951266521405333e-16,4,-3.279040251172316e-06,0.0,5.4590222610924046e-18,19.620000000058084,2.4596184866922544e-15,2.5072563574770365e-16,4,-4.3720089441465215e-06,0.0,1.264894238054189e-19,9.809999998444738,9.856377623740197e-16,2.009455173354294e-16,4,-2.186042817146905e-06,3.1585285966786585e-12,-5.072407913298382e-12,4.631932838188825e-12,2
0.07,0.0,0.0,-4.730277355917985e-18,29.429999999816644,1.0642982818803952e-15,7.232744015542141e-17,4,-3.279040243626269e-06,0.0,4.5600756670268504e-18,19.62000000004409,1.7718584036391412e-15,1.8061757427473593e-16,4,-4.372008963984819e-06,0.0,-1.3357370720710068e-18,9.809999999673646,7.640227206411727e-16,1.5576406129797955e-16,4,-2.186042793970999e-06,6.975593904814528e-13,-1.1549548846638281e-12,9.87435689674933e-13,2
0.075,0.0,0.0,-7.518075206487419e-18,29.429999999962867,2.6533728906395337e-15,1.8031755967671638e-16,4,-3.2790402419609344e-06,0.0,6.087329721764799e-18,19.620000000013185,1.059407204525024e-15,1.0799257946221325e-16,4,-4.372008968439589e-06,0.0,1.2922121726816823e-18,9.809999999929778,4.869183409010922e-16,9.926979427208515e-17,4,-2.1860427888639733e-06,1.546496732987149e-13,-2.6295818593741214e-13,2.1470714185952843e-13,2
0.08,0.0,0.0,-7.369015622381435e-18,29.42999999999156,2.9500357292532647e-15,2.0047813314672858e-16,4,-3.279040241586234e-06,0.0,5.669481026885022e-18,19.620000000003117,6.012929540961704e-16,6.129387911274973e-17,4,-4.372008969452668e-06,0.0,4.549855281769227e-19,9.809999999984086,1.3157729916528203e-15,2.682513744454546e-16,4,-2.186042787698239e-06,3.373039870548073e-14,-5.917541749983509e-14,4.173972369344725e-14,2
0.085,0.0,0.0,-5.188744442823956e-18,29.429999999999964,2.9080403650418153e-15,1.9762421780780285e-16,4,-3.279040241506437e-06,0.0,1.87721368391345e-18,19.62000000000204,2.0135440948612828e-15,2.0525424004700034e-16,4,-4.372008969667773e-06,0.0,1.4227995839880616e-18,9.809999999998773,2.7578672580493005e-15,5.622563217226596e-16,4,-2.1860427874761945e-06,7.059288940305665e-15,-1.3621634531835363e-14,8.716361870576899e-15,2
0.09,0.0,0.0,-1.3657001354476523e-19,29.430000000001673,1.2789500763899704e-13,8.691471806931007e-15,4,-3.2790402414890896e-06,0.0,-7.147174235867613e-18,19.619999999997898,2.1646919295006972e-14,2.206617665138562e-15,4,-4.3720089697163456e-06,0.0,-5.259603243906325e-20,9.810000000001695,3.114845196042302e-14,6.350346984794625e-15,4,-2.186042787448439e-06,3.935565438220325e-15,-6.617459514080176e-15,8.245627308135833e-15,1
0.095,0.0,0.0,1.2466998376426329e-17,29.430000000000007,1.2119837932662695e-14,8.236383236603936e-16,4,-3.27904024148562e-06,0.0,4.335298784438075e-18,19.620000000000427,2.8402601821465296e-14,2.895270318192118e-15,4,-4.3720089697232845e-06,0.0,-7.890802055153092e-18,9.810000000000048,2.43740388557996e-14,4.9692230083179365e-15,4,-2.186042787448439e-06,5.533820160022481e-16,-3.204189847172594e-15,8.984591753326335e-15,2
0.1,0.0,0.0,7.608129717665789e-17,29.42999999999889,1.4939713430409015e-13,1.015271045219815e-14,4,-3.2790402414821507e-06,0.0,1.0783448302414286e-16,19.620000000000715,2.3819988410510393e-14,2.4281333751793602e-15,4,-4.3720089697232845e-06,0.0,-5.713179905160571e-17,9.80999999999954,4.897641513986769e-14,9.984997989779813e-15,4,-2.186042787448439e-06,3.9262172203652513e-16,-4.368591755399458e-15,8.432144776272855e-15,2
0.105,0.0,0.0,9.675585166294128e-17,29.42999999999995,3.589775683733309e-14,2.4395349532676286e-15,4,-3.2790402414821507e-06,0.0,-1.967383118814715e-18,19.620000000000047,5.3348196510448186e-14,5.438144394541086e-15,4,-4.3720089697232845e-06,0.0,3.929063990100863e-17,9.809999999999977,4.8759325687817404e-14,9.940739182021919e-15,4,-2.186042787448439e-06,-4.120679262117884e-16,-3.8596655209112865e-15,8.219870133964526e-15,2
0.11,0.0,0.0,1.8471248871613575e-16,29.429999999999772,1.5415355973824938e-12,1.0475946975076492e-13,4,-3.2790402414821507e-06,0.0,-1.1113360610466499e-16,19.620000000000193,6.754389199349062e-13,6.885208154280321e-14,4,-4.3720089697232845e-06,0.0,-6.884093655203109e-16,9.809999999999894,1.4372160998722148e-13,2.930104179148278e-14,4,-2.186042787448439e-06,-2.619657732824672e-16,-3.9662469312753016e-15,8.257173627591931e-15,2
0.115,0.0,0.0,5.038234229708038e-15,29.42999999999914,5.3154608007372305e-12,3.612273734785855e-13,4,-3.2790402414821507e-06,0.0,-2.59343670391272e-15,19.620000000000744,1.193828279235719e-12,1.2169503356123077e-13,4,-4.3720089697232845e-06,0.0,-7.831791185794291e-15,9.809999999999576,1.6711695269763253e-12,3.407073449493165e-13,4,-2.186042787448439e-06,2.8692849009221004e-16,-4.3721444690782595e-15,8.40549942368185e-15,2
0.12,0.0,0.0,-7.527167800606067e-15,29.429999999999957,3.7067908967700955e-12,2.519055995086715e-13,4,-3.2790402414821507e-06,0.0,-2.2413246372839218e-15,19.620000000000033,5.403725342167448e-13,5.5083846505274604e-14,4,-4.3720089697232845e-06,0.0,5.81813776115999e-15,9.809999999999977,3.2757141470071276e-12,6.678316303786208e-13,4,-2.186042787448439e-06,-4.2539060250729034e-16,-3.8578891640718864e-15,8.218981955544825e-15,2
0.125,0.0,0.0,1.203317760653354e-05,30.02095406983051,0.00145576474841719,9.698324343929879e-05,4,-3.283144040161501e-06,0.0,-3.237287974267438e-06,20.22736926454825,0.022645088332466392,0.002239054227596031,6,-4.289932100380589e-06,0.0,-2.8897083984367906e-05,10.105476981912952,0.04020870615993399,0.007957804709644203,4,-2.1901466126239555e-06,-8.207597359325145e-06,0.0001559461413138207,0.00014773849096468505,2
0.13,0.0,0.0,-2.765202515364421e-05,29.44278030079455,0.006006494326680348,0.00040801135390860187,4,-3.276329936564154e-06,0.0,-1.588776537234905e-05,19.633330116459625,0.007486922748695995,0.0007626747682930595,4,-4.259755354445172e-06,0.0,7.192043376461761e-05,9.81639010913205,0.0062704700246566875,0.0012775511068622584,4,-2.18333187534947e-06,-8.300766438446666e-07,-3.56106737628515e-05,-3.6440508096270864e-05,2
0.135,0.0,0.0,3.875543263081869e-06,29.35150179618522,0.04645411813215695,0.0031653656739427578,4,-3.2819903981531895e-06,0.0,-6.701251191575625e-05,19.541419592538226,0.03194458726356975,0.003269423402153199,6,-3.520768123828344e-06,0.0,-3.188720963366426e-05,9.77075101458515,0.012941436398437771,0.002649015695747364,4,-2.1889783389933415e-06,3.1010307689021602e-06,0.00013146409566498058,0.00013456787729124972,2
0.14,0.0,0.0,-7.24042612439865e-05,29.40545624346926,0.05129373225623204,0.003488722081475883,4,-3.2755727369729315e-06,0.0,-9.24929346301904e-05,19.59580907673017,0.03773396578431759,0.0038512281515465777,6,-3.2656975078385053e-06,0.0,4.685601792267318e-07,9.797728601464106,0.01759486795337755,0.003591621827685305,4,-2.182547517652622e-06,-1.476385452820767e-08,9.942806756443926e-06,9.930656162363076e-06,2
0.145,0.0,0.0,-0.0001468824190795118,29.500839905066766,0.0416486809204388,0.0028235589938770283,4,-3.2756121644446357e-06,0.0,-6.953090450754674e-05,19.690455879444063,0.024329336833480784,0.002471180655484925,4,-4.006922379097555e-06,0.0,0.00016059244672706683,9.84542017095354,0.0066190019253804635,0.0013445849563451196,4,-2.182601746766877e-06,-3.2376723644959662e-06,-0.00012323308362943808,-0.00012647262385627234,2
0.15,0.0,0.0,-1.858233835640356e-05,29.448982495543643,0.057626068608350976,0.003913620351200332,4,-3.2816310723340902e-06,0.0,-6.15615949271158e-05,19.638695870671448,0.03518683341785263,0.0035834185375212073,4,-4.296104137123391e-06,0.0,2.3580216225985672e-05,9.81949126649561,0.0083927558456328,0.0017094074668143199,4,-2.188628955721028e-06,-1.7907759302945585e-08,-2.608508772553686e-05,-2.610463418199881e-05,2
0.155,0.0,0.0,6.801905392074303e-05,29.49258311351533,0.061420601178717484,0.004165155757453525,4,-3.280672165765358e-06,0.0,-1.0426588435353752e-05,19.684553942273787,0.051962354370153785,0.005279505395198358,4,-4.357011084511753e-06,0.0,-5.67152994910105e-05,9.878696629505797,0.03826275193741834,0.00774651826499758,5,-2.143902088053151e-06,-4.2747093570478483e-07,-7.215916904494633e-06,2.5560501411437966e-05,2
0.16,0.0,0.0,0.00017094125442607702,29.41964873642148,0.014889409240011826,0.0010122084987084677,4,-3.2874416685986507e-06,0.0,1.4938966031344584e-05,19.607421551858472,0.01900809683131263,0.0019388675641046707,6,-3.7829463646957273e-06,0.0,-0.00020034856307777027,9.81850612900166,0.01941666501470304,0.003955115933033963,5,-2.0804407799140945e-06,1.4315703902747977e-06,0.0002017376838474595,0.00024202897476963408,2
0.165,0.0,0.0,7.656693288682923e-05,29.084235989333656,0.06453496114278981,0.00443779655525126,4,-3.2678618803842763e-06,0.0,0.00013530221833069132,19.276571176335118,0.04854945909772244,0.005037146767815656,4,-3.347790537670814e-06,0.0,-3.688711212224401e-05,9.638029192294319,0.023534540145700528,0.004883683100797532,4,-2.074480089757358e-06,8.538948404781137e-06,-0.0001597477828023216,-0.0001791690564072221,2
0.17,0.0,0.0,0.00016546246984341142,29.447861221557044,0.08246683666365287,0.005600871047523394,4,-3.2747962164444977e-06,0.0,0.0001648920517072667,19.639942708315033,0.07308743707713711,0.007442734244453149,4,-3.9253546887871305e-06,0.0,-6.557930538657851e-05,9.820139855606252,0.047102021945269516,0.00959294320403783,4,-2.158781851752112e-06,-6.100908176191535e-07,-0.0001278716690190397,-0.00013597655057422762,2
0.17500000000000002,0.0,0.0,0.00019268526211523216,29.424658050223844,0.03649311827379704,0.002480444680886915,4,-3.2830915360007595e-06,0.0,0.00019513254411508173,19.613059925764738,0.03797044346930204,0.0038719550761604606,4,-4.2788163088988695e-06,0.0,-3.253990425404463e-05,9.787903914192581,0.0441695789531915,0.009025339713264873,6,-1.8492651782872627e-06,4.3405360014685993e-07,-3.1106859527527356e-05,6.93798954042142e-05,2
0.18,0.0,0.0,0.0001701444687223296,29.446807288227287,0.01596186511017349,0.0010841151608687288,4,-3.279015381815742e-06,0.0,0.00021035869508724837,19.63687621006132,0.009133735137691622,0.0009302635551587154,4,-4.349169212373993e-06,0.0,2.0125658990017084e-05,9.824692429454474,0.006500012920427061,0.0013231992690051022,4,-2.0463870312320553e-06,-4.7428093698882016e-07,-8.769129226666406e-06,-5.355387133049327e-05,2
0.185,0.0,0.0,0.00010023910438401136,29.434777907383513,0.05819016835864308,0.003953837772565389,4,-3.2798601219893864e-06,0.0,0.00020161169194251617,19.624723924453612,0.040980614172073826,0.004176427075339334,4,-4.368502364619775e-06,0.0,6.298788079377111e-05,9.814036239696023,0.018282455440402565,0.003725777038901344,4,-2.1558132178300937e-06,4.977210552597363e-08,-1.5017977308856682e-06,-1.1574225595342154e-05,2
0.19,0.0,0.0,1.9060155305292711e-06,29.43088496764559,0.10469870134321854,0.007114886382677077,4,-3.2794173508779445e-06,0.0,0.00013130021582028376,19.62089248576413,0.08492950876619698,0.008657048483173464,4,-4.371617786096127e-06,0.0,8.91409792662237e-05,9.81080651749199,0.038349531445707005,0.007817814239294688,4,-2.1795681612521434e-06,8.051881670572576e-08,-1.3552877071955121e-07,-2.292485564826525e-06,2
0.195,0.0,0.0,-0.0001287440484601449,29.430158513784004,0.12655420844826254,0.008600307632661184,4,-3.279153904314769e-06,0.0,1.2698825063244294e-05,19.62015974497398,0.09718320215132842,0.009906463903916325,4,-4.372015118499217e-06,0.0,0.0001107028453160612,9.810158853133146,0.048888241548075785,0.009966860329170301,4,-2.1846629807906193e-06,3.3577200212291346e-08,1.0313447558518217e-08,-4.540557959418165e-07,2
0.2,0.0,0.0,-0.00024168008449200582,29.431664898181616,0.11665504580237523,0.007927179533060161,4,-3.2813456695007792e-06,0.0,-0.00011471595473381256,19.620651747533028,0.09690234402570819,0.009877586664560421,4,-4.376620214609217e-06,0.0,0.00010765115771001036,9.80761708233817,0.04889990117873988,0.009971821038323402,6,-1.9275507056396024e-06,6.187425968478453e-08,2.211207026391206e-07,0.00011579979263956798,2
0.20500000000000002,0.0,0.0,-0.0003256018272880828,29.361435713881242,0.09949411118025864,0.006777196602359651,4,-3.2850385160015927e-06,0.0,-0.00023713020287390615,19.550198883802484,0.09420031795974058,0.00963676313674603,6,-3.647133568228378e-06,0.0,6.946482850582892e-05,9.76929586310427,0.07956888239850643,0.01628958391955647,6,-1.5770586633892525e-06,3.0430321442676476e-06,0.00020368521676803242,0.00024196438551801316,2
0.21,0.0,0.0,-0.00036974782635787424,29.364492969380883,0.18599811245145678,0.012668232524593688,4,-3.2742419010904633e-06,0.0,-0.00030833762500939835,19.554967487844262,0.18038537029595558,0.018449058573795793,6,-3.1085694731439184e-06,0.0,-2.703807354628154e-05,9.776262829423072,0.12484758917278192,0.025540964139596393,6,-1.4935783385558454e-06,9.207549694290538e-07,3.469687856253714e-05,4.095531238408758e-05,2
0.215,0.0,0.0,-0.0003417128593403316,29.498391668768015,0.17949637505043856,0.012169909265967458,4,-3.2694323917857593e-06,0.0,-0.00035491405020676085,19.690748007785597,0.15741028232706644,0.01598824811173526,4,-3.730958892521341e-06,0.0,-0.00011338771879434084,9.84410186374571,0.09875851748050357,0.02006450539570619,6,-1.4722062770880506e-06,-3.423692933798912e-06,-0.00019978746837259694,-0.00019992827280975532,2
0.22,0.0,0.0,-0.00023036514200024807,29.46384486009451,0.0980266410259097,0.006654029132408028,4,-3.281656159294377e-06,0.0,-0.0003529500700509802,19.65322032759667,0.07346034034798027,0.007475654281942658,4,-4.2352680970428325e-06,0.0,-0.00016695147415825696,9.826767526523685,0.03427481779103896,0.006975807191637923,6,-1.4766611675445795e-06,-6.291506084083529e-07,-4.7442094313710424e-05,-4.766542770557546e-05,2
0.225,0.0,0.0,-5.2189313442043816e-05,29.437021313882845,0.1397720672888147,0.009496345829181877,4,-3.2810261978120925e-06,0.0,-0.0002867456843372518,19.62701695064301,0.09766091518211831,0.009951681952250904,4,-4.344000394757019e-06,0.0,-0.0001877450488208889,9.813723119171334,0.05341363025629726,0.010885497707175477,6,-1.475402823400418e-06,3.2687303099892453e-07,-9.326395355612464e-06,-8.56747001082535e-06,2
0.23,0.0,0.0,0.00011835415268354922,29.431059495097287,0.12394434810839525,0.008422690194285548,4,-3.2797675723200692e-06,0.0,-0.00021740086305721985,19.621079412943487,0.09679264804129378,0.009866189928107862,4,-4.366375232413289e-06,0.0,-0.00018316124174821557,9.810415656188525,0.04932359847489241,0.010055353453607955,6,-1.4655568373322936e-06,1.838990686096545e-07,-1.7792221496067323e-06,5.249066122876681e-07,2
0.23500000000000001,0.0,0.0,0.00022481025428571264,29.427298765552358,0.11485117772518846,0.007805757411865029,4,-3.2790960539930136e-06,0.0,-8.374244317586337e-05,19.61730128378946,0.09711096213957027,0.009900542458387673,4,-4.370639205268645e-06,0.0,-0.00017954635553159239,9.807162499660746,0.048672170876216836,0.009925841623996854,6,-1.4710367497727805e-06,1.0713711699588598e-07,-1.99223830794673e-07,-6.209562108897548e-06,2
0.24,0.0,0.0,0.0002964814258576416,29.320110292245307,0.10552069040564264,0.007197837208242096,4,-3.2779890614779983e-06,0.0,7.846619922633423e-05,19.50716811522637,0.09463186999469178,0.009702266309052479,4,-4.369614208056538e-06,0.0,-0.00017091098717658432,9.688159701724985,0.0772705847077716,0.01595155057033453,4,-1.5827776001578475e-06,1.5144628379611328e-06,4.5160601331830175e-06,-8.349027692472365e-05,2
0.245,0.0,0.0,0.0003455276583399391,29.44734158098055,0.10060715977619991,0.006833021547940346,4,-3.2792258274072505e-06,0.0,0.000229096294225679,19.63711301086495,0.09064887798809447,0.009232403758937443,4,-4.372396205494511e-06,0.0,-0.0001274926376705295,9.826429333283336,0.051534465345610216,0.01048895048195311,4,-2.033962293056246e-06,-5.777913134234544e-07,-1.7332639669312328e-06,-5.163174786057143e-05,2
0.25,0.0,0.0,0.0003770034526221237,29.433864943728796,0.07742061182232567,0.005260648709935796,4,-3.2798219101216886e-06,0.0,0.00033778713620545304,19.62382607757047,0.07082183130640277,0.007217943231503697,4,-4.373567094283215e-06,0.0,-3.394960259856265e-05,9.813722365720498,0.04866645963255321,0.009918042883003497,4,-2.153204072569137e-06,8.092213414739239e-08,2.4373035306308567e-07,-1.066193954013192e-05,2
0.255,0.0,0.0,0.00037330901741811697,29.493553474393472,0.016168057337623595,0.0010963790681689696,4,-3.2797960617080013e-06,0.0,0.00039757611508566443,19.685310881679722,0.022485844378172245,0.002284530278777447,4,-4.373536916429943e-06,0.0,6.814607955729266e-05,9.880682545587634,0.02678412075762324,0.0054215122556657966,5,-2.160152594368747e-06,-7.989080229133312e-07,-2.444160433916089e-06,3.284831014097536e-05,2
0.26,0.0,0.0,0.00029733959368287904,29.344666297057636,0.19874387747836056,0.013545485606581148,4,-3.2867135470876496e-06,0.0,0.00040886404500590226,19.532377495661176,0.2014976387568702,0.020632167159541113,6,-3.5953549827813513e-06,0.0,0.0001229739758318041,9.764452957627174,0.15503738600512285,0.03175546785424791,5,-2.0120311392674006e-06,3.4488056031705624e-06,0.00021202396576215274,0.0002550221385649072,2
0.265,0.0,0.0,0.00012210027357071322,29.354201350538503,0.12659026304053836,0.00862501837667718,4,-3.2762535450425734e-06,0.0,0.00034540941025865265,19.545014695256636,0.09817418418744449,0.010045956548834962,8,-2.665337632414e-06,0.0,0.00026235227761994053,9.770492538419498,0.05219956313540893,0.010685144670066525,5,-1.8992812860219033e-06,1.9374161348971127e-06,0.00011538484606280569,0.00012663951590902376,2
0.27,0.0,0.0,-6.624844351275765e-05,29.405445770960362,0.18208418509694851,0.012384385294833215,4,-3.269370838870217e-06,0.0,0.00026172472418979376,19.597635236923516,0.15676309336586317,0.01599816421427305,6,-2.724820063179645e-06,0.0,0.000332294171062153,9.797868221113221,0.08788130982421614,0.01793886340190666,5,-1.8734228531130936e-06,-7.367764623662013e-07,-0.00012150746174758316,-0.00012056870080949816,2
0.275,0.0,0.0,-0.00018708695458205933,29.587989634652523,0.12257255616362851,0.00828529127373192,4,-3.278898001984193e-06,0.0,0.000137651822550167,19.77659555443533,0.10258280627590682,0.010374162326730742,4,-3.887231979131378e-06,0.0,0.000338192408628828,9.915591330521663,0.054521954081490194,0.010997216860614964,8,-1.7562894877934387e-06,-5.469127337454033e-06,-0.0001704430313743167,-5.764866431155559e-05,3
0.28,0.0,0.0,-0.00027319815892207244,29.427045674056235,0.11173864283788171,0.007594282081561035,4,-3.281905910892252e-06,0.0,-1.5181714458665043e-05,19.617330208997252,0.09660412470326885,0.009848855443026853,4,-4.268180606503691e-06,0.0,0.0003340566735463711,9.796942828603138,0.05014922988826816,0.01023773043604022,7,-1.392326205523764e-06,1.0132098913962436e-06,-3.2188747042770076e-05,-3.317368939901234e-05,2
0.28500000000000003,0.0,0.0,-0.00033075492461740364,29.448124883775275,0.09666433973087013,0.006565059073362479,4,-3.2792709768990347e-06,0.0,-0.0001690564891057212,19.638485613617362,0.0878256440467996,0.00894423793919233,4,-4.347882839435269e-06,0.0,0.00030282993580656105,9.82701385249117,0.04983392494929207,0.01014223154608845,5,-1.6565361805401246e-06,-2.8786103337536427e-07,-8.818009601218801e-06,-7.575960615644484e-05,2
0.29,0.0,0.0,-0.0003676824093272038,29.446218573737962,0.08293227774999337,0.0056327964517629255,4,-3.280000280991846e-06,0.0,-0.00029457045266785466,19.636058457156523,0.07655526916441902,0.007797417117233914,4,-4.368421072022122e-06,0.0,0.0002289018147574136,9.825012489462356,0.050886692528829776,0.010358601087460683,4,-2.0508876695038425e-06,-3.0234097544385467e-07,-2.674934488656621e-06,-4.7036152148273955e-05,2
0.295,0.0,0.0,-0.0003693156019102339,29.414237891812952,0.1159741401502606,0.007885578445161103,4,-3.289948297360845e-06,0.0,-0.0003604432284800601,19.599318999641692,0.14716313685083804,0.015017168387690249,6,-3.8070264531328557e-06,0.0,6.421459658995034e-05,9.803722034436761,0.12877476524766956,0.02627058678231239,4,-2.1669148920142045e-06,8.967165766158796e-07,0.00025132824810160983,0.00024239838319776015,2
0.3,0.0,0.0,-0.0003332021545934472,29.293791916672003,0.17962088204700769,0.012263409432138411,4,-3.2665352289046323e-06,0.0,-0.00038886251503069086,19.49036319860652,0.18581168059549177,0.019067031096555095,4,-3.530041563316877e-06,0.0,-6.70139218852798e-05,9.742244561071605,0.14826960157673177,0.03043848892260261,4,-2.1668967978422105e-06,4.073135224108396e-06,-0.0001861301078142757,-0.00018421521655141612,2
0.305,0.0,0.0,-0.00022605426514069754,29.477115869102853,0.09491597460432588,0.006439977033425739,4,-3.278925036532404e-06,0.0,-0.0003770310970724422,19.66619683486913,0.06665807536476569,0.0067789492726501805,4,-4.176936693023325e-06,0.0,-0.0001389978226908179,9.833635447940733,0.027905299089187846,0.005675479681328132,4,-2.1844458839084813e-06,-1.9104306052115184e-06,-6.813899510195893e-05,-7.052659786595167e-05,2
0.31,0.0,0.0,-5.385249947528102e-05,29.439920130807742,0.1397603929764013,0.009494617672562735,4,-3.281006163178418e-06,0.0,-0.0003024574605627143,19.62981155952109,0.09742073559756559,0.0099257942749138,4,-4.331988368078132e-06,0.0,-0.00016944944879112336,9.814976115498782,0.05277308323388267,0.010753583628298176,4,-2.187677010968836e-06,1.8129270288729577e-07,-1.3600499250304994e-05,-1.3528659201556607e-05,2
0.315,0.0,0.0,0.00011733624785089899,29.431831402177288,0.1241192787176237,0.008434356464031775,4,-3.279866989551461e-06,0.0,-0.0002337040650130976,19.6218537627458,0.0969003713294555,0.009876780502098255,4,-4.36387251916831e-06,0.0,-0.00016490177483101566,9.810918841979293,0.049580688775340956,0.010107246747000581,4,-2.186814884952426e-06,1.8867950551731195e-07,-2.634026392331963e-06,-2.4732285861254795e-06,2
0.32,0.0,0.0,0.00022441463796293677,29.430334250858834,0.11576843720945075,0.00786728660453949,4,-3.2792804667246267e-06,0.0,-9.880005011304248e-05,19.62034450808498,0.09786903148849965,0.009976280635456797,4,-4.370402370723614e-06,0.0,-0.00016496968650090018,9.810167244927882,0.04897020573156241,0.009983561851482463,4,-2.186299005446646e-06,6.976542726105163e-08,-5.066078649674298e-07,-4.4379030330360776e-07,2
0.325,0.0,0.0,0.0002962026982741442,29.430060653364293,0.1080935085502014,0.007345789043614812,4,-3.27908921942191e-06,0.0,6.743406311343907e-05,19.62006023644478,0.0947563320671216,0.009659127538365985,4,-4.37171828885502e-06,0.0,-0.00016443835273917534,9.810029660536095,0.048398758449641976,0.009867199208243188,4,-2.186124717862281e-06,2.0474210897395544e-08,-9.181519707596819e-08,-7.292343907678126e-08,2
0.33,0.0,0.0,0.0003469809603470131,29.43001058154092,0.10259566342561238,0.006972179853034942,4,-3.2790366667583004e-06,0.0,0.00022519575427022183,19.620007189357793,0.09081387757660148,0.009257272609549337,4,-4.371956090910845e-06,0.0,-0.00014267519046561668,9.81000456533732,0.0482476365889616,0.00983641470656188,4,-2.1860746794374886e-06,5.131604247358262e-09,-1.13728555005197e-08,-5.99558664954694e-09,2
0.335,0.0,0.0,0.0003850261500307419,29.413806374381824,0.047555605604869426,0.0032335567182007656,4,-3.279254963534789e-06,0.0,0.00032482317514056445,19.603957393418902,0.04848546841914963,0.004946498040791124,4,-4.372401573395079e-06,0.0,-0.00010220002651668066,9.794431705050188,0.0389515085695394,0.007953806763378684,6,-1.7938954548768482e-06,6.251548837541901e-07,1.8623197327020607e-06,5.1032723144685485e-05,2
0.34,0.0,0.0,0.00034019097322185617,29.42614061634751,0.028674733888338844,0.0019489293048785864,4,-3.2783534402239245e-06,0.0,0.0003588538864858369,19.616187385356753,0.02756712972429558,0.0028106511405854647,4,-4.370642205341058e-06,0.0,4.149937016072246e-05,9.806324875284197,0.023552335993870396,0.004803499026068688,6,-1.6748053879231395e-06,-4.3466542393796113e-08,-1.2969492752962844e-07,1.1043475139562105e-05,2
0.34500000000000003,0.0,0.0,0.0002820837194353383,29.44004359736932,0.12481262557565168,0.008479106028688394,4,-3.2870726260590677e-06,0.0,0.0002690870077541487,19.624784889209828,0.10324975135495498,0.010522382990472843,6,-4.006477253119811e-06,0.0,9.46512867526473e-05,9.813602501967264,0.052794332342657915,0.010759419353305702,6,-1.6516500421573377e-06,-8.260004371169548e-07,0.00020413235665267266,0.0002067547335909186,2
0.35000000000000003,0.0,0.0,5.6787690513699554e-05,29.353948412652617,0.15380897188985487,0.01047961042430378,4,-3.281565174210327e-06,0.0,0.00018215534605338477,19.542986755431258,0.10201172007874687,0.01043972667590295,8,-3.0246076370074593e-06,0.0,0.00023003157284898118,9.771921052402305,0.04368889659822934,0.008941721154713783,6,-1.6420139703904324e-06,2.47438293553253e-06,0.00018966069529637546,0.00019207463411440422,2
0.355,0.0,0.0,-0.0001055179990329814,29.398131837536816,0.1563306660428853,0.010635414992137392,4,-3.2751094656072177e-06,0.0,0.00010028380072443549,19.5884750373997,0.13360189645848616,0.013640867520662429,8,-2.5110224509197754e-06,0.0,0.00023006779904451545,9.794054606155214,0.07961308099680563,0.01625743049191734,6,-1.6344687809519143e-06,8.719047892662767e-08,5.474894233560903e-05,5.513834384515519e-05,2
0.36,0.0,0.0,-0.00022405547075059342,29.455951937147894,0.10440277116945203,0.007088738560697213,4,-3.2762417856158077e-06,0.0,1.1124922594804912e-06,19.645548834344808,0.09067443417889826,0.009231041081466667,6,-2.7987545363969413e-06,0.0,0.0002746117053927844,9.822931980942652,0.05155679760813851,0.010497231927934187,6,-1.635376863894089e-06,-1.7248975286711734e-06,-4.237150708824498e-05,-4.329045572348473e-05,2
0.365,0.0,0.0,-0.00026711852693170394,29.43287713544843,0.10175720432083181,0.006914526490397179,4,-3.2794104241617994e-06,0.0,-0.0001499813100276792,19.62272913718065,0.09255686129927197,0.009433637966688087,6,-2.905220174549694e-06,0.0,0.0002251749783076639,9.811402705300232,0.05323450661850524,0.010851558786746639,6,-1.6368209200395833e-06,-5.514347115815593e-08,-1.3525168976130079e-05,-1.3510922858953116e-05,2
0.37,0.0,0.0,-0.00032104074067513427,29.42523237742536,0.0941183203563874,0.006397116539245664,4,-3.278911934259665e-06,0.0,-0.00028578998611332993,19.615246233378386,0.08456380171450088,0.008622252375359168,6,-2.983650442149599e-06,0.0,0.00017178587960484332,9.807843576845027,0.04958427110908645,0.010111146394330372,6,-1.6359716717428974e-06,1.225778333387358e-07,-1.9970155522050706e-05,-1.948303091421372e-05,2
0.375,0.0,0.0,-0.0003692521595919035,29.444667523290754,0.05952962659897339,0.004043491172171356,4,-3.2784603535250534e-06,0.0,-0.0003753505756228696,19.63453264666709,0.056443045148674646,0.005749364771180912,6,-3.1124307858718114e-06,0.0,0.00010597237684758988,9.824948470309199,0.04593957114396577,0.00935161569198948,4,-2.0315298054698894e-06,-6.577970656315796e-07,-3.0450182963864238e-05,-8.072033718302953e-05,2
0.38,0.0,0.0,-0.00034839752105456616,29.51155552711307,0.06206209192396896,0.004205951927335774,4,-3.27509939290066e-06,0.0,-0.00040244821217892023,19.702602265301554,0.04642753549153113,0.004712832839679773,4,-3.843668311818982e-06,0.0,-6.119347967699178e-05,9.852587951589022,0.02935978530970707,0.00595981186952448,4,-2.1480278816904397e-06,-2.9630743983934474e-06,-0.00017080143335949455,-0.00018487563998741062,2
0.385,0.0,0.0,-0.00026307336490717626,29.45845347699108,0.12065906645579765,0.008191812686300048,4,-3.282671913868579e-06,0.0,-0.00040627090603367,19.64803800073254,0.10709348613123924,0.010901188823764129,4,-4.2609999806389465e-06,0.0,-0.00014795742795270842,9.824627293933482,0.0702838350986351,0.014307684759102062,4,-2.182146544488228e-06,-8.809855731768084e-08,-3.8233566463297186e-05,-4.077384002888984e-05,2
0.39,0.0,0.0,-0.00011339077600112418,29.43542405324023,0.13867784950300807,0.00942251412802341,4,-3.2810174008732207e-06,0.0,-0.0003285549425760422,19.625451217473667,0.10155308385840035,0.01034912091783977,4,-4.349342517535881e-06,0.0,-0.0001910878862580923,9.812799212702192,0.05870333241754418,0.011964645590945256,4,-2.186348228343238e-06,3.8591662440006545e-07,-7.427301856263897e-06,-7.583069784328992e-06,2
0.395,0.0,0.0,7.717323706991185e-05,29.430990317578917,0.13024625021892614,0.008850959401194937,4,-3.2796910083704445e-06,0.0,-0.0002788482163373797,19.621020760566907,0.09755533884936042,0.009943961635820803,4,-4.36743633631248e-06,0.0,-0.00018681538862487098,9.810513749409806,0.04888189893575337,0.009965206753559481,4,-2.1863325089174768e-06,1.7018380669147394e-07,-1.43586665174273e-06,-1.39002920677023e-06,2
0.4,0.0,0.0,0.00019892950283066204,29.430180960831404,0.1172416421144045,0.007967442828193363,4,-3.279207269144685e-06,0.0,-0.00016081154588638367,19.620188512434822,0.09722140183061526,0.009910343294509997,4,-4.371159172747441e-06,0.0,-0.00018250410842889778,9.810094107734905,0.04916403811020021,0.010023153207355298,4,-2.1861532965225527e-06,5.345902016089853e-08,-2.754905294791233e-07,-2.510042268256714e-07,2
0.405,0.0,0.0,0.0002818636993880171,29.412888158706174,0.10752959054900747,0.007311732868176624,4,-3.280321119753654e-06,0.0,1.41160756720493e-05,19.602595738218387,0.09348355239076349,0.009537874844656659,4,-4.3743688935490854e-06,0.0,-0.0002244183989961231,9.791743235753241,0.04825711201749492,0.00985669473874489,6,-1.8786686957344978e-06,7.165556106994353e-07,2.08294025881222e-06,7.619298022191756e-05,2
0.41000000000000003,0.0,0.0,0.0003309011505918863,29.423684807569973,0.10709170872063371,0.007279286018798143,4,-3.2783285413492957e-06,0.0,0.00017179330313052312,19.613783081044005,0.09667565395978586,0.009857930370731927,4,-4.370626845641434e-06,0.0,-0.000188741354794785,9.804085028479811,0.05322983963325587,0.010858706239007296,6,-1.6946149559715629e-06,5.620047746650913e-08,1.4874421672799609e-07,1.7334298142369307e-05,2
0.41500000000000004,0.0,0.0,0.0003682901375137134,29.428776614767305,0.0829703601614903,0.005638723025941617,4,-3.278608273465239e-06,0.0,0.0002980574787833861,19.618767708263036,0.07552380847007609,0.007699138864697089,4,-4.37119388534829e-06,0.0,-0.00011785049363294601,9.808753474207892,0.04969066902273271,0.010131902928011043,6,-1.6535857749536143e-06,-7.707193472756515e-08,-2.2549141904765884e-07,3.5513280921229943e-06,2
0.42,0.0,0.0,0.0004355748053488165,29.442276051204097,0.026956741323779624,0.0018311587919968013,4,-3.2871594928853e-06,0.0,0.000344158241173858,19.627103268184865,0.03191095331551079,0.0032517231788592865,6,-4.010592067310581e-06,0.0,-0.00016467472449274614,9.815057365600577,0.028019275483737012,0.005709447115803491,6,-1.648484999804134e-06,-8.219093300576103e-07,0.00020258491368831016,0.00020373594760635325,2
0.425,0.0,0.0,0.0002618819981366685,29.379651584178944,0.10564513945243303,0.007191721736368266,4,-3.2773789048097524e-06,0.0,0.0003346662061922597,19.570385857897403,0.06200796929454704,0.006336918417939567,6,-3.4134743220406993e-06,0.0,1.5248799053728607e-05,9.779077747498313,0.019367754808882854,0.003961059582298038,8,-1.3668718590875706e-06,1.4373702896977505e-06,6.418642060081531e-05,0.00010872468001094566,2
0.43,0.0,0.0,7.153067068932988e-05,29.41734164515126,0.1374535336468212,0.009345068314116486,4,-3.2764271561784575e-06,0.0,0.0002452784309583646,19.607402167193815,0.10090665395787903,0.010292710181332569,6,-3.2471999605251933e-06,0.0,0.00013429555627141385,9.80207903801943,0.052708608408941905,0.01075457731048698,8,-1.2519019634907314e-06,-2.831296824847372e-07,1.791567998260785e-05,2.9759132134755724e-05,2
0.435,0.0,0.0,-0.00010345444617266655,29.5865742142764,0.20413838108452304,0.0137993929007178,4,-3.282035096818098e-06,0.0,0.0001516689238453997,19.775699224845674,0.188453023034333,0.01905905029113363,8,-3.092909392723997e-06,0.0,0.0001871533520989138,9.887358211101075,0.13469073217916586,0.027245039433878553,8,-1.2268711369889385e-06,-4.315294435583492e-06,0.0001283051943566193,0.00012774276786978316,2
0.44,0.0,0.0,-0.00020545568942075505,29.31202861521281,0.1590189460783163,0.010850081252703621,4,-3.2772061014547937e-06,0.0,-3.7819172288848415e-06,19.50030650087828,0.14572732605894853,0.014946157492692238,8,-2.588267882457085e-06,0.0,0.0002165187431994477,9.703517848438388,0.10974819264801526,0.022620289746914275,6,-1.2558597698719698e-06,2.1732919799859945e-06,5.6465958451755884e-05,7.175626648783487e-06,2
0.445,0.0,0.0,-0.0002791434877304729,29.43151433933509,0.12131501077224849,0.008243885066431087,4,-3.277220607555975e-06,0.0,-0.00017412926152635886,19.62140535397527,0.10703219484394476,0.010909737902362859,8,-2.4639835408749033e-06,0.0,0.00021619014989956534,9.815659017877959,0.05517972807976158,0.011243203941632203,6,-1.5381724581958744e-06,-5.772575061646163e-07,9.458971206075463e-06,-2.2342461713237705e-05,2
0.45,0.0,0.0,-0.00035808738927303014,29.11953788636418,0.15687162387808656,0.010774320972417966,4,-3.276429637048134e-06,0.0,-0.00031235087151512957,19.300903015313153,0.16526821645464848,0.017125438775950144,6,-2.498095636925546e-06,0.0,0.00021504686602476377,9.654187855393925,0.14018242169199613,0.02904074869719348,6,-1.6134515478799516e-06,4.193148804637884e-06,-8.425785144313609e-05,-8.876086174691642e-05,2
0.455,0.0,0.0,-0.0003736543832473821,29.23935918790025,0.2793553470047374,0.019108171640118535,4,-3.272904732017079e-06,0.0,-0.00033416460101211705,19.429780681997016,0.2915119516381007,0.03000671560932295,4,-3.2145526975765892e-06,0.0,0.00014853277982637225,9.714968628764185,0.23865461363499013,0.049131319462706026,6,-1.6285919852074282e-06,4.276187991544991e-06,-0.00024689383479275547,-0.00024509676338418826,2
0.46,0.0,0.0,-0.00023773265161735696,29.4932404138274,0.08325648385992065,0.0056458010507985604,4,-3.282007803317305e-06,0.0,-0.0003437302250644682,19.682312354066685,0.06690297563229705,0.0067982841069457785,4,-4.101674412892997e-06,0.0,-3.147185689164817e-05,9.841523626407506,0.04539228881934741,0.009224646618242618,6,-1.6393335424136346e-06,-1.569523394813596e-06,-9.31803700795429e-05,-9.491603372743656e-05,2
0.465,0.0,0.0,-9.385480811455283e-05,29.4433520217731,0.14031782841617188,0.009531375932496278,4,-3.2823898255159023e-06,0.0,-0.000259798794083034,19.63328253018761,0.1197795600285609,0.012201684547083865,4,-4.316395131084838e-06,0.0,-0.0001317871179994099,9.816659830711927,0.06836358119004203,0.01392807377844815,6,-1.6421828237730973e-06,4.6704622422582296e-07,-1.8643091883652272e-05,-1.8797533497148117e-05,2
0.47000000000000003,0.0,0.0,8.193393862733336e-05,29.432569612100753,0.1312686767084459,0.008919960332276038,4,-3.2803298277844783e-06,0.0,-0.00019393100909202525,19.62261730118935,0.09772531026307565,0.009960476603409311,4,-4.360653239339485e-06,0.0,-0.00012980961331992947,9.811329737136052,0.04866623155436161,0.00992041504224633,6,-1.6426099693697682e-06,3.025181681275886e-07,-3.622590867355567e-06,-3.6039294098701275e-06,2
0.47500000000000003,0.0,0.0,0.0002053492742606404,29.430472651567676,0.11675473888930564,0.007934275488646388,4,-3.2794158700000242e-06,0.0,-7.409376764969206e-05,19.620492269864215,0.09687045270383715,0.009874416133036967,4,-4.3697456716187966e-06,0.0,-0.00013229585428845768,9.810245594277646,0.047801290690012294,0.009745177168223998,6,-1.642316986197323e-06,1.0677579341416285e-07,-6.984952541722692e-07,-6.345990305850877e-07,2
0.48,0.0,0.0,0.00028602194517785164,29.43008320574851,0.10999075543265047,0.007474715899625199,4,-3.2791247111564614e-06,0.0,8.620861919654836e-05,19.62008575357788,0.09551854018219079,0.009736811692045965,4,-4.37159656124092e-06,0.0,-0.0001381694125375631,9.810040838699237,0.04865432400283339,0.009919290816996173,6,-1.6420936289618382e-06,3.100458420673144e-08,-1.2944858154424286e-07,-1.017232457904258e-07,2
0.485,0.0,0.0,0.00040168598723970284,29.52365155844863,0.06332681248485333,0.004289903798619479,4,-3.286883900086718e-06,0.0,0.00020996227015307863,19.70849573814865,0.027854923313130362,0.002826691969109862,6,-4.113764397246922e-06,0.0,-0.00026428128422967164,9.855988807121363,0.01732228013482596,0.003515077071173191,6,-1.6460494447201324e-06,-3.3182622626579207e-06,0.00020037915688125225,0.00019905081326563397,2
0.49,0.0,0.0,0.00032637820012911586,29.385441260613437,0.043376551441431654,0.002952247751308816,4,-3.2773597017331235e-06,0.0,0.00024504800743626654,19.57621936359757,0.017334770865657417,0.0017710029238732195,6,-3.4611161858835726e-06,0.0,-0.00014829995928391425,9.787853729281938,0.02464518136772626,0.0050358703857611275,6,-1.6390659085749326e-06,1.2805430571658974e-06,6.808647565159771e-05,6.874570665128474e-05,2
0.495,0.0,0.0,0.00015535383311673454,29.42070510344306,0.0770212197682375,0.005235851384080107,4,-3.276787574193335e-06,0.0,0.0002513530366985557,19.610758101283906,0.04508510467626649,0.004597997124171838,6,-3.2956606367678942e-06,0.0,4.2334686982423955e-05,9.805398346467298,0.009909007405963061,0.0020211330648352683,6,-1.6385343042935041e-06,-2.9805134855726866e-07,1.6253835465203054e-05,1.628538969354206e-05,2
0.5,0.0,0.0,1.3467210789842041e-05,29.41791437136836,0.11386844427934704,0.007741435564866015,4,-3.2792860553826353e-06,0.0,0.00017069472197093363,19.607460853930398,0.08843372227546668,0.00902041553817406,6,-3.2516007081248577e-06,0.0,0.00014400279724698835,9.79730454056738,0.040859238976109206,0.008340914341679323,8,-1.4433893549409271e-06,2.027242119649243e-07,6.434055726067327e-06,6.733085898716315e-05,2
0.505,0.0,0.0,-0.00012038924213187678,29.422320590737613,0.1270607536768654,0.008637031418715841,4,-3.2781545240556653e-06,0.0,5.890727549275438e-05,19.612394633562104,0.1027949281740587,0.010482649375018064,6,-3.232981784943856e-06,0.0,0.00014560944317146108,9.803499553122363,0.05413790763106024,0.011044608578335193,8,-1.287042568222374e-06,4.170465678581493e-08,1.2945236957366418e-06,1.5476108444388932e-05,2
0.51,0.0,0.0,-0.00023606464480553494,29.389337043217587,0.10851736396307547,0.00738481196792555,4,-3.28047162423753e-06,0.0,-7.739451968689719e-05,19.57915869968061,0.09874876510614426,0.010087130567847649,8,-2.7588655744370527e-06,0.0,0.00019528771741690669,9.79524771540772,0.05390689489762096,0.011006744589588386,6,-1.5205745742610799e-06,1.522815185143014e-06,9.136669926516422e-05,5.509752275600186e-05,2
0.515,0.0,0.0,-0.0002972190089785471,29.467746591619722,0.12607530870370912,0.008556834049846447,4,-3.274880485775594e-06,0.0,-0.0002463393982081853,19.65807792197657,0.10577132792195265,0.010761105774609486,6,-3.019637958616428e-06,0.0,0.00018112238666306184,9.83028042537539,0.05791323469977257,0.011782621083784806,6,-1.6069221659212318e-06,-2.065962670626706e-06,-7.814014053091219e-05,-8.833938645619023e-05,2
0.52,0.0,0.0,-0.0004127098582804111,29.51364841132724,0.06681359942812953,0.004527640805159602,4,-3.2750932087016738e-06,0.0,-0.000289414260228961,19.704564830842003,0.06845945129302262,0.006948587992754698,4,-3.828909428064964e-06,0.0,0.00031058940857085993,9.852482808735852,0.04736477660907678,0.009614790003405049,6,-1.6305409780842384e-06,-3.0912769634036742e-06,-0.0001760168262386555,-0.00018029598577338409,2
0.525,0.0,0.0,-0.00024791019700118663,29.458225040482667,0.08258364464160264,0.005606830997326751,4,-3.282697344154928e-06,0.0,-0.0002924815799419372,19.647811915026573,0.04710550519066361,0.004794987390391039,4,-4.257752035781437e-06,0.0,7.949309275295216e-05,9.824065051819575,0.02108882106803079,0.00429329833562631,6,-1.639719674664808e-06,-7.324439763229633e-08,-3.924834432385853e-05,-3.966629953164988e-05,2
0.53,0.0,0.0,-7.422863612438778e-05,29.435379618741866,0.12036529620890578,0.008178273748660453,4,-3.281012138083017e-06,0.0,-0.00021555041912613122,19.625409453705426,0.09259127382972639,0.009435856515314074,4,-4.348577571332279e-06,0.0,-9.082404462135786e-05,9.812684035539956,0.03641443782981096,0.007421911823090145,6,-1.6406077092967486e-06,3.863474403181164e-07,-7.66134362151187e-06,-7.854900252922207e-06,2
0.535,0.0,0.0,8.811272476904259e-05,29.431095029196477,0.13282867717673225,0.009026417606613851,4,-3.279696068187593e-06,0.0,-0.0001313599860788493,19.621125315191343,0.09913452024694584,0.010104876112298464,4,-4.367244891938238e-06,0.0,-9.985732641517225e-05,9.810599214012013,0.04909632608099896,0.01000883330569187,6,-1.64191327008123e-06,1.6714476438388946e-07,-1.4956757131546058e-06,-1.6756205164531721e-06,2
0.54,0.0,0.0,0.00021043159266795108,29.437357665701747,0.11710895487410124,0.007956485510963372,4,-3.278670545166923e-06,0.0,-1.0692585914130824e-05,19.627495144322552,0.09733236631029382,0.009917961063762961,4,-4.370031829709076e-06,0.0,-0.0001019351104163741,9.81777069783995,0.04716371505888689,0.009607825749946182,5,-1.7728710448999818e-06,-2.395085244710295e-07,-1.1771975293739927e-06,-3.3149861340681516e-05,2
0.545,0.0,0.0,0.00029288820525749784,29.432803237319476,0.1067960297144604,0.007256939059005281,4,-3.2793691984028817e-06,0.0,0.00014572197800489996,19.622757218150717,0.09240042005885997,0.009417679588207018,4,-4.372465214404209e-06,0.0,-0.00011143104507572668,9.812610015987072,0.04620465363957832,0.009417403435844279,5,-1.8525563527313493e-06,-9.636092624229112e-09,-1.1991643461554852e-07,-7.522649296805655e-06,2
0.55,0.0,0.0,0.00040293559474771006,29.58193941337463,0.05828208311902939,0.0039403828332282235,4,-3.2863326100418533e-06,0.0,0.0002629086497324079,19.768494499317747,0.030935936840852434,0.0031298222372897542,6,-4.156658140817837e-06,0.0,-0.0002228879297160328,9.885608706655148,0.0433978414929643,0.008780003898747921,5,-1.8746427233110041e-06,-4.338008010952473e-06,0.00019154770937044002,0.00018672118003043605,2
0.555,0.0,0.0,0.00031753346441048923,29.72070093937613,0.1876865557547903,0.012630022161161724,4,-3.280024211207294e-06,0.0,0.00028633094434373554,19.920887372093322,0.2115000442312684,0.021233998293424778,8,-3.431120019256606e-06,0.0,-0.00010338318546678242,9.956911280969793,0.2028045650050029,0.04073644110751782,5,-1.8737102145949258e-06,-3.2373857838691815e-06,0.0001604919794592389,0.00015785059177715757,2
0.56,0.0,0.0,0.00013665763375417424,29.37964902366533,0.07867310216302117,0.005355618925171633,4,-3.276529809640577e-06,0.0,0.0002943343269025319,19.570307442268287,0.06388788873219255,0.00652906337017541,8,-2.7106617348296447e-06,0.0,0.00013722213273046182,9.784921016329118,0.04240060640663058,0.008666519910763155,5,-1.8717402252843574e-06,1.1707247281425501e-06,7.999164472806302e-05,8.062366719659569e-05,2
0.5650000000000001,0.0,0.0,3.51359115144044e-05,29.417920351144726,0.1297820076460646,0.008823329868116557,4,-3.2762838412525586e-06,0.0,0.0002094910653648104,19.607961364267734,0.1149839709946491,0.011728294324792823,8,-2.5137620843565522e-06,0.0,0.00015215091504916902,9.803982894586355,0.06218411939611748,0.012685481005980707,5,-1.8717294601872103e-06,-3.5236408673351117e-07,1.8924274057846302e-05,1.876356747987523e-05,2
0.5700000000000001,0.0,0.0,-0.00011553121024519417,29.42823429639011,0.1261307278830516,0.008572089416762851,4,-3.2779106100798427e-06,0.0,0.00011520522860675708,19.618193438513376,0.09924078110425573,0.010117219143066618,8,-2.4654314423333545e-06,0.0,0.0001521566234830098,9.809107216340394,0.05067368783502364,0.010331967368163626,5,-1.8722646148577882e-06,-2.6038579222471233e-07,5.180412876260864e-06,5.1232415663527415e-06,2
0.5750000000000001,0.0,0.0,-0.00022516650430791572,29.42915105966861,0.11668870788523086,0.007930144342161997,4,-3.278670321654742e-06,0.0,-1.969282505137298e-05,19.61912225698976,0.09906127190783427,0.010098440756955011,8,-2.445755921669235e-06,0.0,0.00015215983484577976,9.809563788735407,0.04968992648205033,0.010130914595633833,5,-1.8723718140309376e-06,-7.616282065465404e-08,2.8472493321944337e-06,2.8432097586826283e-06,2
0.58,0.0,0.0,-0.0002945226965680868,29.43854412775956,0.11480121037187878,0.007799380966236376,4,-3.279646865816249e-06,0.0,-0.00019221467384637043,19.627997199615894,0.10192560864648514,0.010385737027563846,8,-2.4405263965299184e-06,0.0,0.0001493954476843458,9.81749621545832,0.05493141628580124,0.011190514379686333,6,-1.8155618116827421e-06,-3.596593823313534e-07,-1.2634997010950175e-06,4.298950526565443e-05,2
0.585,0.0,0.0,-0.0003917129277580346,29.46918297999663,0.06912114673111051,0.004691079951421063,4,-3.2753316644602848e-06,0.0,-0.00027209085080627483,19.660008656427856,0.0670662737376155,0.006822608769878454,6,-2.8547939284334634e-06,0.0,0.0002005780765491414,9.827651332245892,0.04235815793919019,0.008620199579162354,6,-1.6775980246838684e-06,-1.7408236508326761e-06,-0.00010696827852250353,-9.472015791262594e-05,2
0.59,0.0,0.0,-0.0003107542755111119,29.445764517823427,0.030790945015425564,0.0020913666545684627,4,-3.2805264613446072e-06,0.0,-0.0003077516066003981,19.63550407317301,0.01145161334913669,0.0011664190851899184,6,-3.1365120713028327e-06,0.0,3.296651003501384e-05,9.817313355064595,0.016919257112136078,0.0034468202246814715,6,-1.6484126293056511e-06,-2.0447992785394814e-07,-2.968314447551152e-05,-2.684141637943876e-05,2
0.595,0.0,0.0,-0.0001792708853443112,29.434033823898023,0.08477607138948523,0.005760411358952371,4,-3.280064997945864e-06,0.0,-0.00030351802804249667,19.62404127572313,0.05672263021250948,0.0057809326239729175,6,-3.2183392858695092e-06,0.0,-8.757202858724776e-05,9.811893447791663,0.021073177549544454,0.00429543546547325,6,-1.6419344559259752e-06,1.58484169680276e-07,-9.340661086893194e-06,-8.880816030509546e-06,2
0.6,0.0,0.0,-3.33226248069794e-05,29.431329394082418,0.1366922584533396,0.009288894607718501,4,-3.2795133925109243e-06,0.0,-0.00021216595527467306,19.621323029698658,0.09758855231530522,0.009947193893867,6,-3.2428528905711906e-06,0.0,-0.00013303015223205424,9.810649958446295,0.04879811235534908,0.009947987658725356,6,-1.6418587614058788e-06,8.846588979510037e-08,-2.0724031838415595e-06,-2.2817108096601574e-06,2
0.605,0.0,0.0,0.0001307785150909126,29.428835492358346,0.12529681999299064,0.008515241455988016,4,-3.27908380636302e-06,0.0,-0.00013501104419464318,19.618847488236778,0.09746402125517863,0.00993575400528669,6,-3.255843425781224e-06,0.0,-0.00013095979201855474,9.809433354338672,0.048704031607277515,0.009930039758256968,6,-1.642337946423933e-06,6.211688304085546e-08,-3.692484678282043e-06,-3.7063604481730114e-06,2
0.61,0.0,0.0,0.0002364696830890691,29.501189111382573,0.11273345186770825,0.007642637823314845,4,-3.274729351222805e-06,0.0,1.4168651093020485e-05,19.69193203880865,0.09602497692893237,0.009752722763788477,4,-3.911383439268723e-06,0.0,-0.00016862615671809662,9.845706503656546,0.05046876836119805,0.010251934351781605,6,-1.6388854712293122e-06,-2.900339852320807e-06,-0.0001498581064612262,-0.00015205503994387666,2
0.615,0.0,0.0,0.0003223593251257696,29.868178979914337,0.28816271913606306,0.01929563361260463,4,-3.291872717341854e-06,0.0,0.00015931036371267322,20.06099699522827,0.22697009396212872,0.02262799740372984,8,-3.955299601177131e-06,0.0,-0.00018444355960074173,10.03257165943535,0.1185102121508282,0.023625091586437403,5,-1.7800260842942839e-06,-8.219434241498244e-06,0.00026056080741768405,0.00022337566449781828,2
0.62,0.0,0.0,0.0003549667719487878,29.352982236295624,0.0712357700190218,0.004853733051419707,4,-3.2789100816443817e-06,0.0,0.00021060684900239612,19.544337433732785,0.07839385239439634,0.008022155026764071,8,-2.84586036283091e-06,0.0,-0.00014086179342207836,9.772860680848478,0.06396963511478505,0.013091281499621505,5,-1.8509359628465782e-06,2.9662014472160907e-06,0.00012170788158402807,0.00011584312074958783,2
0.625,0.0,0.0,0.0002619656314700202,29.413717676253363,0.03952066283739379,0.0026872266384266067,4,-3.275763731203779e-06,0.0,0.00025277584311066473,19.60387446028567,0.03356236964219756,0.003424054740830909,8,-2.553427560184063e-06,0.0,2.7091294415703977e-05,9.80221658010512,0.02768491675360904,0.005648705377475375,5,-1.8679948292563142e-06,-3.117640483054159e-07,2.8662965828586905e-05,2.6799774038721382e-05,2
0.63,0.0,0.0,0.0001545531271833891,29.426302845757245,0.07337906130665084,0.004987310957226202,4,-3.277606204232092e-06,0.0,0.00025628163786614653,19.616256567487213,0.04933734061407775,0.005030250337962186,8,-2.4748364165702585e-06,0.0,0.00010121446774701622,9.808209847264962,0.020450521004424613,0.004170082272480596,5,-1.8720615153414166e-06,-2.9728984347516547e-07,8.676780567399785e-06,8.430156599187359e-06,2
0.635,0.0,0.0,3.0414517342113292e-05,29.417493015018497,0.12341675100171375,0.008390704873369452,4,-3.278797878227685e-06,0.0,0.00016564587321637878,19.607526199797288,0.09971050938503427,0.010170636353510534,8,-2.448988408391972e-06,0.0,0.00015242840374306288,9.798662799932028,0.050907872948792295,0.01039077963763493,7,-1.6471759272593256e-06,3.3173452235062687e-07,3.2779135808598787e-06,3.819194992764867e-05,2
0.64,0.0,0.0,-0.0001222559309526631,29.426257339756546,0.12788298646334068,0.008691760218555793,4,-3.2771595003255882e-06,0.0,7.336844105400845e-05,19.6170770961628,0.10340642328631534,0.010542490380133355,8,-2.442183656033159e-06,0.0,0.00015287828703024228,9.808485982774942,0.054451514404800366,0.011102939740225914,5,-1.673572814768487e-06,3.687445052862618e-08,6.984109091832643e-07,-5.2753471160056094e-05,2
0.645,0.0,0.0,-0.0002289028373195364,29.435053888203456,0.11590996428679451,0.007875641385066204,4,-3.279100525475226e-06,0.0,-6.452714908502169e-05,19.62493160518792,0.09856423192366441,0.010044797496018646,8,-2.4384996707219053e-06,0.0,0.00015268942369109343,9.814899223232707,0.049138274692544316,0.010012996277379968,5,-1.826897535070482e-06,-1.8500869054877962e-07,6.979833047576186e-07,-1.4234120500598208e-05,2
0.65,0.0,0.0,-0.00033376862366116055,29.33215015216119,0.1271677998411952,0.00867088155362013,4,-3.274778577155163e-06,0.0,-0.0002109817486677117,19.524624820703284,0.10484343475348906,0.010739610693293983,6,-2.587285037290721e-06,0.0,0.00021540796939563915,9.75796189875919,0.06067516127631172,0.012436031602875411,6,-1.7129472029073223e-06,3.057807410567873e-06,-0.00012663274528393548,-0.0001003805139486513,2
0.655,0.0,0.0,-0.00034754894548597536,29.458441328156187,0.017748397623896347,0.0012049787309644617,4,-3.279675297264417e-06,0.0,-0.000258061423486159,19.647970344514192,0.029108063998242548,0.002962958869323585,6,-3.0409159596164748e-06,0.0,0.00012614724473584038,9.823225754999033,0.033828800146424545,0.006887513529699568,6,-1.6559586405798243e-06,-9.172820954014917e-07,-5.014706365916825e-05,-4.495237690373718e-05,2
0.66,0.0,0.0,-0.00025968599944061903,29.436319516124453,0.03218731861297461,0.002186911892659898,4,-3.280404826767197e-06,0.0,-0.00029000486061111754,19.62627311893763,0.012676333185087667,0.0012917718110073706,6,-3.1690276096757453e-06,0.0,-2.8713822947495828e-05,9.812916266175154,0.007973115352841086,0.0016250246382564558,6,-1.642977040187954e-06,1.5422050985685385e-07,-1.3691895910451876e-05,-1.2512472542075964e-05,2
0.665,0.0,0.0,-0.00014452277068979793,29.432035092907626,0.08730159957388428,0.005932420187615348,4,-3.2796356385124403e-06,0.0,-0.00027365962094118995,19.622059304973902,0.06190843061197542,0.0063100849558927335,6,-3.2105985612387866e-06,0.0,-0.00010780153826723632,9.810971863316917,0.024749451842717676,0.0050452599778122945,6,-1.6408719361038493e-06,1.1169107506341697e-07,-5.099949897725928e-06,-5.074354861120708e-06,2
0.67,0.0,0.0,-1.6006839366150947e-06,29.430525185964697,0.13643366353731512,0.009271575187681652,4,-3.279313793881633e-06,0.0,-0.0001802821844922432,19.620514063419627,0.09772006875501726,0.009961010036654033,6,-3.2227551363603335e-06,0.0,-0.0001338890244091765,9.810276126651914,0.04874575066859653,0.009937691873150701,6,-1.6417968906196068e-06,5.7171553248073183e-08,-8.301569290229266e-07,-1.086451329502776e-06,2
0.675,0.0,0.0,0.0001532121079023015,29.429339230027512,0.1231350793336618,0.00836818512105932,4,-3.279041435530483e-06,0.0,-9.387844895157043e-05,19.619347040685884,0.0974020498769993,0.009929183644594337,6,-3.230584457052099e-06,0.0,-0.00013185241190694178,9.80968252406347,0.04871723800010091,0.009932480053375008,6,-1.6423376532626044e-06,3.360473936635852e-08,-2.374609413781023e-06,-2.4029411838199803e-06,2
0.68,0.0,0.0,0.0002518149016495739,29.43128502852975,0.11322434404546208,0.007694148857972461,4,-3.2790637944472845e-06,0.0,5.199259110026921e-05,19.621283257767757,0.09645587478115399,0.009831760085617093,6,-3.2410254604750555e-06,0.0,-0.00013842501086427247,9.810642135705933,0.04848287813036786,0.009883731861732869,6,-1.6424109380505647e-06,-2.3274358738009122e-08,-1.146581970908819e-06,-1.1590080172807232e-06,2
0.685,0.0,0.0,0.0003594329194406763,29.42732872145818,0.09850804893602752,0.006695004488409185,4,-3.283712438854197e-06,0.0,0.00015424754478478623,19.61461485420761,0.0911325245364117,0.009292308333738453,8,-2.973373744830088e-06,0.0,-0.000179012546381965,9.80953946647167,0.06102506673404152,0.012441984038623014,5,-1.724429097356428e-06,-4.121883370884142e-08,0.0001365347900204966,9.34052572711275e-05,2
0.6900000000000001,0.0,0.0,0.00032755887244495036,29.408604556130765,0.028183382857660106,0.0019166759717461508,4,-3.2777857669266663e-06,0.0,0.00021809522834289864,19.598977330666195,0.03372425816785998,0.003441430396992418,8,-2.5828551930076604e-06,0.0,-4.4385054997219536e-05,9.801205109401849,0.03214041363733725,0.006558461592953793,5,-1.838548862667655e-06,4.965479600818535e-07,4.024535443551998e-05,2.9261936238435892e-05,2
0.6950000000000001,0.0,0.0,0.00024552790422776823,29.42534871100947,0.03690010763862695,0.002508048961528249,4,-3.2778429843276224e-06,0.0,0.0002575375445981803,19.615363394515693,0.021857573214770006,0.0022286177191987396,8,-2.4807066802967626e-06,0.0,7.821839936119636e-05,9.808095539992816,0.010760767839478425,0.002194262442815949,5,-1.865431329503564e-06,-1.7468332195309185e-07,1.0652584090382903e-05,8.124626482232577e-06,2
0.7000000000000001,0.0,0.0,0.000136830954952237,29.428786205269773,0.0870646550365395,0.005916972207365382,4,-3.2785621286550437e-06,0.0,0.0002522056099655877,19.618766978045443,0.06197034796585528,0.006317455937491255,8,-2.4489848064399022e-06,0.0,0.00012414269222027382,9.8094822978957,0.028348079766412113,0.005779730041919389,5,-1.871194498355433e-06,-1.0056826534560964e-07,3.899913162629901e-06,3.445834253198021e-06,2
0.705,0.0,0.0,3.5930569055975273e-06,29.42919285379558,0.13202152444147272,0.008972147153158872,4,-3.278821968086265e-06,0.0,0.00015624432709384825,19.619189954463767,0.09905039876581993,0.01009729749247715,8,-2.4379047463760073e-06,0.0,0.0001417513726550829,9.80960907643972,0.05035170029170541,0.010265791409086397,5,-1.872146570124078e-06,-2.8613348695701794e-08,9.128816735562566e-07,8.332966003921298e-07,2
0.71,0.0,0.0,-0.00014692219048866904,29.430274239121918,0.12264960857999604,0.008334928012118681,4,-3.2789644805499008e-06,0.0,6.198400132769687e-05,19.620265863962686,0.09849101009888289,0.01003972227305902,8,-2.434091455325027e-06,0.0,0.00014175447545818065,9.810134465278718,0.04958209440530834,0.010108341446449206,5,-1.8723651672228336e-06,-2.0676884359312958e-08,9.593018927501334e-07,9.302501173180872e-07,2
0.715,0.0,0.0,-0.0002706833548295981,29.273270027379432,0.1411716386503049,0.009645088404422627,4,-3.275300273466314e-06,0.0,-7.457870409748941e-05,19.463955134153423,0.12510831977584913,0.012855385137661095,6,-2.5290810896361204e-06,0.0,0.0002039699701301029,9.727961356571635,0.08866660230930591,0.018229225848930414,6,-1.7110379274681842e-06,4.047557962175978e-06,-0.00011198446111194532,-8.537951833409373e-05,2
0.72,0.0,0.0,-0.0003132512253623418,29.460159279897226,0.05596680817461795,0.0037994912140755536,4,-3.2792878230589184e-06,0.0,-0.00015611828838648625,19.649668516926546,0.0588900860604977,0.005994003004149288,6,-2.9898175478645928e-06,0.0,0.00015772007314628788,9.824126597719285,0.047621283357532664,0.009694761744741391,6,-1.6550066597245672e-06,-1.0814771296940386e-06,-5.164794758181449e-05,-4.6663761247286436e-05,2
0.725,0.0,0.0,-0.00028138850421465585,29.43664124106688,0.033247676214860494,0.0022589313734935807,4,-3.2803844348117117e-06,0.0,-0.0002218684717762799,19.62657991283989,0.03618234246172634,0.003687075651734464,6,-3.1184463816710806e-06,0.0,-3.653236500955376e-06,9.813074728867345,0.030396399173820733,0.006195081564884644,6,-1.6420093807770209e-06,1.3358393771683337e-07,-1.3261058309971632e-05,-1.1987629837838514e-05,2
0.73,0.0,0.0,-0.0002493068962805518,29.431105565137635,0.014964542139041814,0.001016920149732189,4,-3.27960264010288e-06,0.0,-0.000257142152275116,19.62112565448746,0.011319614801485457,0.0011538191030234391,6,-3.158450801482582e-06,0.0,-7.81844133389848e-05,9.810504209146117,0.009028519580856284,0.0018405821736336841,6,-1.6394735638594615e-06,1.2904122763051401e-07,-5.376483986761529e-06,-5.27276519900454e-06,2
0.735,0.0,0.0,-0.00016330087435198942,29.430727700152772,0.07157752569523364,0.004864135635685426,4,-3.279228404401424e-06,0.0,-0.0002589029535542029,19.62074236003165,0.04903941208552094,0.0049987315653679315,6,-3.1801596179145686e-06,0.0,-0.00011564665411685314,9.810356141877906,0.02090920834803275,0.004262680792754644,6,-1.6399399791061642e-06,3.626395381322348e-08,-3.4764525996828023e-06,-3.6713372924170804e-06,2
0.74,0.0,0.0,-3.5427599944018806e-05,29.430938845559297,0.13077042621704496,0.008886595626681908,4,-3.279189413903094e-06,0.0,-0.00017131281473685,19.62092256635589,0.09724020324025924,0.009911888996187935,6,-3.189252879377824e-06,0.0,-0.00014349957342723132,9.810457494741447,0.049315861666917996,0.010053733313324488,6,-1.6412982422331357e-06,7.037357413300726e-09,-3.2284174026712376e-07,-6.591044838419812e-07,2
0.745,0.0,0.0,0.00012861989086376946,29.42935573186962,0.12760337353084636,0.008671842815278637,4,-3.279042335414817e-06,0.0,-9.389306694301861e-05,19.619356485503605,0.09837213490040549,0.01002806947038155,6,-3.1915829714970756e-06,0.0,-0.00014159681018348767,9.80969626871445,0.04897867688760407,0.009985768273745477,6,-1.6422396512741355e-06,2.925147514525642e-08,-1.0777873326099167e-06,-1.1468530608562611e-06,2
0.75,0.0,0.0,0.00023665099510899627,29.430853926393613,0.11462853086152805,0.007789684332518065,4,-3.2790382963783504e-06,0.0,4.147472324136659e-05,19.620851709884295,0.0967969851526316,0.009866746518844408,6,-3.1976487480725457e-06,0.0,-0.00014493425907732707,9.81042875471684,0.04861516775320693,0.009910916019818772,6,-1.6423870367321403e-06,-1.740344060503182e-08,-6.825195614169968e-07,-6.974495262161919e-07,2
0.755,0.0,0.0,0.00030949940678317087,29.43157012304473,0.10665850758680186,0.007247897896095522,4,-3.2791382102471955e-06,0.0,0.0001941369204999216,19.621561267721603,0.09353105694547857,0.00953349793824425,6,-3.192235667554e-06,0.0,-0.0001373391922534929,9.81078533176569,0.04836069351054794,0.009858679376861721,6,-1.6424358164554564e-06,-1.6199067756469587e-08,2.7272687711915243e-06,2.7271011421754542e-06,2
0.76,0.0,0.0,0.00038493767548716167,29.385592053258964,0.030893505245002506,0.0021026294239034266,4,-3.283504402634002e-06,0.0,0.0002498171480617067,19.574138925640852,0.03726805391710769,0.0038078869327211077,8,-2.7611997103910157e-06,0.0,-0.00014237620033001207,9.785928455272122,0.03278983868499449,0.006701426202912637,8,-1.5122571915132665e-06,1.7923920834164634e-06,0.00010146726779678722,0.00017553577889782424,2
0.765,0.0,0.0,0.00029071045175659477,29.407239654501005,0.037132100976709076,0.002525371399217724,4,-3.2768420232184847e-06,0.0,0.00029600292139695495,19.597604768651927,0.018945399870573892,0.0019334403458200879,8,-2.501350377083489e-06,0.0,1.367783885610613e-05,9.79555738864363,0.013104970594148311,0.0026756967621549364,8,-1.2980073674298542e-06,2.777832908638561e-07,2.627118322324614e-05,4.819013536104032e-05,2
0.77,0.0,0.0,0.0001626740733906292,29.424932987630033,0.08950167586270881,0.006083390293553734,4,-3.2775707150718703e-06,0.0,0.00029230912641732836,19.614926623570362,0.061603781599691,0.006281316548557929,8,-2.432717492215075e-06,0.0,0.00010503943111599611,9.806689237871916,0.0251809122007685,0.005135456338011347,8,-1.2416147573482417e-06,-2.450989367587891e-07,7.352092681405983e-06,1.3268231369359053e-05,2
0.775,0.0,0.0,2.099925183548853e-05,29.42827182435169,0.13352474987672242,0.009074589950350508,4,-3.2784364719581904e-06,0.0,0.0001975804037581525,19.618250287252707,0.09916775262510863,0.010109744872563336,8,-2.411586504470764e-06,0.0,0.00013611375076528129,9.808873343737801,0.05083436933529504,0.010364976191225634,8,-1.22527542224804e-06,-1.1405173221041559e-07,2.0762413773537012e-06,3.9008458411255885e-06,2
0.78,0.0,0.0,-0.00013455633278682506,29.42957288507164,0.12350032283128291,0.008392940211098295,4,-3.278805636993537e-06,0.0,0.00010836797942611565,19.619559050861877,0.09873417165480759,0.010064871631298997,8,-2.403995423699845e-06,0.0,0.00013612824566943362,9.809540333288227,0.049903096866818146,0.010174400669412463,8,-1.2233178624393437e-06,-4.501722056633177e-08,1.3593864296715576e-06,6.044473924189275e-07,2
0.785,0.0,0.0,-0.00023410914089544102,29.429242616102204,0.11687489437096957,0.007942772832829988,4,-3.278903161624269e-06,0.0,-3.6563037207761864e-05,19.61923609303059,0.10018648186385466,0.010213086930478833,8,-2.397992139628602e-06,0.0,0.00013613919197768084,9.809468620239604,0.05043048314435577,0.010282001012838545,8,-1.2326231649747998e-06,-4.8275225123600035e-09,8.297219337019736e-07,-1.8006754544279802e-06,2
0.79,0.0,0.0,-0.0003417948784661235,29.41867521856522,0.10012028538449205,0.006806580149558143,4,-3.2733748626077863e-06,0.0,-0.0001774182278304762,19.61186818683054,0.0800046469823081,0.008158799174066608,6,-2.5969304630196755e-06,0.0,0.00021068199097039835,9.811611069714166,0.040091036611973746,0.008172161804440886,6,-1.4830607534405127e-06,4.573507824483986e-07,-0.000124928085943291,-0.00017283007072961998,2
0.795,0.0,0.0,-0.0003392853609297199,29.458926849264106,0.01888821481631256,0.0012823423550328273,4,-3.2807038127247168e-06,0.0,-0.00023425336144203718,19.64842985510641,0.030742703645220477,0.0031292784076821065,6,-2.976721679710803e-06,0.0,0.00010262490064702273,9.826152379678316,0.03368286528923356,0.006855758793013192,6,-1.6053753513212143e-06,-6.689914324517568e-07,-3.9680018803408035e-05,-5.094810499586198e-05,2
0.8,0.0,0.0,-0.00025921901410594014,29.43596064808017,0.02596505137119715,0.001764172175769681,4,-3.2806250267955472e-06,0.0,-0.00027071769503122665,19.625941246103086,0.007299226936253155,0.000743834585533826,6,-3.076128778485565e-06,0.0,-3.8744075394491384e-05,9.813343987702265,0.006534683769020433,0.0013317955178600623,6,-1.631744462590734e-06,2.3797122773144028e-07,-1.0274256029308467e-05,-1.2736835648666326e-05,2
0.805,0.0,0.0,-0.00014987454513124576,29.431678582672664,0.08169575885544995,0.0055515528022616265,4,-3.279657074924114e-06,0.0,-0.0002639482420572723,19.62170804972387,0.057136551013241485,0.005823810125851459,6,-3.1076924867715072e-06,0.0,-0.00010689982427106111,9.810928851464784,0.02326859588677225,0.004743403247348638,6,-1.6383122428548225e-06,1.3070365400485204e-07,-3.886024501966886e-06,-4.6519776908919645e-06,2
0.81,0.0,0.0,-1.3425932484807328e-05,29.430638531708315,0.13466369257908034,0.009151258640480725,4,-3.27930361010767e-06,0.0,-0.0001699607869096389,19.620631934322834,0.09738690719935732,0.009926989867130233,6,-3.11677683681455e-06,0.0,-0.00013559325409725557,9.810352057286845,0.04888574463770532,0.009966155006923407,6,-1.6410917262968394e-06,5.2735828435726845e-08,-3.9057863924145334e-07,-8.401508325574874e-07,2
0.8150000000000001,0.0,0.0,0.00014492495934972368,29.429586221075983,0.1247953516266847,0.008480945038725185,4,-3.279067060608931e-06,0.0,-8.70117535587555e-05,19.61959043814932,0.09783662750681626,0.009973360842087489,6,-3.1203624977840794e-06,0.0,-0.00013359640374536788,9.809814005965556,0.04884070941258525,0.009957519965798368,6,-1.6421766195900966e-06,3.110262123056402e-08,-1.1910586897917874e-06,-1.2710297294457968e-06,2
0.8200000000000001,0.0,0.0,0.0002469186414778441,29.43082232695832,0.11356229076217118,0.007717235318847977,4,-3.279055379518808e-06,0.0,5.512738037772701e-05,19.62081981998427,0.09633369476301906,0.009819538189214796,6,-3.1254205870925866e-06,0.0,-0.00013931097948065548,9.810412615378187,0.048407686810946655,0.009868634217293941,6,-1.6423397818932095e-06,-1.2036819126267909e-08,-4.0683408474310925e-07,-4.2024181933906516e-07,2
0.8250000000000001,0.0,0.0,0.00034561107246496167,29.61835136185079,0.1080855206487089,0.007298550775376773,4,-3.2841122312339543e-06,0.0,0.00018190701708400503,19.80738862416418,0.09309917210777822,0.009400448880394173,8,-3.02245647681304e-06,0.0,-0.00017007454434328262,9.924482715800115,0.05924311121677458,0.011938780672660656,8,-1.5868817900416277e-06,-4.756749752987185e-06,0.00011281426639625755,0.00017870019543192296,2
0.8300000000000001,0.0,0.0,0.00034943261151162915,29.389106686207256,0.015103154336897238,0.0010278062887828687,4,-3.278218797683752e-06,0.0,0.0002374182121727641,19.579767445873852,0.026568609763219973,0.0027138840986407034,8,-2.5619303690785356e-06,0.0,-9.128414622622857e-05,9.785570976203477,0.02850058370420691,0.005825022121553162,8,-1.3217736118398271e-06,1.344149285609267e-06,5.133156406202251e-05,8.085466071360404e-05,2
0.835,0.0,0.0,0.0002556699842115438,29.420738173929728,0.04254362564928056,0.0028920841753032065,4,-3.277083120978297e-06,0.0,0.0002758422104111875,19.61080836472513,0.022974796593568856,0.0023430749172884363,8,-2.4366410070406075e-06,0.0,4.0317823535051785e-05,9.80435720630728,0.008797058059281548,0.0017945201045148126,8,-1.246296298648697e-06,-2.1238548623609685e-07,1.2458952206840407e-05,2.0253935108005322e-05,2
0.84,0.0,0.0,0.0001309826789505623,29.42779170804709,0.09484616453982889,0.006446026632293514,4,-3.278196479276213e-06,0.0,0.0002616837482348326,19.61776263445948,0.06786709234231568,0.00691894316460982,8,-2.4014346972703327e-06,0.0,0.00010990736549275365,9.808607623589868,0.02918417912845088,0.005950728227370913,8,-1.2246398212456544e-06,-1.7362441229535619e-07,4.001808481845896e-06,6.536568921638114e-06,2
0.845,0.0,0.0,-1.036951187464179e-05,29.429020060155946,0.13273841400248917,0.009020919740525386,4,-3.27870360745941e-06,0.0,0.0001631414053218881,19.61900703139073,0.09881259592676311,0.010073149550195008,8,-2.3899491633436187e-06,0.0,0.0001302320570684039,9.809356170126161,0.050568756563253506,0.010310311030862105,8,-1.2170742111974886e-06,-5.95400884141978e-08,1.0540943161204167e-06,1.9212575048397287e-06,2
0.85,0.0,0.0,-0.00015613710430445465,29.42961491897283,0.12168452805281096,0.0082695290704849,4,-3.2788891612227367e-06,0.0,6.420811042760083e-05,19.61960649406218,0.098620691188935,0.010053279225430162,8,-2.3861237426481274e-06,0.0,0.00013024274073331676,9.80962198732577,0.049708285976480644,0.010134597651307004,8,-1.217734926117764e-06,-2.099599959665967e-08,6.6820557985842e-07,-3.1131678789831444e-07,2
0.855,0.0,0.0,-0.0002486049866797393,29.429335857715394,0.11520364434490936,0.007829170518960711,4,-3.2789267580927983e-06,0.0,-8.779185247877804e-05,19.619331782204192,0.09980301894743496,0.010173946804647217,8,-2.38398732355094e-06,0.0,0.0001302514409557145,9.809548351506756,0.05015759281047512,0.010226279745646162,8,-1.2268914241636564e-06,-1.8478186975814013e-10,5.7460114734123855e-08,-2.37355414529828e-06,2
0.86,0.0,0.0,-0.00034217743806777627,29.45510495675443,0.057539678265252706,0.003906940976766618,4,-3.27599820647978e-06,0.0,-0.00016796895564094935,19.64592388647369,0.059361751163703534,0.006043162083568325,6,-2.8181728761386693e-06,0.0,0.00015467333469988638,9.817266155734275,0.050550246448419045,0.01029823285760519,6,-1.3325594941659968e-06,-1.1440391880723295e-06,-7.648157687797469e-05,-0.0001526215011070138,2
0.865,0.0,0.0,-0.0003010874057919208,29.44984051955405,0.027774743069279705,0.0018862406437031725,4,-3.28099304747545e-06,0.0,-0.00024025012494887363,19.63953622684654,0.03378744517575937,0.003440757947183411,6,-3.0120594583862847e-06,0.0,-1.2709605268989188e-05,9.823539705869914,0.029770773529419103,0.0060611092174096895,6,-1.5673636786228684e-06,-2.2178756243813335e-07,-1.9393507542583684e-05,-4.271703573022845e-05,2
0.87,0.0,0.0,-0.0002565137965541163,29.43381101247517,0.022581614668169447,0.0015343996507009234,4,-3.2802909940739255e-06,0.0,-0.00027601279440293424,19.623819016218437,0.014210396553063668,0.0014482804332142734,6,-3.063160129046505e-06,0.0,-9.156654147283289e-05,9.812734109592379,0.009777378646594387,0.0019927939629051134,6,-1.6233586619882057e-06,2.2669023922721457e-07,-5.80566289144153e-06,-1.1066325161763982e-05,2
0.875,0.0,0.0,-0.00015793527061621848,29.43130171576337,0.08414912352817129,0.005718341943611764,4,-3.2794938108725302e-06,0.0,-0.0002690202047672428,19.621328063063853,0.060059507377740365,0.0061218595586095235,6,-3.084169401881831e-06,0.0,-0.00013134066203373114,9.810840302109474,0.025578765820693485,0.005214388377149239,6,-1.6365927832800997e-06,9.646926809741265e-08,-2.9449272862726663e-06,-4.317755866728004e-06,2
0.88,0.0,0.0,-1.4140452617452358e-05,29.43035182880473,0.1380483743252382,0.00938136078890667,4,-3.279241387293963e-06,0.0,-0.0001802777223902711,19.620342900054027,0.09796809140452434,0.009986379127375452,6,-3.0909889255151257e-06,0.0,-0.00015151385484100363,9.81023912827493,0.04873193676055896,0.009934913129712501,6,-1.6408144881199793e-06,4.379603422682e-08,-3.7965756063380314e-07,-9.373555182528047e-07,2
0.885,0.0,0.0,0.00014513730483388772,29.42962781068845,0.12421077780049758,0.00844120616132195,4,-3.2790460286966083e-06,0.0,-9.830916885276042e-05,19.619630827743727,0.09769505742908585,0.00995890883848204,6,-3.09551609774944e-06,0.0,-0.00014950363553970614,9.809836534392492,0.048816316002267206,0.009952523843006182,6,-1.6421081658959946e-06,2.3761648068767913e-08,-1.4123615621863343e-06,-1.513393888258332e-06,2
0.89,0.0,0.0,0.0002453411671998011,29.424432701529273,0.11630923297284598,0.007905622796717577,4,-3.2804395093816163e-06,0.0,4.2843555422354576e-05,19.61373409819911,0.09896767824310493,0.010091671249096002,6,-3.1024574935131777e-06,0.0,-0.0001484604608889171,9.802167888607041,0.05046050047413839,0.010295783758771998,8,-1.4763454045385593e-06,1.957854803081221e-07,-9.287429737953869e-08,6.841834346661612e-05,2
0.895,0.0,0.0,0.00031385311623761774,29.425400821071335,0.10294601253377589,0.006997084808445969,4,-3.2787002496696693e-06,0.0,0.000190933649199363,19.61549828687338,0.0909567346468618,0.009273966260416613,6,-3.0980606401387334e-06,0.0,-0.00012189729482295543,9.805053842046584,0.049317842428970464,0.010059678044292406,8,-1.2841820075798482e-06,1.0499910321297993e-07,1.9847449710577643e-06,2.2543306767999862e-05,2
0.9,0.0,0.0,0.0003940689651531832,29.384882335608157,0.042055463096940894,0.0028623877146500406,4,-3.2817280791880288e-06,0.0,0.00026463229260566756,19.57424299459873,0.043780829828637076,0.004473310139321133,8,-2.708196214389058e-06,0.0,-0.0001556511174981858,9.786563660048968,0.03068472443938065,0.006270786254554873,8,-1.2283575148985815e-06,1.7523124417576005e-06,9.7367448884276e-05,0.00010510227326383133,2
0.905,0.0,0.0,0.0003015963989750071,29.414302173359637,0.04195005033890463,0.002852357339070144,4,-3.2771781538556977e-06,0.0,0.0003042577380226074,19.604538681195585,0.021084255118286512,0.0021509565168712948,8,-2.46246137593914e-06,0.0,-1.57477925047389e-06,9.801974648105203,0.014750521462217574,0.0030097040630622245,8,-1.2050854240538977e-06,9.103007228188667e-08,2.4338556459084604e-05,2.709677018540342e-05,2
0.91,0.0,0.0,0.00016139988374711965,29.426530164101724,0.09534064099304747,0.006479910506700262,4,-3.277951107435312e-06,0.0,0.0002974422246939389,19.616516941035467,0.0660128845637364,0.0067303369667675444,8,-2.3992097184580286e-06,0.0,0.00010569916857867273,9.80816982487981,0.02700088997449305,0.0055057957716028675,8,-1.1962633677045642e-06,-1.9398887845673804e-07,6.675424857867807e-06,7.902774397823453e-06,2
0.915,0.0,0.0,1.4368715087337665e-05,29.4287986090428,0.1342340155144015,0.009122629659313,4,-3.2786012047272828e-06,0.0,0.00020191152023647167,19.61878125723673,0.09863858511818906,0.010055526265863686,8,-2.380302119055211e-06,0.0,0.00013797915891454503,9.809316941818418,0.05031959061081817,0.01025955036610125,8,-1.1920350812821834e-06,-8.293960588096859e-08,1.916957308258295e-06,2.495032096518645e-06,2
0.92,0.0,0.0,-0.0001387725087008043,29.42965307583507,0.1228543263792069,0.008349016283857156,4,-3.278859941259482e-06,0.0,0.00011032426805980791,19.619643048106173,0.09852620203481961,0.01004362839764611,8,-2.3738013967475324e-06,0.0,0.00013798643340884906,9.809695184936249,0.049644411795293886,0.010121499365551696,8,-1.1922877029904577e-06,-3.0778018714047383e-08,1.0237289477664127e-06,4.007021699218955e-07,2
0.925,0.0,0.0,-0.00023638436788708776,29.429470072211856,0.11644868186489736,0.00791374643030705,4,-3.278928548029053e-06,0.0,-3.652930590932339e-05,19.619465149796856,0.1000058447082931,0.010194553617515775,8,-2.36986946777068e-06,0.0,0.00013799295498623677,9.809646563186728,0.05026676617569498,0.010248435731483783,8,-1.1984324939789959e-06,-4.056759679246444e-09,4.588489688262436e-07,-1.2033538231304603e-06,2
0.93,0.0,0.0,-0.0003406152813838367,29.37493891031416,0.112196210182379,0.007638906792278267,4,-3.2743666792990622e-06,0.0,-0.00018138641923175208,19.567941407306073,0.09534652838484106,0.00974517721616251,6,-2.5210124461327865e-06,0.0,0.00020441344715267271,9.783086666865866,0.055536026124089415,0.01135347728487027,8,-1.206284246803302e-06,1.9360205948811194e-06,-0.00011746050842109285,-0.00011876246564160402,2
0.935,0.0,0.0,-0.00034327054762933306,29.456114537798562,0.02000090364671537,0.0013580137068689006,4,-3.2799361324997722e-06,0.0,-0.00023357871262591522,19.645667354414964,0.032012869616098484,0.0032590259255208497,6,-2.908673208866508e-06,0.0,9.413861581901862e-05,9.823000522557493,0.03578021891005355,0.007284987683323038,8,-1.2211238284640102e-06,-7.655005450750231e-07,-4.138899357062237e-05,-4.4039400686230854e-05,2
0.9400000000000001,0.0,0.0,-0.0002632757121900695,29.435792172506225,0.024994908558302636,0.0016982664106215911,4,-3.280365895481918e-06,0.0,-0.0002713869136386868,19.625756421312126,0.007020362217957296,0.0007154233515640396,6,-3.0111827495835075e-06,0.0,-5.155736973783262e-05,9.812939387777627,0.007112500973543048,0.0014496168156101987,8,-1.2309367294557894e-06,1.6510848620847936e-07,-1.0338286752520087e-05,-1.1907863084007983e-05,2
0.9450000000000001,0.0,0.0,-0.00015549108645580566,29.431584452638038,0.08076051939899972,0.005488017101421186,4,-3.2795900364868125e-06,0.0,-0.0002683186375170599,19.62160770364906,0.05643598843243088,0.005752432653307546,6,-3.0413601756693054e-06,0.0,-0.00011570229434469177,9.810845913887576,0.023522202963626507,0.004795142675787019,8,-1.237519699708034e-06,1.122959360860186e-07,-3.569570695378398e-06,-4.6993793060193195e-06,2
0.9500000000000001,0.0,0.0,-1.9425372966518944e-05,29.430755772701012,0.13447901899922401,0.009138672485194028,4,-3.2792820311156046e-06,0.0,-0.00017327556052163827,19.62075147815745,0.09722892550211434,0.009910825852960136,6,-3.049747519211221e-06,0.0,-0.00014746863585325359,9.810457664178145,0.049364928803191384,0.010063736166650458,8,-1.241829889600532e-06,4.449256969345824e-08,-3.7478166534094964e-07,-9.888674436731533e-07,2
0.9550000000000001,0.0,0.0,0.00014073143303268602,29.430152630176835,0.12445553588889527,0.008457688782849337,4,-3.2791032879529725e-06,0.0,-9.255948791089266e-05,19.62015355998887,0.09731028009578904,0.00991942084431313,6,-3.052219937307865e-06,0.0,-0.0001445882721448266,9.810300681712102,0.04873858307601349,0.009936205761128128,8,-1.2399292060871758e-06,2.2189226426986143e-08,-7.859323952483333e-07,5.921715907885642e-07,2
0.96,0.0,0.0,0.00024347236424992463,29.430695878610212,0.11323120633571032,0.007694769216653492,4,-3.2790738531129904e-06,0.0,4.441121555824663e-05,19.620692422160555,0.09616397788473927,0.00980230216300899,6,-3.0559906701657646e-06,0.0,-0.00014067729780656423,9.810416612727984,0.04898918524415771,0.009987177339767487,8,-1.228505679837233e-06,-3.768130657230282e-09,-3.849089628499935e-07,2.3988606936275515e-06,2
0.965,0.0,0.0,0.00035622754537597347,29.40689005284895,0.07879621267794097,0.005359030658211827,4,-3.283590025462274e-06,0.0,0.00015219275727154348,19.594599518546183,0.06860638409639785,0.007002580892910037,8,-2.7824952469196473e-06,0.0,-0.0002061261640321055,9.797865552797228,0.03986801201139557,0.00813810146639816,8,-1.2165269435565618e-06,7.537788101999376e-07,0.00011387742964673935,0.00011710054383973628,2
0.97,0.0,0.0,0.00032177191850000456,29.38643495197387,0.04709783585403539,0.003205413377363208,4,-3.2769335298193925e-06,0.0,0.00020579822610015822,19.57688088710991,0.049964873387278015,0.005104477436972772,8,-2.4757032833847004e-06,0.0,-5.0736269611339016e-05,9.776691028302519,0.05303917272505968,0.010850127629382315,7,-1.234284268174235e-06,9.683925781836447e-07,3.194555719617335e-05,-4.2583864724881745e-06,2
0.975,0.0,0.0,0.00024061441819765036,29.4311090021343,0.028239439899445523,0.0019190197622113148,4,-3.277968649479518e-06,0.0,0.0002492822040191464,19.621031138804707,0.012760961325530252,0.0013007431908400341,8,-2.4007527291355912e-06,0.0,7.1351279992034e-05,9.812906096723866,0.0025878366221916177,0.0005274353176691647,7,-1.3702589330283343e-06,-3.604157709746279e-07,7.182664085150039e-06,-6.375146028325077e-06,2
0.98,0.0,0.0,0.00013849524875815883,29.430172476477342,0.08155585365040925,0.005542329302731366,4,-3.2788433639990844e-06,0.0,0.00024917291201403784,19.62014391384644,0.05739449305731901,0.005850567998822296,8,-2.3785553590269237e-06,0.0,0.00011006020640810977,9.810583408856145,0.026017864267551552,0.005304040174423242,7,-1.399247371844381e-06,-7.14027134751181e-08,2.8054091805407654e-06,7.866530709256664e-07,2
0.985,0.0,0.0,1.1825672772759573e-05,29.42942282822755,0.13066224798678697,0.008879701701894123,4,-3.278953635020565e-06,0.0,0.00015138925853354972,19.6194188145968,0.10001118934270081,0.010195122525066108,8,-2.3696585541368997e-06,0.0,0.0001341622716155284,9.809752333453893,0.05204102986885464,0.010610059887318609,7,-1.4024069447948762e-06,-1.3202469224058776e-09,9.422073592431432e-07,8.173515014272962e-07,2
0.99,0.0,0.0,-0.0001408584979963063,29.429544919355607,0.12326123453618884,0.008376700004974987,4,-3.278947502807772e-06,0.0,6.000602862863014e-05,19.619543668477736,0.0979643362980525,0.009986403145089405,8,-2.367479714819598e-06,0.0,0.00013274635530084676,9.80955235514956,0.049050872691608044,0.010000634262552993,7,-1.4058263260868786e-06,-6.921815649189136e-11,2.8796558731717565e-07,-1.2342716961611518e-06,2
0.995,0.0,0.0,-0.0002397442139408282,29.429436881888314,0.11481891600746974,0.00780299782617536,4,-3.2789409335903796e-06,0.0,-8.55874058239903e-05,19.61943518443921,0.09861490381587364,0.010052777043662114,8,-2.3667013286862715e-06,0.0,0.00013275771888315825,9.809566526056765,0.04923443660589304,0.010038045305083267,7,-1.4191043926775615e-06,1.7519296458469938e-09,-5.2773847447360856e-08,-3.5117688347077877e-06,2
1.0,0.0,0.0,-0.00035135343946427367,29.433829979603566,0.0781546215670668,0.005310530204273432,4,-3.2749252802041773e-06,0.0,-0.00020876035171337934,19.62624935820196,0.06136332775082768,0.00625318945366232,6,-2.6147497237880013e-06,0.0,0.00020278569097884167,9.808438076293838,0.029165619863862804,0.005947046744242314,8,-1.3000115813566193e-06,2.5096455746490704e-08,-0.0001137087561981562,-8.44809224471271e-05,2
1.0050000000000001,0.0,0.0,-0.00033297715832346917,29.448269847480084,0.012212243346785296,0.0008294031133262187,4,-3.2800823357645448e-06,0.0,-0.0002572947934186068,19.637947062205175,0.025579302136122722,0.002605089223949704,6,-2.9328176402651507e-06,0.0,6.626601385038139e-05,9.817918460811661,0.030878154073891204,0.006290163072170893,8,-1.2340759058815376e-06,-4.2855313971119275e-07,-3.23143702870625e-05,-2.687529372770688e-05,2
1.01,0.0,0.0,-0.0002473505444494415,29.43380934380425,0.03640251148768456,0.002473516836538673,4,-3.2800430199569908e-06,0.0,-0.000288120367227318,19.623796861106253,0.016121871203427146,0.0016430939759043456,6,-3.013722474597136e-06,0.0,-6.140587673441516e-05,9.811667624787646,0.000900183036841857,0.00018349236261686752,8,-1.2236594492884278e-06,1.4928885965042408e-07,-8.345189671905768e-06,-7.914285297945095e-06,2
1.0150000000000001,0.0,0.0,-0.00013127167960898898,29.43148116813893,0.09643042640054304,0.006552876210996398,4,-3.2794470574484813e-06,0.0,-0.00026018383332112097,19.62150098041863,0.07216815536466352,0.0073560280058782524,6,-3.0385522053408276e-06,0.0,-0.00012750250393625512,9.810731466600124,0.029531941383936847,0.006020334260391501,8,-1.2249208842449177e-06,7.557312085198299e-08,-2.8322445339499075e-06,-3.3520762520196803e-06,2
1.02,0.0,0.0,2.147298143112105e-05,29.430278177913138,0.1371502484264647,0.009320350123594369,4,-3.279213504240458e-06,0.0,-0.00017033645912902033,19.620273870392296,0.09797063171638307,0.009986673209921325,6,-3.044427258611093e-06,0.0,-0.0001448205381581035,9.810251580768792,0.048801264889241136,0.009949034331577613,8,-1.227174967970146e-06,4.2150515330567034e-08,-4.326525116258145e-07,-6.439932669296148e-07,2
1.025,0.0,0.0,0.0001683700474190277,29.430192207616855,0.12063832534466869,0.008198269620097566,4,-3.2790739984411843e-06,0.0,-7.662671060670657e-05,19.620192167781337,0.0969170412490671,0.009879316208555417,6,-3.0483478942536224e-06,0.0,-0.00014172043908181644,9.81024697927145,0.04873241985554193,0.009935003666780465,8,-1.2236902965992447e-06,1.3013379372365478e-08,-1.0072031161489752e-06,4.447444115178009e-07,2
1.03,0.0,0.0,0.0002804784751014981,29.667037620223113,0.14480288468000543,0.009761870162681678,4,-3.281512239227541e-06,0.0,6.292985308855312e-05,19.86175129546721,0.14930803576604076,0.015034730175089384,8,-2.9944674795057136e-06,0.0,-0.00018345379356574595,9.931519543847715,0.13760219540017685,0.027710199792219583,7,-1.3903349865285186e-06,-4.014073552875482e-06,8.31922392436202e-05,6.18566985827164e-05,2
1.035,0.0,0.0,0.0003317918059369671,29.399080806887827,0.04574091068130155,0.00311172386522949,4,-3.2790853581356194e-06,0.0,0.00013622796993185727,19.589533714904356,0.050554269830379084,0.005161355095646381,8,-2.5470793920331913e-06,0.0,-0.0001485104723504912,9.795343889748056,0.04292208071847503,0.008763772094494382,7,-1.4207064281401838e-06,1.17422276116668e-06,5.1589507444636654e-05,5.2062935445714654e-05,2
1.04,0.0,0.0,0.0002851734783610571,29.42257994192096,0.026172943622547035,0.001779105957003867,4,-3.2776720334040665e-06,0.0,0.00020129963327708854,19.61265270068568,0.02993169566388303,0.003052284269821041,8,-2.4225431660071517e-06,0.0,3.4163126395674558e-06,9.806295985302043,0.024927037891626157,0.005083884461367986,7,-1.4130504251558262e-06,-1.0632739932243342e-07,1.2080201922156648e-05,1.376068600018481e-05,2
1.045,0.0,0.0,0.000227819587762543,29.428417323659954,0.03163049092490363,0.0021496562711494,4,-3.2784175587018127e-06,0.0,0.00023507192993299026,19.61839967504371,0.017579021654459685,0.0017920953743053476,8,-2.3899969110660613e-06,0.0,7.523648380531526e-05,9.80916274126273,0.005361665700325031,0.0010931953810432605,7,-1.4057115859320013e-06,-1.2854273953161968e-07,3.5998600291977714e-06,4.900308238047372e-06,2
1.05,0.0,0.0,0.00012380173092870118,29.4295174632931,0.08639422828580108,0.005871263665369915,4,-3.2788237582619117e-06,0.0,0.0002306720497884344,19.619506149072027,0.06188202311853679,0.006308214146507833,8,-2.377776603182391e-06,0.0,0.00010850814305476877,9.80971412809703,0.028899798780033365,0.005892077669676107,7,-1.4002036668042672e-06,-4.810520859072857e-08,1.7226059947355104e-06,2.6622678828941903e-06,2
1.055,0.0,0.0,-4.018644507215821e-06,29.429396620938704,0.13049188960022257,0.00886813217960296,4,-3.278925517772452e-06,0.0,0.000130252564142905,19.619393456296415,0.10001698455609373,0.010195726466150815,8,-2.3723124925531525e-06,0.0,0.00013127859467072068,9.809633877826078,0.052109916736498174,0.010624232746196293,7,-1.3971967215836711e-06,-7.250163829249964e-09,5.014642341907355e-07,8.042084648304727e-07,2
1.06,0.0,0.0,-0.00015202012071851453,29.42959178519838,0.12229271767901266,0.00831086741342568,4,-3.278945192908972e-06,0.0,3.406959365883107e-05,19.619588985519023,0.09796731375236024,0.009986683597160848,8,-2.371404119988485e-06,0.0,0.00013014602949360633,9.809586956536162,0.04903398024009751,0.009997154917399656,7,-1.3996483274950067e-06,-2.8187904978572007e-09,1.1308416818090526e-07,-1.2348464766510158e-06,2
1.065,0.0,0.0,-0.0002472475313136257,29.42948303501334,0.11418789699853149,0.00776010213041649,4,-3.278944198957523e-06,0.0,-0.00011518223441507646,19.61948124722056,0.09863803434442872,0.010055111356056115,8,-2.371475391595157e-06,0.0,0.00013015641208009144,9.80960885968297,0.04925357228382069,0.010041903400705517,7,-1.411534848880236e-06,1.1522954377817952e-09,-2.2124956200441582e-07,-3.3110730774440003e-06,2
1.07,0.0,0.0,-0.00033904517644429863,29.468509403196407,0.04877982842512709,0.0033106410478865966,4,-3.2781841733421635e-06,0.0,-0.00019028753761419782,19.65818899334736,0.050596837900425275,0.005147660134669378,6,-2.829313873776995e-06,0.0,0.0001656389995812375,9.829250911837345,0.040111644977098695,0.008161689092460206,7,-1.427143721408064e-06,-1.5399573295535394e-06,-6.611957473864895e-05,-7.065938450162729e-05,2
1.075,0.0,0.0,-0.0002948128815695201,29.44018637268057,0.013714390928371846,0.000931678268252969,4,-3.2806235166805975e-06,0.0,-0.00024342974411704546,19.63006431986795,0.022383290335817197,0.0022805111558562396,6,-2.9900625584666773e-06,0.0,1.6968369420905342e-06,9.815211083444238,0.024787642062457108,0.00505086275816677,7,-1.4434877532512602e-06,6.031532296284853e-08,-1.5503123338949338e-05,-1.781185968988403e-05,2
1.08,0.0,0.0,-0.0002261941443547371,29.431923306520613,0.03657888950005117,0.0024856608329056873,4,-3.279809094893643e-06,0.0,-0.00027011719856003175,19.621942316724155,0.018803028797178347,0.0019165308401862102,6,-3.030748312329856e-06,0.0,-8.49158882527337e-05,9.811015033216636,0.0038563206383383708,0.0007861206257012612,7,-1.4519437575299943e-06,1.5887384120110503e-07,-4.461676715254343e-06,-5.848183703675079e-06,2
1.085,0.0,0.0,-0.00011716973707480526,29.43118295097652,0.09765895230621284,0.006636427252610486,4,-3.279319047904544e-06,0.0,-0.00023841201204982118,19.621201335583656,0.07448397202048043,0.0075921928271946775,6,-3.0454362335424756e-06,0.0,-0.00013226523826807547,9.810667070339518,0.03167108122611002,0.006456458261000591,7,-1.4577722336345245e-06,4.947099517332097e-08,-1.716152185575987e-06,-2.658544074055701e-06,2
1.09,0.0,0.0,3.411288887144592e-05,29.430206158623722,0.1369366647735597,0.009305858344008516,4,-3.2791639256353478e-06,0.0,-0.00014912888331140134,19.62020292699312,0.09840298390651996,0.010030781462625845,6,-3.0481046211505713e-06,0.0,-0.0001429200149294253,9.81027853092763,0.04886648460385543,0.009962303200627836,7,-1.460488261821602e-06,3.1704388310286534e-08,-1.3889587262185298e-07,-2.359894979336408e-07,2
1.095,0.0,0.0,0.0001771812526572408,29.430500834774357,0.12022490076340314,0.008170088673540231,4,-3.279082025062219e-06,0.0,-5.2026750314302435e-05,19.620498232982087,0.09712588046021554,0.009900449958701537,6,-3.0506985678815934e-06,0.0,-0.00013895849107676707,9.810515376624052,0.04886494823842211,0.009961749482571482,7,-1.4535090303580134e-06,4.611284078185552e-09,-6.971301375544751e-07,1.991057578644973e-06,2
1.1,0.0,0.0,0.0002680140239196138,29.43078745633305,0.11015227631328335,0.0074855133575150255,4,-3.279087981852835e-06,0.0,9.311066969315811e-05,19.620781972602245,0.09454249576476094,0.009636975314926457,6,-3.0524313630944655e-06,0.0,-0.00013088015392138328,9.810468686563707,0.04913794255463395,0.010017450567256312,7,-1.4349828533766207e-06,-3.88585504213702e-09,1.8563123289381775e-07,4.434124230187454e-06,2
1.105,0.0,0.0,0.0003517968014026269,29.390110307409763,0.04064500652437138,0.002765896833951253,4,-3.280008871366785e-06,0.0,0.0001646221308938689,19.580389096269037,0.04554519213618046,0.00465212329665695,8,-2.5995276095452935e-06,0.0,-0.00016019448292035876,9.790067531950353,0.03723167544056908,0.007606009931813387,7,-1.416228774780981e-06,1.6025572602727443e-06,6.863200017053759e-05,7.358194136214428e-05,2
1.11,0.0,0.0,0.0002908351425159003,29.419479097771987,0.029066034711883366,0.001975972084025418,4,-3.277397929945386e-06,0.0,0.00022459327938296445,19.609608789132704,0.028694267141329433,0.0029265517175672863,8,-2.433400692378185e-06,0.0,-3.683817302620857e-06,9.804603388023837,0.024598382692790605,0.00501772110901235,7,-1.3985421509071783e-06,-5.843414955015408e-08,1.5978802097735594e-05,1.8422183608991876e-05,2
1.115,0.0,0.0,0.0002103977528584315,29.42779239660273,0.048562751521957076,0.0033004685412666816,4,-3.2782263898641084e-06,0.0,0.00025044925829718147,19.617775124700444,0.030451642706848712,0.003104495032008753,8,-2.3919771114169763e-06,0.0,8.009447957881059e-05,9.808819043723803,0.011826899954227947,0.002411482952536558,7,-1.3899988806354013e-06,-1.610759468153113e-07,4.3209403592350076e-06,5.61426106834932e-06,2
1.12,0.0,0.0,9.455905513966043e-05,29.4292517972363,0.09958721288748408,0.006767906542349562,4,-3.2787511459672625e-06,0.0,0.00022247019342307481,19.61923511993858,0.07498790670175061,0.007644325198543762,8,-2.378237802740102e-06,0.0,0.00011931790830459026,9.809558866308056,0.03390182677119827,0.00691199823218098,7,-1.3849519025291301e-06,-6.131884320654496e-08,1.739557142105701e-06,2.5255143109982743e-06,2
1.125,0.0,0.0,-4.631405182104558e-05,29.42943777977098,0.13095875727971126,0.008899847714367746,4,-3.27889881213822e-06,0.0,0.00011978029679623144,19.619432645636316,0.09894359659384346,0.010086285203140177,8,-2.3735244054703952e-06,0.0,0.00013188457850530028,9.809602817328784,0.05130646331970468,0.010460456814637017,7,-1.382925004650426e-06,-1.4726815229467895e-08,3.6338899976427375e-07,4.102403639422564e-07,2
1.1300000000000001,0.0,0.0,-0.0001804978042490201,29.42957036836288,0.11939632461164806,0.008114037895707811,4,-3.2789415422528057e-06,0.0,9.320876085206658e-06,19.61956661991441,0.09802330947415852,0.00999240313235687,8,-2.372335837302897e-06,0.0,0.00013189494896330645,9.809600686569464,0.049008210826633515,0.009991887007945534,7,-1.3872512152207639e-06,-3.2314020285774693e-09,1.867056638779997e-07,-1.5027091236182328e-06,2
1.135,0.0,0.0,-0.0002939582696181244,29.470784067547616,0.08552954325465643,0.005804361571013587,4,-3.277089462700583e-06,0.0,-0.000102324707754223,19.660888249265906,0.07853576910366133,0.007989035704589155,6,-2.7812998517826037e-06,0.0,0.00020221824191779322,9.830451763516136,0.050991322219210225,0.010374156436727533,7,-1.3973647375181697e-06,-1.6838357113710484e-06,-7.888224936138212e-05,-8.29100346080359e-05,2
1.1400000000000001,0.0,0.0,-0.00029146023546567084,29.442007936872486,0.09438038454073193,0.006411273629373092,4,-3.280617963133392e-06,0.0,-0.00022505858684837262,19.631827270478936,0.08857713067629158,0.00902382946385109,6,-2.9758917290192977e-06,0.0,7.804727262324227e-05,9.816037591326149,0.05894887477145148,0.012010727184570098,7,-1.4122694706464323e-06,-2.2656751607239007e-08,-1.908377532566498e-05,-2.129424484935014e-05,2
1.145,0.0,0.0,-0.0003125796239460193,29.432349919215348,0.06461692933332179,0.004390878031192179,4,-3.279876945698479e-06,0.0,-0.0003176607065730658,19.62236299474991,0.05828399419891592,0.0059405683417955496,6,-3.02749711774547e-06,0.0,-2.7423893749521492e-05,9.811256200585985,0.03741885950507051,0.007627740778563226,7,-1.420660997557277e-06,1.657055701214577e-07,-6.002204190602504e-06,-7.308086654793966e-06,2
1.1500000000000001,0.0,0.0,-0.00032944454823670096,29.43044507273568,0.04849005938418082,0.0032952311298276586,4,-3.279323501272774e-06,0.0,-0.0003594418303048825,19.620457265168955,0.048625368048486606,0.004956598859172193,6,-3.049136410956943e-06,0.0,-9.444997322158506e-05,9.810250382857141,0.031303128431237046,0.006381718551432183,7,-1.4255561941872719e-06,7.169798515343219e-08,-3.345816601580302e-06,-4.14081882402626e-06,2
1.155,0.0,0.0,-0.00025707892868422283,29.430105857518285,0.06511363912119059,0.004424968053898895,4,-3.2791078544147645e-06,0.0,-0.00037100301194132495,19.62011606569817,0.04234884535623338,0.004316880207479693,6,-3.0653057557991636e-06,0.0,-0.00014389835713221806,9.810051334936855,0.016595067386087795,0.0033832783987556196,7,-1.4296862097529228e-06,2.021323027006362e-08,-3.130121168940973e-06,-4.008289131040988e-06,2
1.16,0.0,0.0,-0.00011123355016036892,29.430553753698657,0.13982424070614624,0.009501978241817755,4,-3.2791237220171354e-06,0.0,-0.00029532131964161404,19.62053657776947,0.09739890061273944,0.009928260649415132,6,-3.0765952952552245e-06,0.0,-0.00018397949699936475,9.810323455572329,0.049192054390232706,0.010028630475438869,7,-1.4332987721688006e-06,1.0005073261557725e-11,-1.3850641813311232e-06,-1.8889305015286964e-06,2
1.165,0.0,0.0,7.813450859613089e-05,29.430122447552996,0.13135044866968298,0.0089262590669652,4,-3.27905938232384e-06,0.0,-0.00024408316629553393,19.620119870309885,0.09839230682921594,0.010029735544899289,6,-3.085533915647698e-06,0.0,-0.00018035007196959382,9.81040435231743,0.04917913799490067,0.010025914575739885,7,-1.4300381122323014e-06,9.471697959331796e-09,-2.388814458219605e-06,-3.4070991304022743e-07,2
1.17,0.0,0.0,0.00019951684779018,29.430412379256595,0.11708856291759139,0.007956977388473074,4,-3.279050003641981e-06,0.0,-0.0001256036933965933,19.62040717473785,0.09716949613987172,0.009904941857168162,6,-3.0995494181493277e-06,0.0,-0.00017615093066572434,9.810337360835197,0.04915404899336693,0.010020868230199625,7,-1.412289882291029e-06,-2.285651570185774e-09,-2.8607722005762485e-06,1.5704603547380897e-06,2
1.175,0.0,0.0,0.0002776431333257793,29.43080714144035,0.10982910197201157,0.0074635467144470915,4,-3.2790758796967523e-06,0.0,3.3746263232095055e-05,19.62080211583795,0.0957767686724412,0.009762778107336396,6,-3.1108455069567276e-06,0.0,-0.00016960483696340257,9.810383220097144,0.04936327349944473,0.010063475073699705,7,-1.3885882226560842e-06,-7.631248529935118e-09,-1.5183029397796294e-06,3.2585445200080883e-06,2
1.18,0.0,0.0,0.00033273117156926564,29.43420933742798,0.09961402361958833,0.006768588378076189,4,-3.279049602865347e-06,0.0,0.00018912031202473638,19.62416570058794,0.08959771759100395,0.009131365782171275,6,-3.1129595264925425e-06,0.0,-0.00013599395245148237,9.813528159768628,0.049193317079637054,0.010025612863946145,6,-1.452183891942349e-06,-1.3725813109828065e-07,5.667348974898028e-07,-6.670076482321852e-06,2
1.185,0.0,0.0,0.0003674265688116422,29.43106961812672,0.08918409695124496,0.006060540653698573,4,-3.2792253611794997e-06,0.0,0.00032221280159177505,19.62105369336752,0.08062350290839726,0.00821806047405602,6,-3.102567686256996e-06,0.0,-6.458137039900018e-05,9.810784265882061,0.04921805364590781,0.010033459571029054,6,-1.4654792431442742e-06,1.6670971742674413e-08,2.9421626502845597e-06,2.3733540748415375e-06,2
1.19,0.0,0.0,0.00038156409926595313,29.429945455171964,0.038115314830375946,0.0025902402631655325,4,-3.2791043805130426e-06,0.0,0.00039036053765694975,19.619944687711207,0.03927252371023934,0.004003326649013172,6,-3.0858832613597786e-06,0.0,5.4941277741939556e-05,9.809971766568008,0.0317635765511559,0.006475773285995562,6,-1.4652069067755402e-06,2.309267042482078e-08,3.498885453833574e-06,3.725939480171768e-06,2
1.195,0.0,0.0,0.00033373123579891206,29.430031103864778,0.04369756606297994,0.0029695902059200703,4,-3.2790355515878444e-06,0.0,0.00041768140583616094,19.620036445567518,0.029344868765138855,0.002991316437821229,6,-3.0696825484358148e-06,0.0,0.00013637142568131543,9.810018742659704,0.015780336722619633,0.0032171878844629506,6,-1.4643849870210612e-06,1.4089439961867486e-09,3.1447301215037216e-06,3.2804224310277942e-06,2
1.2,0.0,0.0,0.00020432292855644145,29.42897773866486,0.1283937882220537,0.008725670960249855,4,-3.2789989855251667e-06,0.0,0.00036306559297504426,19.61897658775898,0.09957814501089483,0.010151206875186895,6,-3.0554345016031714e-06,0.0,0.00019329842697732964,9.809477265252843,0.04935894673010945,0.010063522325485956,6,-1.4637050096966142e-06,1.966358075926878e-08,2.0667419421791372e-06,2.1728262335850765e-06,2
1.205,0.0,0.0,-2.1719635213655056e-06,29.430564823301587,0.14209283808746742,0.009656140746233026,4,-3.279034915568829e-06,0.0,0.00032768806061078844,19.620555361350107,0.1006372159947088,0.010258345305857222,6,-3.045442116225705e-06,0.0,0.00019144379222307405,9.810205572088275,0.04954820010758344,0.010101358171037028,6,-1.463789293686124e-06,-1.4889737823106647e-08,2.5570966894063876e-06,2.316967324799044e-06,2
1.21,0.0,0.0,-0.00014707168382142066,29.429830063854197,0.11994787107606095,0.008151448432818596,4,-3.2790363190260408e-06,0.0,0.00023170177497836743,19.61982067361579,0.09678127652156883,0.009865663721556608,6,-3.0292515550908727e-06,0.0,0.00018922602113047792,9.809805956201293,0.048634692325565165,0.009915525861104444,6,-1.4675370779981822e-06,9.51465550352027e-09,3.5158281549858415e-06,2.3088057999706347e-06,2
1.215,0.0,0.0,-0.00024066775532814307,29.429246227819583,0.11394618092436677,0.007743737643993953,4,-3.2789755357344463e-06,0.0,8.435477228351632e-05,19.619240410699696,0.09774098906828936,0.009963789323360816,6,-3.0132823731487957e-06,0.0,0.00018721029430903208,9.809515818437927,0.04916050919153593,0.01002302460211829,6,-1.4764734365610432e-06,1.1996864269162028e-08,2.7407378490045116e-06,4.801691046513382e-07,2
1.22,0.0,0.0,-0.00030632676909879143,29.424709547482173,0.10452643363318552,0.007104670546671865,4,-3.2791646509093553e-06,0.0,-8.18671429493937e-05,19.61465143556549,0.0925974061574156,0.009441657065546116,6,-3.004148207919055e-06,0.0,0.00017608793016660982,9.805062834416299,0.04858133024440955,0.009909437821017619,7,-1.4279083189738806e-06,1.7127042208735792e-07,1.2852677377212926e-06,1.2496602074878148e-05,2
1.225,0.0,0.0,-0.00035124320470977897,29.427866689077113,0.10186831485439551,0.006923255153402369,4,-3.27874799175773e-06,0.0,-0.00023461145016939115,19.617884940032056,0.09216390860648814,0.009395906733902736,6,-3.0057013093720553e-06,0.0,0.0001308339298207315,9.808349643313615,0.05143797082460438,0.010488608725254776,7,-1.414875843319674e-06,2.5861556034928503e-09,-1.396686634249426e-06,-3.1789555925983773e-06,2
1.23,0.0,0.0,-0.0003760583338802503,29.42967583347576,0.07987085748047608,0.005427912827339018,4,-3.2788709968673002e-06,0.0,-0.0003557840814083539,19.619671421728395,0.07381812068574121,0.007524908964987978,6,-3.017508269025082e-06,0.0,3.712866162723942e-05,9.809871937487566,0.04903505497499055,0.009997083608728342,7,-1.4312481614250916e-06,-3.159267251357789e-08,-2.990470038082519e-06,-6.610262217252007e-06,2
1.235,0.0,0.0,-0.00038267760668620756,29.430474810601346,0.03781058265530991,0.0025694850591870106,4,-3.2790077861347133e-06,0.0,-0.00041309231281844486,19.62046962998945,0.04086954088285364,0.0041660104629081315,6,-3.033233507705735e-06,0.0,-6.909884190031234e-05,9.810361564769742,0.028751204226567427,0.005861395431095356,7,-1.4464651836784692e-06,-2.1828706843815548e-08,-3.0598653831999256e-06,-5.5325393347963394e-06,2
1.24,0.0,0.0,-0.0003078048858585416,29.429966551221973,0.06465513513461028,0.004393830011466711,4,-3.2790344407993e-06,0.0,-0.0004284520944474024,19.619968175772577,0.04127688774673436,0.004207640642119339,6,-3.04846884894433e-06,0.0,-0.00014212367035925505,9.810013038106481,0.016047456349752385,0.0032716483224674384,7,-1.456766827494238e-06,4.41418159849441e-10,-3.1717395788406635e-06,-5.0429261717125154e-06,2
1.245,0.0,0.0,-0.0001507196275071311,29.430481782987826,0.14466737725591836,0.009831125315763111,4,-3.279095941253335e-06,0.0,-0.0003588567765875545,19.620464966117655,0.09762551599512634,0.009951396785317236,6,-3.061310194903133e-06,0.0,-0.0001912533424637098,9.810329093836062,0.04908177357436766,0.010006142119168311,7,-1.464564825984227e-06,-5.221606836644519e-09,-1.9124813883049244e-06,-3.1214413527175034e-06,2
1.25,0.0,0.0,5.115920714593067e-05,29.43014091797752,0.13337844778203473,0.009064071297093922,4,-3.2790538752880405e-06,0.0,-0.0003201775203581433,19.620137144590146,0.09850303520185937,0.010041013931344468,6,-3.073886575673257e-06,0.0,-0.00018755271185433628,9.810502256156028,0.04922315490246601,0.010034787948105061,7,-1.4626979433912668e-06,7.018005787221008e-09,-3.2950598729033646e-06,-1.1204365400792961e-06,2
1.2550000000000001,0.0,0.0,0.00017948907136746558,29.430345397380734,0.1184020065288061,0.008046253275664494,4,-3.279045461997143e-06,0.0,-0.00020870468262151117,19.620339981493952,0.09729301546759911,0.009917566725078831,6,-3.09354736555828e-06,0.0,-0.00018328544835054432,9.810344299243159,0.049250015811836204,0.010040425556855474,7,-1.4423702183880005e-06,-1.4422044518153064e-09,-4.1662874919363855e-06,1.0229807406562307e-06,2
1.26,0.0,0.0,0.000262149211938845,29.430710844647756,0.111637498824538,0.007586462957950626,4,-3.279068031932647e-06,0.0,-5.147265189099591e-05,19.620705522714413,0.09758393581439542,0.009947036379647499,6,-3.112213019358656e-06,0.0,-0.00017914921046946773,9.810339043744255,0.04934529434078129,0.01005985504084025,7,-1.4141943058196271e-06,-6.919977898209303e-09,-3.1132474931465785e-06,2.61821747922366e-06,2
1.2650000000000001,0.0,0.0,0.00032113953828412763,29.434090596152984,0.10149594699942999,0.0068964894069256846,4,-3.278760322869556e-06,0.0,0.00011448783452171131,19.624207702540723,0.09102055025677953,0.009276354147535365,6,-3.121534797791148e-06,0.0,-0.00016013264907573343,9.81379882151154,0.04891631786954083,0.00996888539478062,6,-1.4433933142737887e-06,-1.2898503490261502e-07,-1.0369685858415832e-06,-1.3738598273964933e-05,2
1.27,0.0,0.0,0.0003597574667238961,29.432057326468254,0.09759758022270089,0.00663205967154266,4,-3.2792406200431168e-06,0.0,0.00026422183052746335,19.62202495179764,0.08862242388616043,0.00903295394882692,6,-3.1175385915988008e-06,0.0,-0.00010490733233016263,9.811522773440196,0.05022889985063995,0.010238757226678339,6,-1.4694713193347253e-06,-1.6654608004659743e-08,2.0477384085959418e-06,6.960410191029405e-07,2
1.2750000000000001,0.0,0.0,0.00038328450967385007,29.430321563484437,0.06316771388553603,0.004292696139882558,4,-3.2791517205615905e-06,0.0,0.00036615027030295226,19.620319997904105,0.059234859016178455,0.006038113447946423,6,-3.1030320049932336e-06,0.0,-4.317347734209367e-06,9.810191803141043,0.04314275282555212,0.008795496294320892,6,-1.4694718001584395e-06,2.5393674056009608e-08,3.3640539238526246e-06,3.83760297093318e-06,2
1.28,0.0,0.0,0.0003682420171134821,29.429746327184372,0.027825588184930656,0.0018909838960608405,4,-3.279046560750176e-06,0.0,0.0004063025241272782,19.619751605231535,0.02983155041978654,0.003040971264063513,6,-3.086215901081102e-06,0.0,0.00010675347789285247,9.809848833222981,0.021509935574976356,0.004385375542613609,6,-1.4674743724490957e-06,1.4452972922510177e-08,3.204765490465208e-06,3.4784230050567596e-06,2
1.285,0.0,0.0,0.00026621794328426696,29.42966097570006,0.08953419625203611,0.006084623015260971,4,-3.2790336451961333e-06,0.0,0.0004060384638112646,19.61965355610394,0.06276435647970943,0.006398110578275995,6,-3.070426570508933e-06,0.0,0.00017125656931809446,9.80982109814325,0.0243402282535283,0.00496242041725619,6,-1.4663641437553943e-06,4.467259584520257e-09,3.0739089190856403e-06,3.2801226336737397e-06,2
1.29,0.0,0.0,8.746590429841294e-05,29.430296524870585,0.1489140734466379,0.010119780704268166,4,-3.278998862765725e-06,0.0,0.0003437538540455589,19.620300028282468,0.09943271959199171,0.010135698174712968,6,-3.05982633077434e-06,0.0,0.0001912766467685583,9.810110857662307,0.04880626815724141,0.009950197070223864,6,-1.465699197455983e-06,-1.2999705889479807e-08,1.8837011475973796e-06,1.924355849830879e-06,2
1.295,0.0,0.0,-9.140289629362603e-05,29.43017748013286,0.12659749705995393,0.008603243874109483,4,-3.279049795263528e-06,0.0,0.00028152293287398437,19.620165371060416,0.09758353358819298,0.009947269224563,6,-3.0459553905029524e-06,0.0,0.00018910012002551117,9.809968205851956,0.048838617124542606,0.009956936882916467,6,-1.4677369511162386e-06,1.0982653764674432e-09,3.4064836231790648e-06,2.528668726871648e-06,2
1.3,0.0,0.0,-0.00020356273205202077,29.429435233142883,0.11674264229118543,0.007933733105398641,4,-3.279000819967487e-06,0.0,0.00015280986735570793,19.61942842743959,0.09754525274017273,0.00994374052240448,6,-3.0283861552002356e-06,0.0,0.00018697549019237853,9.809599399890894,0.049107990919743216,0.010012231675900938,6,-1.4753769231878877e-06,1.2907074881821123e-08,3.345895229382764e-06,1.2902469860011263e-06,2
1.305,0.0,0.0,-0.00027928750162624686,29.453183623543875,0.10874855195386253,0.007384502357628506,4,-3.27910977163115e-06,0.0,-1.0544271780174726e-05,19.643850249965098,0.09499630267336708,0.00967186182592039,6,-3.0154955876007805e-06,0.0,0.00018305573434437058,9.835380762484693,0.05064116393910212,0.01029775362277052,7,-1.482006995047469e-06,-3.255679673292516e-07,1.282970286781579e-06,1.1655482017787339e-05,2
1.31,0.0,0.0,-0.0003342048890269336,29.425808357041376,0.10145064429633607,0.006895351391225906,4,-3.2788659668804565e-06,0.0,-0.00016996770713122535,19.615850947198236,0.09113532189302122,0.00929200799275427,6,-3.0117074301741487e-06,0.0,0.00015447887505867905,9.806450042173962,0.04954166833899827,0.010103894503298877,7,-1.4276612510799591e-06,1.0892186864280012e-07,-2.278523429868477e-07,2.860433083157545e-06,2
1.315,0.0,0.0,-0.00036684576435047227,29.428934747788364,0.09581282245129323,0.006511470651073684,4,-3.278789280969363e-06,0.0,-0.0003098698557595689,19.618939069677634,0.08754595402208482,0.008924636924673757,6,-3.0198714039766927e-06,0.0,8.414437341686316e-05,9.809267604488362,0.052532014363407244,0.010710690437147523,7,-1.435159383153528e-06,-2.6195011653970492e-08,-2.5429581392015925e-06,-6.02596883579519e-06,2
1.32,0.0,0.0,-0.0003839512218600912,29.43028070884942,0.049291593499916235,0.0033497195618045665,4,-3.2789471486431576e-06,0.0,-0.0003964256888649369,19.62027732266492,0.04735671335380903,0.0048273235464519745,6,-3.035215270841274e-06,0.0,-2.645956252327877e-05,9.810263441360062,0.0343789840583166,0.0070087789719030045,7,-1.4530104920085218e-06,-2.9959170160639936e-08,-3.3069897816060537e-06,-6.523026866691027e-06,2
1.325,0.0,0.0,-0.0003539319484357747,29.429988495799577,0.040796233997059055,0.0027724260920374967,4,-3.279034834862554e-06,0.0,-0.00042535416286276133,19.619982985568928,0.03321240165926272,0.0033855688543350335,6,-3.050706622501065e-06,0.0,-0.00011390063098417735,9.810046360871564,0.0206793577110232,0.004215955144412991,7,-1.4658289290425675e-06,-2.465585553454396e-09,-3.0849926274203606e-06,-5.2587483815787905e-06,2
1.33,0.0,0.0,-0.0002307922204292542,29.43106825758835,0.11839934203447049,0.008045874583838325,4,-3.279065348991972e-06,0.0,-0.0003855827052578794,19.62107568642753,0.09174802415028381,0.009351987181186868,6,-3.0660357154058127e-06,0.0,-0.0001862111499141934,9.810627511277165,0.03845540241377874,0.007839539798973073,7,-1.4755294946711128e-06,-2.125652808699636e-08,-2.61616831780899e-06,-4.291573660803004e-06,2
1.335,0.0,0.0,-2.6860442913378117e-05,29.4300767826698,0.14595539507708394,0.009918791320519506,4,-3.2790750998483442e-06,0.0,-0.0003457516277332114,19.62007070484938,0.10050794623339837,0.010245421410082525,6,-3.0768345927120744e-06,0.0,-0.00018842891166894626,9.810442519756746,0.04946953808654672,0.010085077811102315,7,-1.4800501801706667e-06,1.1430740753096183e-08,-2.53491502667981e-06,-2.2172070354112704e-06,2
1.34,0.0,0.0,0.00013143192777280901,29.430293858007165,0.12183189414824681,0.008279352882852696,4,-3.2790478253254263e-06,0.0,-0.000264118416340131,19.620288661393197,0.09676815903498287,0.009864091268483055,6,-3.094384537966066e-06,0.0,-0.00018423400772880091,9.810466080981522,0.04884406501284201,0.009957542202307934,7,-1.4664762059621306e-06,9.041997089315662e-10,-4.104673587786116e-06,3.5755829184992676e-07,2
1.345,0.0,0.0,0.00023111210862338563,29.43055211825351,0.1148017229988609,0.00780153376243718,4,-3.279058669435758e-06,0.0,-0.00012395911896724142,19.620546564417523,0.09785156649848574,0.009974397622127675,6,-3.115024440482339e-06,0.0,-0.00018003230535965754,9.810327352533495,0.049535884356101706,0.01009872200509378,7,-1.4386686018677541e-06,-4.494217275616228e-09,-3.851942429270464e-06,2.213045692177076e-06,2
1.35,0.0,0.0,0.00029790009863782645,29.430339169383522,0.10577038677834356,0.007187846947301024,4,-3.2786699204791214e-06,0.0,4.455228392014998e-05,19.620597949989463,0.09391464489817795,0.009573066543390274,6,-3.12940700303993e-06,0.0,-0.00017139492471107624,9.81058820814473,0.0493204828107486,0.010054541433061646,6,-1.4449206731381725e-06,3.1711242576773536e-08,-2.05645677245038e-06,-1.643114774385644e-05,2
1.355,0.0,0.0,0.0003456613097518392,29.4326849450575,0.0989261556767647,0.006722197166954483,4,-3.2792153834594606e-06,0.0,0.00020202343697566866,19.622642321005245,0.08981287307475669,0.00915400399248124,6,-3.1317608169337263e-06,0.0,-0.0001323370957430115,9.812018571430077,0.04958536717719026,0.010107067534822923,6,-1.4776603019378554e-06,-4.6868036365618726e-08,9.153533357297708e-07,-6.99789510744216e-07,2
1.36,0.0,0.0,0.0003757375651778672,29.43054832919576,0.08320897931254871,0.005654599321889192,4,-3.2791835454792917e-06,0.0,0.00033078822551183224,19.620542186465173,0.07598916999282458,0.007745878709227939,6,-3.120675981231613e-06,0.0,-5.357107236553509e-05,9.81031981721694,0.04821093966086378,0.009828617325248546,6,-1.4763158548494748e-06,2.5738946468448242e-08,2.9745215250740333e-06,3.91934963700326e-06,2
1.365,0.0,0.0,0.0003826061640799701,29.429765229826685,0.030918499987435708,0.0021011720444239364,4,-3.279071550267576e-06,0.0,0.000391606139258541,19.61976482576285,0.034377027534825175,0.0035043261568237006,6,-3.1041049830468626e-06,0.0,6.934125824401688e-05,9.809821251734066,0.027781563217678797,0.005664030465951231,6,-1.4720563484976745e-06,1.934420924958605e-08,3.422759948102468e-06,4.058397193951751e-06,2
1.37,0.0,0.0,0.00032088255692524765,29.43006466179246,0.05215379415308257,0.0035442527736468865,4,-3.279029957954649e-06,0.0,0.0004165471810603699,19.62006766282491,0.032489167734193906,0.003311830345595872,6,-3.0880195634672147e-06,0.0,0.00014373664948506587,9.810025184993721,0.014193689072972486,0.0028937110364781536,6,-1.4700804981185311e-06,-2.6857191154999426e-09,3.207191110544224e-06,3.5010176327011803e-06,2
1.375,0.0,0.0,0.00018010999773502624,29.42944237935727,0.13611261215434797,0.009250097939322263,4,-3.278987975269959e-06,0.0,0.0003549228027240139,19.619454795228812,0.09762655145929787,0.009952014719903363,6,-3.0743516986966868e-06,0.0,0.00019150533981188514,9.809721521350633,0.04993777105453161,0.010181282097731968,6,-1.4688951218422286e-06,1.0571403397155487e-08,1.9115869808248164e-06,2.086195992860101e-06,2
1.3800000000000001,0.0,0.0,-2.5124310071845602e-05,29.430479555655552,0.1383728025661844,0.009403367165968846,4,-3.279041114939707e-06,0.0,0.00031852643497981336,19.620468195754214,0.10014442245660445,0.010208158282204017,6,-3.0631723944365974e-06,0.0,0.00018954681130003254,9.810116300184315,0.049551197159682765,0.0101020611057897,6,-1.4692934652699163e-06,-1.1025276887852122e-08,2.929355252961437e-06,2.4443611466026408e-06,2
1.385,0.0,0.0,-0.00016121110525582706,29.42968235889575,0.11892905952570318,0.008082252337987218,4,-3.2790250699202272e-06,0.0,0.0002137481555273122,19.619673775062203,0.09690666272366016,0.00987851926945232,6,-3.0455462570813663e-06,0.0,0.00018734256441006332,9.809701895952943,0.04873886355760521,0.009936869453232366,6,-1.4753946793386041e-06,1.1308196867834717e-08,3.7158495251914244e-06,1.8789749723465853e-06,2
1.3900000000000001,0.0,0.0,-0.00025007498180412257,29.429117677749986,0.11306840848059489,0.007684118138960093,4,-3.2789615630329783e-06,0.0,6.164450388149422e-05,19.61911192431241,0.09771820317548456,0.009961531750516204,6,-3.0291732189893783e-06,0.0,0.00018535997768085293,9.809431433521151,0.04913929935175478,0.010018786447466088,6,-1.4881741194003317e-06,1.2036764118808527e-08,2.7246613132432116e-06,-4.0354493596282546e-07,2
1.395,0.0,0.0,-0.0003134222591165002,29.428745187975295,0.10304034318512544,0.007002700422798057,4,-3.2793081741339103e-06,0.0,-0.00010335194723920863,19.618478162169712,0.09167741743168172,0.009346027421073176,6,-3.021160307030424e-06,0.0,0.00017067911001111835,9.80845443867729,0.04859528187990255,0.009908856116673938,7,-1.4720941595505743e-06,-1.7737613746635047e-08,7.373734450803882e-07,1.5481077111208067e-05,2
1.4000000000000001,0.0,0.0,-0.0003554308617300392,29.427224705102027,0.10097468289942518,0.006862671142883441,4,-3.2787756928699674e-06,0.0,-0.0002537706016339824,19.617258255422318,0.09171561392032249,0.009350502779354683,6,-3.0240589665650464e-06,0.0,0.00012019347565528533,9.807777800307399,0.05180279803661687,0.010563615752998249,7,-1.4470144831107978e-06,3.687171998039423e-08,-1.7166786093028162e-06,-2.682842999691778e-06,2
1.405,0.0,0.0,-0.00037843899454054696,29.429678672201465,0.07321814371400931,0.004975803135979825,4,-3.2788603773828418e-06,0.0,-0.0003668924987664399,19.619675876281256,0.06814431427018314,0.006946528036435566,6,-3.0376240232124485e-06,0.0,1.985117424924902e-05,9.809850609607457,0.045944292037299744,0.009366970785937017,7,-1.462833246396178e-06,-3.396902936975971e-08,-3.290519922398941e-06,-7.067299901540521e-06,2
1.41,0.0,0.0,-0.0003786892386372684,29.430389403524035,0.03753958464271173,0.0025510763128548134,4,-3.2790116772166145e-06,0.0,-0.00041584592354744905,19.62038107526712,0.04019573172498039,0.004097344651032284,6,-3.054004870585436e-06,0.0,-8.225358814356338e-05,9.810303612640398,0.027671038089430913,0.005641219514098887,7,-1.4791222569879303e-06,-2.0397167125937802e-08,-3.1291974157790087e-06,-5.852459162956832e-06,2
1.415,0.0,0.0,-0.0002893008410431734,29.43016623379225,0.07724017810517501,0.005249048034019356,4,-3.279035967675148e-06,0.0,-0.0004239068788920936,19.620170713060617,0.05140550474672191,0.005240067020670993,6,-3.069988828867387e-06,0.0,-0.0001522193333087958,9.810130572155211,0.01937969160877971,0.003950954875929269,7,-1.4908923163456378e-06,-3.880582163115423e-09,-3.2746272510688767e-06,-5.418639394532894e-06,2
1.42,0.0,0.0,-0.00011885277855535886,29.430308931216345,0.14841146650553472,0.01008562070159696,4,-3.2790982830155357e-06,0.0,-0.000356347409833783,19.62029345823322,0.09854451647201529,0.010045162339879607,6,-3.082395400692828e-06,0.0,-0.00019049801534372742,9.810337757033693,0.048885971904356444,0.009966215866381724,7,-1.4993768200771695e-06,2.4977582846947414e-09,-2.002645238627713e-06,-3.1725167227051185e-06,2
1.425,0.0,0.0,7.335402052087968e-05,29.43027248995053,0.12957312686454195,0.0088054316798315,4,-3.279057369874605e-06,0.0,-0.0003082214146363151,19.62026841348036,0.09773511293325277,0.0099626682850172,6,-3.096722887986625e-06,0.0,-0.00018661574932007357,9.810607823398495,0.049015874250527953,0.009992423534375539,7,-1.494425811938982e-06,4.212814176665703e-09,-3.6879538286480754e-06,-5.716322854961569e-07,2
1.43,0.0,0.0,0.00019361323603631336,29.430465746112585,0.11766993203126448,0.007996470939085107,4,-3.279056661736196e-06,0.0,-0.00018868334527419626,19.620460142048554,0.09750797149447127,0.00993941740290812,6,-3.1176657060982826e-06,0.0,-0.0001823493204847475,9.81039963780302,0.0493690105733665,0.010064627822730042,7,-1.4690267677308633e-06,-2.203344979309562e-09,-4.289844956408621e-06,1.9165445796259923e-06,2
1.435,0.0,0.0,0.00027153523524245366,29.41915899227588,0.10937385020870068,0.007435552473639184,4,-3.2787745670830037e-06,0.0,-2.7135749241379622e-05,19.609205174854505,0.09613749241138815,0.009805343108416067,6,-3.1360017867937406e-06,0.0,-0.00017787508799628937,9.79910157061197,0.04970417944556994,0.010144640115709268,6,-1.451390909429362e-06,2.862208491363678e-07,-2.6319186665986354e-06,-1.4130645045728903e-05,2
1.44,0.0,0.0,0.00032806083132646326,29.433347786834283,0.10104215399592428,0.006865828157075701,4,-3.2791553828195874e-06,0.0,0.0001369508866981126,19.623299584858202,0.0907642390149931,0.009250660279887784,6,-3.1447633302081335e-06,0.0,-0.00015425587506076848,9.812589302086511,0.04893332912495025,0.009973581410269612,6,-1.4899245841110131e-06,-8.513853741294031e-08,-4.108740759985055e-07,-2.4111473707447535e-06,2
1.445,0.0,0.0,0.00036428240156317784,29.43093148743086,0.09611568790860059,0.006531610319547579,4,-3.2792114774797543e-06,0.0,0.0002823599461170269,19.620920305879338,0.08708421157820237,0.008876669414136288,6,-3.1385028654365432e-06,0.0,-9.283496453092938e-05,9.810537467601238,0.05059919754981306,0.010315275328576878,6,-1.4867440976465418e-06,1.98548887189649e-08,2.344302694202257e-06,3.965553933152361e-06,2
1.45,0.0,0.0,0.00038451975308171504,29.430053420234977,0.05483955174560715,0.0037267721510761227,4,-3.279096967529621e-06,0.0,0.00037268776379975746,19.620053225399488,0.05238870656324408,0.005340322573174607,6,-3.123513897015928e-06,0.0,1.6863224956675674e-05,9.80994528810265,0.040407734465024825,0.008238116172580636,6,-1.4790795865235462e-06,1.9010787172971217e-08,3.3919248765485878e-06,4.65193579867997e-06,2
1.455,0.0,0.0,0.0003589949355276203,29.429821701581652,0.03034456642206986,0.0020621644758683027,4,-3.2790240228272594e-06,0.0,0.00040918012931843127,19.619828068344503,0.027939116197298573,0.0028480490348818882,6,-3.106867802811497e-06,0.0,0.00011767041062666868,9.809867490105923,0.019316461445310806,0.003938169697968516,6,-1.4750898357368536e-06,6.116642212331099e-09,3.190107381352044e-06,3.6813282005964307e-06,2
1.46,0.0,0.0,0.0002462468776005314,29.42926422781601,0.10343458730739376,0.00702936957626207,4,-3.2790217683459355e-06,0.0,0.0003923806452977058,19.619252280783677,0.07800906639120014,0.007952297597763917,6,-3.090955485209046e-06,0.0,0.0001814934742138505,9.809605163597054,0.032209777808360644,0.006566987614932657,6,-1.4732070170997424e-06,1.0902309949093022e-08,2.914498086289393e-06,3.2203334997090902e-06,2
1.465,0.0,0.0,5.5892056481638546e-05,29.430426832926468,0.14899727076808653,0.010125389727707915,4,-3.2790104901488093e-06,0.0,0.0003388760961099542,19.620424285413264,0.10094044903390134,0.010289323774608193,6,-3.0804413255619556e-06,0.0,0.00019060313961610467,9.810122731150466,0.04926483174356726,0.010043672866015164,6,-1.4723619097059548e-06,-1.567852989654273e-08,2.2355126986150905e-06,2.188944722287941e-06,2
1.47,0.0,0.0,-0.00011122943632595386,29.42998448967063,0.12372030341359275,0.008407772247179828,4,-3.27904168083773e-06,0.0,0.00026499793720545,19.619973329608303,0.09704841335110884,0.009892818070721234,6,-3.0645944097892897e-06,0.0,0.0001883988471283901,9.809822693192594,0.04866212869982595,0.009921102597215022,6,-1.4763876444445767e-06,5.332958391382585e-09,3.741361169679033e-06,2.2229190719521753e-06,2
1.475,0.0,0.0,-0.00021672066038775576,29.42926796041101,0.11603514021470564,0.007885696672496171,4,-3.278983694902232e-06,0.0,0.0001295962403135046,19.619261499290907,0.09776702742446862,0.009966432979957189,6,-3.0460431950721234e-06,0.0,0.00018631188633050957,9.809483438221372,0.04923139998462036,0.010037511209366363,6,-1.4883689631595143e-06,1.3399368831426664e-08,3.4304898180696885e-06,3.450858412398413e-07,2
1.48,0.0,0.0,-0.0002887770469640964,29.428794212798817,0.10853393224600252,0.007376036643648842,4,-3.278923313258103e-06,0.0,-3.5899212102117326e-05,19.618788457553038,0.09516964916740701,0.009701888510935817,6,-3.033337957064619e-06,0.0,0.0001809343489813847,9.80924848727923,0.048927312236128076,0.00997575141451003,6,-1.5077570033120158e-06,1.1108366391224358e-08,1.6592112744284584e-06,-2.865919269439447e-06,2
1.485,0.0,0.0,-0.00034039760260965704,29.42530047240039,0.10048439595763031,0.006829795743420201,4,-3.278965277297985e-06,0.0,-0.00019300016959341302,19.615320469610744,0.09067207916050735,0.00924502653943198,6,-3.0314004778528303e-06,0.0,0.00014665470379118795,9.80591971691451,0.04979947106033807,0.010157021982229276,7,-1.4665663085194902e-06,1.3907966689079848e-07,-5.256677852621005e-07,3.4608472501821587e-06,2
1.49,0.0,0.0,-0.0003705738490183736,29.428928549033,0.09078203984884801,0.00616957832478281,4,-3.278789957716216e-06,0.0,-0.0003268538630127404,19.618938316310835,0.0830869426244341,0.008470075320575027,6,-3.041542912467221e-06,0.0,6.843676638852627e-05,9.809237430437298,0.05159017607041248,0.010518692494960352,7,-1.4743894907534583e-06,-2.3266904231664052e-08,-2.924065379468892e-06,-6.8612327690077235e-06,2
1.495,0.0,0.0,-0.0003845680351872927,29.430444141011087,0.04188555038731637,0.002846409669295421,4,-3.278957649951314e-06,0.0,-0.00040220668800215395,19.620439947210702,0.04249104982319483,0.004331304490370052,6,-3.0581413899485876e-06,0.0,-4.33746380502616e-05,9.81035700843455,0.031109416533677624,0.00634215788618722,7,-1.4946081232855568e-06,-3.291906278408413e-08,-3.4036799573040774e-06,-7.0547681206102146e-06,2
1.5,0.0,0.0,-0.0003391449785414511,29.429971146803336,0.04614562123006903,0.0031359610242146867,4,-3.2790344487443335e-06,0.0,-0.00042655025651673335,19.61996838241248,0.031788667062060086,0.003240440192610681,6,-3.0742709901457332e-06,0.0,-0.00012478342699721683,9.810043773667225,0.017100533435546888,0.0034863317290080363,7,-1.5096093232552787e-06,-1.2068910341749811e-09,-3.29237252526206e-06,-5.912103940222439e-06,2
1.5050000000000001,0.017999999999999794,-1.3456685102648028e-06,-0.00020484413833319465,29.43105016742974,0.12835986841644198,0.008722751494507873,4,-3.2790863053744346e-06,-2.020234753811697e-06,-0.0003562905645431737,19.621044179726066,0.0982722097803898,0.010017021406223835,6,-3.0895944840084177e-06,-7.789350589817275e-07,-0.00017746622388779625,9.810627369602454,0.03885330362487901,0.007920656276328111,7,-1.5209421136350154e-06,-2.133652351061493e-08,-2.3912412642770495e-06,-4.260788163413446e-06,2
1.51,0.038000000000000256,-1.7961202371496573e-06,3.3493393793925054e-06,29.4296034366866,0.14209939192837592,0.009656901577629584,4,-3.2790506731654456e-06,-3.6829928970466716e-06,-0.00031461267527675636,19.61959540910368,0.10036146008289247,0.010230736973946343,6,-3.101031249945485e-06,-1.357063793058732e-06,-4.663635458515054e-05,9.809959065098107,0.046664463034626034,0.009513691693301546,7,-1.5279267577897326e-06,1.8888945906117618e-08,-2.7320725164379384e-06,-3.55533156876429e-06,2
1.5150000000000001,0.05799999999999983,-1.3445722078967676e-06,0.000151153056690325,29.429986698291916,0.12047370475778754,0.008187139599677746,4,-3.2789923689359457e-06,-4.866095871042378e-06,-0.00014461456861597228,19.619987618072955,0.09589746453252168,0.009775486753537573,6,-3.119466847265051e-06,-1.2765219164280725e-06,4.6123214714041975e-05,9.81003906955152,0.023538073413895248,0.004798772613852867,7,-1.5289264365184185e-06,-1.5600069671133911e-09,-4.155321164302855e-06,-4.031422753821938e-06,2
1.52,0.07800000000000029,-2.531179726460237e-07,0.00027264674649999087,29.43083957090624,0.10651873048737566,0.007238579125868662,4,-3.279078334385982e-06,-4.91137713672285e-06,9.722486468208031e-05,19.620824480025387,0.07868087271947681,0.008020139296345716,6,-3.135941269480358e-06,-9.551211765604835e-07,8.351385836872843e-05,9.810430197443608,0.01944353346051603,0.003963849305116631,7,-1.5272540950100888e-06,-1.2956563297758461e-08,-2.293531333097193e-06,-1.8095120160456044e-06,2
1.5250000000000001,0.09799999999999986,1.3858400226651903e-06,0.0003546758764614179,29.42985239334929,0.012146887154700187,0.0008254806712822796,4,-3.2790330432748427e-06,-3.959355245098106e-06,0.00025920888598703247,19.619857943665256,0.008919664612550447,0.0009092486437120587,6,-3.1460139426411904e-06,-2.7127298006595346e-07,0.0001879931414789089,9.809896528342275,0.041749819209362826,0.008511775652014532,7,-1.5256720137662994e-06,9.676804320560338e-09,-2.070103137816098e-06,-1.9451422325141673e-06,2
1.53,0.11800000000000033,2.9976345540906513e-06,0.0002636243017114727,29.35874382073569,0.13889092053056598,0.009461639188558822,4,-3.278455466836777e-06,-2.5206572395469722e-06,0.00027132660734740426,19.546823565478288,0.10169076234370346,0.010404837594513296,6,-3.157988997727623e-06,1.4743745243553152e-06,0.000567688606944689,9.733617787513673,0.07157217205594113,0.01470618091204572,5,-1.550530743819889e-06,9.957112869765556e-07,-1.246506448096668e-06,-4.384300143003848e-05,2
1.5350000000000001,0.1379999999999999,3.651634318119282e-06,2.8204748952106072e-05,29.441086576971173,0.15354691484337735,0.01043079129854411,4,-3.2792190703644086e-06,-1.1658194156591421e-06,0.0002648113629932618,19.630934311865044,0.10780897648354662,0.010983580788448391,6,-3.165584406231159e-06,6.039921290232889e-06,0.0012106962267343674,9.819700487964505,0.055405991153980864,0.011284660101779906,5,-1.7905283074687306e-06,-3.531796672015614e-07,2.9729803280907354e-07,-2.6378774468014707e-05,2
1.54,0.15800000000000036,3.3351068290528275e-06,-0.00012643023870215716,29.42554601459441,0.12156490801878198,0.0082625422113485,4,-3.2796438956990415e-06,-4.677657132936956e-08,0.00017855250302692313,19.61557848940029,0.09734961290493696,0.009925744780613224,6,-3.154731920709808e-06,1.4093749658585561e-05,0.001953302837338158,9.80550999107896,0.049684082325496176,0.010133910907377319,6,-1.6851728096498042e-06,3.225881243347688e-07,4.1531221721921965e-06,1.954546256030967e-05,2
1.545,0.17799999999999994,2.4159240230850565e-06,-0.0002252587561166588,29.42800152438895,0.11433801787422582,0.0077706953888436,4,-3.2789020251930423e-06,4.7063076452379373e-07,3.648501636001691e-05,19.618023177005334,0.09715889470618691,0.00990506472844509,6,-3.138285669022911e-06,2.6137186770486647e-05,0.002796297160633675,9.808448319142318,0.0486701222954311,0.00992412269745985,6,-1.6475776548480203e-06,4.3655968142755565e-08,2.594209272838582e-06,6.124272423161738e-06,2
1.55,0.1980000000000004,1.0825355884947502e-06,-0.0002973517941589422,29.428682634173754,0.10752272927991988,0.007307342337849688,4,-3.2788566478834935e-06,2.2258998907734363e-07,-0.00011872281373958389,19.61867887244255,0.0938951109579078,0.009572011608773301,6,-3.1318903916943697e-06,4.2645683605635995e-05,0.0037256653403390833,9.809217398430512,0.04960981269749505,0.01011493795732016,6,-1.6389312883779983e-06,-2.6369000014154324e-09,1.2963127853036712e-07,9.778958492191696e-07,2
1.555,0.21799999999999997,-5.448111240748857e-07,-0.0003448837046256133,29.429044341025225,0.10480193372593434,0.007122347060372354,4,-3.278884731453685e-06,-7.722959881159669e-07,-0.0002619640992760089,19.61904035338419,0.09353376403243456,0.00953499889369466,6,-3.1383780966856567e-06,6.398015781969441e-05,0.004718437923768835,9.809495507480364,0.05312679417604052,0.010831707733701079,6,-1.6366061539874188e-06,-7.366126650817994e-09,-2.4089445131652184e-06,-2.1256030889492446e-06,2
1.56,0.23800000000000043,-2.3543495078888346e-06,-0.0003716108998558787,29.429777817398424,0.06850611509900909,0.004655564545819258,4,-3.278948544831878e-06,-2.371396684732908e-06,-0.0003560681656716941,19.61977358159402,0.06458308198926577,0.006583468633894263,6,-3.154347338267527e-06,9.03856964768909e-05,0.005741130427761787,9.809887556741863,0.04944037663319638,0.01007970302355166,6,-1.6355041775814594e-06,-1.4095043324455284e-08,-3.60257807352295e-06,-3.397674342386335e-06,2
1.565,0.258,-4.188298479946255e-06,-0.0003535170563223638,29.42979497130068,0.03355553114263263,0.0022803781796886646,4,-3.2789950474183815e-06,-4.217942892663738e-06,-0.0003679729451042239,19.619791493249394,0.042087167311000845,0.004290276716292508,6,-3.1735304895988414e-06,0.00012184671357668485,0.006736531101997635,9.809904695372431,0.0502333663425154,0.01024135664971581,6,-1.6343234306021026e-06,-4.671258443120288e-09,-4.05286778944604e-06,-3.780389062938515e-06,2
1.57,0.27800000000000047,-5.750189399126217e-06,-0.00027019137679148606,29.429655898526317,0.01858368674145467,0.0012629224619908142,4,-3.2789991876829017e-06,-5.94243872108898e-06,-0.00032032344939693575,19.619656334517224,0.023503297949376927,0.0023958929298906364,6,-3.195914388347265e-06,0.0001581955361909355,0.007706762943350006,9.80983594533359,0.04988482901128028,0.01017036967575586,6,-1.6326970298727317e-06,1.8448382914919229e-10,-4.882783313373345e-06,-4.516393032721974e-06,2
1.575,0.29800000000000004,-6.801883068581405e-06,-0.00016269254722285113,29.42994660852643,0.008054187144267607,0.0005473463646674883,4,-3.2790144704406e-06,-7.3408417576628616e-06,-0.0002436620797765268,19.6199469758808,0.012616684580917562,0.001286107918275978,6,-3.2220195581370015e-06,0.00019948815101939789,0.008723486849114637,9.809979324322613,0.048865121227493286,0.009962329096115085,6,-1.6306581987618474e-06,-5.106555247944081e-09,-5.386805881749239e-06,-4.947431588108262e-06,2
1.58,0.3180000000000005,-7.3922913904447675e-06,-9.008107812482746e-05,29.430057561724073,0.01606758363770206,0.0010919165621068388,4,-3.2790367645273155e-06,-8.333260016764236e-06,-0.00016322128073407034,19.62005665622535,0.025157652366308226,0.0025644831518186082,6,-3.2489312038128104e-06,0.00024619251399963865,0.009871210349338952,9.810035260010075,0.048846354535035164,0.009958446272696679,6,-1.62827127015569e-06,-3.118701863821863e-09,-5.352251316037354e-06,-4.841937824153628e-06,2
1.585,0.3380000000000001,-7.792511372492871e-06,-8.108961975158642e-05,29.50022410821013,0.07594181939420995,0.0051485588120040605,4,-3.274112381240757e-06,-8.984855138125855e-06,-0.00011046623572594413,19.691365197222925,0.06187273951595724,0.006284250878114145,4,-3.878801772390361e-06,0.0002991483196556119,0.01121126044188278,9.84526677800035,0.0509215373350879,0.010344369224991271,6,-1.6219170051803844e-06,-2.843057729539697e-06,-0.00015859629932324262,-0.00016014844833596022,2
1.59,0.35800000000000054,-8.304222757645135e-06,-0.0001273455779403832,29.455840668853106,0.11934669811560765,0.008103431808809722,4,-3.2819408567023867e-06,-9.547686846222281e-06,-0.00012677663884577182,19.645427585756966,0.10611707466078912,0.010803233902399206,4,-4.2678993980582725e-06,0.0003594064520314216,0.012774473291822845,9.822891727723277,0.07628832767777709,0.01553276362854892,6,-1.624612189027319e-06,-2.0303014956364079e-07,-3.588056130343346e-05,-3.532601715698503e-05,2
1.595,0.3780000000000001,-9.190175234994423e-06,-0.00022343992131909453,29.435094092341444,0.10217988349631386,0.006942725114162247,4,-3.2807483209239263e-06,-1.0331923935149461e-05,-0.00017619425713169206,19.625110648574243,0.08191304211616948,0.00834777888216599,4,-4.35058809473976e-06,0.00042804105655607313,0.014521487819582377,9.812613602083342,0.051870638048635315,0.010572236949720006,6,-1.6190802148291494e-06,3.2040055403119965e-07,-6.994079075532334e-06,-5.577384264302216e-06,2
1.6,0.3980000000000006,-1.0537711937666012e-05,-0.0002994427244047695,29.431141453608028,0.08182269107652752,0.005560279828460184,4,-3.27962689344527e-06,-1.134934803126399e-05,-0.00022869814932081477,19.62117013898226,0.07182254978644267,0.007320924213765374,4,-4.36750389343904e-06,0.0005056539223434969,0.016351785637314452,9.81069006596091,0.04878620353612149,0.009945519266863745,6,-1.6100724557557844e-06,1.44337729143065e-07,-1.3545839103155551e-06,8.390690511280656e-07,2
1.605,0.41800000000000015,-1.2119558827046785e-05,-0.0003231457139383626,29.430710854423815,0.06364191707767866,0.004324864417477192,4,-3.2792290808811297e-06,-1.266096703080092e-05,-0.0002884049799704104,19.620721997980773,0.06277867979411011,0.006399222189741117,4,-4.371006713625725e-06,0.0005925793156167935,0.018236984583113545,9.81063358114059,0.04944842042883164,0.01008057635011229,6,-1.594828611804766e-06,3.9962260165940194e-08,-2.7989042051039875e-07,3.728121937659362e-06,2
1.61,0.4379999999999997,-1.3712649013390694e-05,-0.0003112088704827739,29.43192241646542,0.039077959517413226,0.0026554812807981186,4,-3.2791788828374913e-06,-1.4198325584280418e-05,-0.0003141120941575107,19.62193132251435,0.04313070677598772,0.004396173451743686,4,-4.371854278643894e-06,0.0006890253017658179,0.020152404017404042,9.811932811233913,0.048793755519890125,0.009945798948811596,6,-1.5620520807252403e-06,-1.2769996739112375e-08,-1.2318457961928504e-07,9.599580721691418e-06,2
1.615,0.4580000000000002,-1.5166573321703268e-05,-0.0002684295685313262,29.35680781369627,0.014163790612997825,0.0009649407866743454,4,-3.2770213159692696e-06,-1.569700279930786e-05,-0.0002813678363772137,19.547207789756634,0.026027940520539118,0.002663085265219168,4,-4.367654254627817e-06,0.0007950766768651241,0.022078945021832226,9.73854457899009,0.048451081018387035,0.009950374129398198,4,-1.6153990602535417e-06,1.8539480161026602e-06,5.575316844970323e-06,-0.00011071249676847151,2
1.62,0.47799999999999976,-1.6308794282749985e-05,-0.00019457795578875893,29.44652482552965,0.008617459645417637,0.000585295527840789,4,-3.2792581077176197e-06,-1.6959620920956515e-05,-0.00022721781797537064,19.636269338250568,0.022721790148538184,0.002314267517636577,4,-4.372267547007869e-06,0.0009108640350544303,0.02405190517603718,9.825497526119724,0.049100886075688466,0.009994585199408084,4,-2.0572231554105702e-06,-5.66154408576611e-07,-1.6787604757462665e-06,-4.819640831360094e-05,2
1.625,0.4980000000000002,-1.710726802178893e-05,-0.0001361897801430002,29.43350546511918,0.020757952121434026,0.0014104981240534663,4,-3.2797935854318727e-06,-1.7928320543915516e-05,-0.0001667409786165681,19.623473594340314,0.029053239421710692,0.0029610699942634066,4,-4.37328307298368e-06,0.0010367931973051282,0.026134062760985084,9.81337952625001,0.048881618702778504,0.009962239526561478,4,-2.169506950179534e-06,8.140449180609443e-08,2.4849340254924293e-07,-1.0353930233013888e-05,2
1.6300000000000001,0.5179999999999998,-1.772143082466637e-05,-0.00011848478269835689,29.430584334675004,0.04429810915288148,0.003010345200702632,4,-3.2793472758210762e-06,-1.8628094844994297e-05,-0.00012314265298535496,19.620594914855293,0.04383022166404545,0.004467777032679104,4,-4.3723657613611855e-06,0.0011735499363794196,0.028374028348387918,9.810627629672293,0.04873751651029,0.009935657197483091,4,-2.1967256375460265e-06,7.092539344993021e-08,2.1982648013647508e-07,-2.75780033954597e-06,2
1.635,0.5380000000000003,-1.8366592338184876e-05,-0.00014354796250307065,29.430057077669574,0.07319590107942957,0.0049742275991009124,4,-3.2791291562743463e-06,-1.92285543859067e-05,-0.00012662180067664512,19.620061095407202,0.06487050827839316,0.006612671383941663,4,-4.37187964521385e-06,0.0013220204251885414,0.03080411342393452,9.810078917799075,0.04898762468607901,0.009987202976970455,4,-2.206683121487585e-06,2.5872654687167153e-08,8.98099064212225e-08,-1.4718841151045617e-06,2
1.6400000000000001,0.5579999999999998,-1.9242428756301096e-05,-0.00020830611411282296,29.42998994620605,0.0945977243480112,0.006428661682924306,4,-3.279056927662366e-06,-2.0001646939011145e-05,-0.0001789564003514235,19.61998859883075,0.07630306883324015,0.007778095124661531,4,-4.3716677438146445e-06,0.0014831778516817258,0.033423087234932695,9.809998984039282,0.04973087395000607,0.010138813272237323,4,-2.2139752410207936e-06,8.071736957096287e-09,3.6751326724270656e-08,-1.3989746603749644e-06,2
1.645,0.5780000000000003,-2.0513362266060247e-05,-0.00028598418323681524,29.430002391331136,0.08364813551357207,0.005684548332772909,4,-3.2790350839861926e-06,-2.1011416935210626e-05,-0.00022350836304716772,19.619999413747728,0.07215726313867697,0.007355480662055107,4,-4.37159369100909e-06,0.0016577522446493363,0.036147453821585414,9.81000227798495,0.048971565457328566,0.009984006949157957,4,-2.2209040282314407e-06,2.524334531675332e-09,1.143936584497777e-08,-1.3452764568636547e-06,2
1.6500000000000001,0.5979999999999999,-2.2048515430642303e-05,-0.000317465557211094,29.429986172553072,0.06798675974116342,0.00462023728740784,4,-3.279028543697049e-06,-2.228154187847731e-05,-0.00027790856584209057,19.619983362745664,0.06361689874684733,0.006484908531333702,4,-4.371553076511214e-06,0.0018461371354387952,0.038935536850947805,9.809983750417812,0.050265989355983046,0.010247925100557316,4,-2.227718696845571e-06,5.247107797615727e-10,9.124568205186957e-09,-1.3731001159123971e-06,2
1.655,0.6180000000000003,-2.3637131047153256e-05,-0.00031222066107196837,29.429985312373464,0.03818335662253647,0.002594860732498073,4,-3.2790291396855853e-06,-2.3736803735911096e-05,-0.0002935981071908894,19.619983628225548,0.04262280335532481,0.004344835771830832,4,-4.371491773826064e-06,0.0020485464966034563,0.041748114264284285,9.80998414634282,0.04872490175035327,0.009933737103646187,4,-2.2347640570435923e-06,-3.5468401100324765e-10,1.1852998159155669e-08,-1.4195526578347675e-06,2
1.6600000000000001,0.6379999999999999,-2.5084758070601808e-05,-0.0002648858198804215,29.42994769103941,0.013786773398615922,0.0009369213661778683,4,-3.2790306808694325e-06,-2.5134823695941038e-05,-0.0002624592856955555,19.619946829129578,0.026626995306899878,0.002714278029272433,4,-4.371444182645068e-06,0.002265042838166523,0.04457159881664136,9.809945433473143,0.04863778488684384,0.00991601537779889,4,-2.2422749163808486e-06,-1.7992033280755916e-10,8.021735786022753e-09,-1.5828107833456461e-06,2
1.665,0.6580000000000004,-2.6210744830294644e-05,-0.00019180447556941976,29.42989376245837,0.007204092586081082,0.0004895765267947268,4,-3.279029828585911e-06,-2.6297956353658466e-05,-0.00020581560527984367,19.61989324632622,0.02159950751701295,0.00220179664036219,4,-4.371394786283067e-06,0.0024957669461990015,0.04744366307602423,9.809890630178959,0.04867207924918274,0.009923062566966626,4,-2.2512737948079953e-06,4.328011620672314e-10,1.2296253118115139e-08,-2.000209784920205e-06,2
1.67,0.6779999999999999,-2.6994409707662354e-05,-0.00013286097059352008,29.42985916089609,0.024739196107987985,0.0016812310227334922,4,-3.2790265602142266e-06,-2.7151760762040845e-05,-0.00014260991975954788,19.61985883535298,0.03181047084056124,0.003242680908920917,4,-4.371312908098279e-06,0.002741123239031376,0.05042329818035082,9.809857405430813,0.05059385208526626,0.010314900613592429,4,-2.2631580345114366e-06,4.798286577426539e-10,1.933653081138612e-08,-2.676239002231785e-06,2
1.675,0.6980000000000004,-2.7588603958686557e-05,-0.0001140248265344221,29.42984765877598,0.04496300675058524,0.003055605810258231,4,-3.2790256554518504e-06,-2.7726236220158768e-05,-9.750316210926433e-05,19.619846169785454,0.04449397695470306,0.004535609155103748,4,-4.371222269893005e-06,0.0030017950089803866,0.053561274549008345,9.809844992288443,0.04876607193630424,0.009942271661711155,4,-2.2785312677395253e-06,2.786562856486044e-10,1.808824870881335e-08,-3.3734834527864198e-06,2
1.68,0.718,-2.8209953791213463e-05,-0.0001388010549177301,29.429840754825264,0.07240760996679517,0.00492069329018869,4,-3.279022933618675e-06,-2.8199794078311697e-05,-0.00010184908289183418,19.61983836511208,0.0637996368224291,0.0065035843451062645,4,-4.371134714610536e-06,0.0032786782588739,0.056892581017265395,9.809836945675718,0.048647148343939836,0.009918034033253535,4,-2.2977352580402788e-06,4.244762266595317e-10,1.9678802695110392e-08,-4.190454858957407e-06,2
1.685,0.7380000000000004,-2.9062919810072903e-05,-0.00020106850844812173,29.42987526602043,0.09732484551400529,0.006614016854252591,4,-3.2790213700083226e-06,-2.8863319309724615e-05,-0.00016621642387983524,19.619870932985712,0.08313761993134922,0.008474838617982438,4,-4.371019531948517e-06,0.0035727700685402224,0.060421791453439976,9.809871599001724,0.04891264843659051,0.009972128165585363,4,-2.3208572809824135e-06,2.7287402919717905e-10,2.5757236478973027e-08,-4.9096524951156496e-06,2
1.69,0.758,-3.0275335179169722e-05,-0.00027649058098589574,29.429942247055692,0.10016879000190054,0.006807270579127412,4,-3.279020679619604e-06,-2.9972402000429795e-05,-0.00026883509512839256,19.61993691017814,0.08559193902836348,0.008724996356533784,4,-4.370892115003466e-06,0.003884955832992355,0.06410278310007601,9.80993954282307,0.04898201454821712,0.009986201104379335,4,-2.346895687843631e-06,6.58989312263302e-12,2.4667521511822318e-08,-5.351994631555326e-06,2
1.695,0.7780000000000005,-3.184650010557926e-05,-0.00034101421330441097,29.429977452272762,0.07977099064762634,0.0054210704562715145,4,-3.2790209760838462e-06,-3.155748239091033e-05,-0.0003494142662329265,19.619972993740994,0.0699281817427526,0.00712826483146134,4,-4.370776347260852e-06,0.004215766769429897,0.06785104663901358,9.809974942262745,0.04839738410663846,0.009866974052733969,4,-2.374294363831353e-06,-1.0736302597813519e-10,2.1633248269380775e-08,-5.518169813565668e-06,2
1.7,0.798,-3.3621579815707114e-05,-0.00035673468114070454,29.42997258051868,0.04372353362415037,0.0029713608128261316,4,-3.2790228528638277e-06,-3.3390973828735015e-05,-0.0003692991435476484,19.61997039907086,0.04661989860701205,0.0047522904121425,4,-4.3706833083301255e-06,0.00456532085398691,0.07158978353479319,9.80997057542614,0.04919112302289415,0.010028801339346995,4,-2.4022370918586056e-06,-5.952841819009122e-10,1.5282619895095426e-08,-5.61748387275284e-06,2
1.705,0.8180000000000005,-3.527381234949541e-05,-0.0002969380116254935,29.429750366530197,0.01420978246615987,0.0009656746855943665,4,-3.279018712425835e-06,-3.5123868778004814e-05,-0.0003204395285387702,19.619749745968985,0.020295245210047587,0.0020688587237681143,4,-4.3705881829225746e-06,0.004933441686292209,0.07528411502644021,9.809744823933661,0.04841345889607798,0.009870482823968995,4,-2.4317044541311006e-06,2.569074697025609e-09,2.844866037872078e-08,-6.301539869031251e-06,2
1.71,0.8380000000000001,-3.64564050248525e-05,-0.0001841971488044425,29.4296742710958,0.01859182254377879,0.0012634745714490392,4,-3.2790097438673005e-06,-3.6500271882175485e-05,-0.0002342088240972341,19.61967426010117,0.007060013537263533,0.0007196871307512857,4,-4.370448849912167e-06,0.005320026653751867,0.07898827489946302,9.809670622626244,0.04875361237680722,0.009939908127874512,4,-2.4672522677543496e-06,1.3245253783126248e-09,3.008095600893694e-08,-7.770576294584655e-06,2
1.715,0.8580000000000005,-3.70885427787479e-05,-8.589058723561028e-05,29.42962368746828,0.0029269684753180677,0.00019891307523340362,4,-3.279003909690409e-06,-3.73959675974781e-05,-0.00013433239312587753,19.61962361384993,0.014007193597869323,0.0014278758730092388,4,-4.370298434544506e-06,0.005725371667006465,0.08279342957034229,9.809619797276168,0.04845085390099202,0.009878232776044051,4,-2.511076816931468e-06,9.699363517271526e-10,3.2204818770153283e-08,-9.558365131000605e-06,2
1.72,0.8780000000000001,-3.73881034330154e-05,-4.943017212345579e-05,29.42962115192732,0.03445084312742339,0.0023412359234646304,4,-3.2790016501367536e-06,-3.7828247269091336e-05,-5.288384399198094e-05,19.619620367446032,0.03532278770020673,0.0036007615885184268,4,-4.370136759232479e-06,0.006150213038937857,0.08677910576507342,9.809616701056164,0.048266297350508865,0.00984060821567314,4,-2.5642600963091122e-06,4.606553454500407e-11,3.331313456751344e-08,-1.145763250450515e-05,2
1.725,0.8980000000000006,-3.7691355676246304e-05,-7.876433405603913e-05,29.429611135600787,0.07787133501595628,0.005292039684598883,4,-3.279001196804937e-06,-3.8014680240404314e-05,-3.863981685086991e-05,19.619608264523634,0.06701822742576403,0.006831759994611823,4,-4.3699514877745815e-06,0.00659560595413259,0.0909980673619065,9.809604995159843,0.0486105842617379,0.009910813796421537,4,-2.627023398357742e-06,2.230164000608388e-10,4.1301585265784246e-08,-1.3391675808929518e-05,2
1.73,0.9180000000000001,-3.829635621797691e-05,-0.00016229229863907863,29.429716196306664,0.11181047513123518,0.007598474574842624,4,-3.2790009923122643e-06,-3.839149335755996e-05,-0.00011626963531672244,19.619711101296314,0.09213426921122485,0.009392010793180064,4,-4.369731207563843e-06,0.007062786218096726,0.095463414112378,9.809716661515793,0.05018699805143783,0.010232099413905592,4,-2.6993303140071534e-06,-6.697657965545327e-10,4.1805287855644465e-08,-1.517397734862979e-05,2
1.735,0.9379999999999997,-3.9396605740829126e-05,-0.0002651611705963399,29.42981063323011,0.10602056997441692,0.0072049780608989585,4,-3.279006243840643e-06,-3.925514688181724e-05,-0.00021924138233064133,19.61980295241641,0.08739613198140977,0.008908971429873194,4,-4.369554084816818e-06,0.007552745419655573,0.10007377246058351,9.809801628540946,0.04807745901129867,0.009801922777198796,4,-2.7781776222451926e-06,5.904944804491267e-11,3.579826862871653e-08,-1.61495117225211e-05,2
1.74,0.9580000000000002,-4.0933425229371276e-05,-0.0003366946714289921,29.429713180426027,0.08775795436194399,0.005963901436886079,4,-3.2789979587041773e-06,-4.062766110208334e-05,-0.0003145783096512343,19.619707724277625,0.07600866637302225,0.007748195583868802,4,-4.369329770499697e-06,0.008065948547302073,0.10474549012506347,9.80970865642426,0.048594463735701976,0.009907422419498269,4,-2.8625079271718534e-06,1.9021206006301088e-09,5.148215398182925e-08,-1.743968279064967e-05,2
1.745,0.9779999999999998,-4.27084913567543e-05,-0.0003605476884482008,29.429687371720746,0.045582039711200985,0.0030976910583835273,4,-3.2789936836620515e-06,-4.2331947113915735e-05,-0.00035066289939841735,19.619684381406106,0.04700794327060923,0.004791916358772766,4,-4.369104668611179e-06,0.008602521832635823,0.10941060364379071,9.80968434100605,0.04795991447708011,0.009778074973646194,4,-2.9539218137433765e-06,2.318356636025203e-10,4.034160085293264e-08,-1.8908085713439936e-05,2
1.75,0.9980000000000002,-4.4408696395164204e-05,-0.00031071512183741443,29.42952108534159,0.02750416004135376,0.0018691544426832807,4,-3.27899089831718e-06,-4.3992421378943425e-05,-0.0003069870176006717,19.61951955994195,0.031740842780155314,0.003235639148367528,4,-4.368918921311693e-06,0.009162278244733677,0.11402260791736729,9.80951163950467,0.049819654567092,0.010157417901714757,4,-3.0535454584312838e-06,1.5229832009325823e-09,3.987842632309152e-08,-2.0824604909956414e-05,2
1.7550000000000001,1.0179999999999998,-4.5660958869579095e-05,-0.00019608982582974314,29.429250729576275,0.025988553995643,0.00176617163885349,4,-3.2789751553512214e-06,-4.5296238446339735e-05,-0.00021814364705392047,19.619250462058645,0.013345906103080972,0.0013604909248587664,4,-4.368687540695637e-06,0.009745033597500785,0.11862501196890676,9.80924197323349,0.0483515913555575,0.009858374681243391,4,-3.16614200455978e-06,3.966366481525153e-09,5.618983737427569e-08,-2.4015351858529657e-05,2
1.76,1.0380000000000003,-4.6320512776003215e-05,-8.515595415642689e-05,29.429088002341445,0.010557787552605632,0.0007175069476679421,4,-3.2789559852031136e-06,-4.6092689581450446e-05,-0.00011063590946887639,19.619088134369242,0.009413169873489419,0.0009595930054464842,4,-4.36840674258171e-06,0.010350994326519605,0.12331284659770997,9.809081668759147,0.047752075905055744,0.009736298976313121,4,-3.2978901610691835e-06,3.3422664032415347e-09,6.138851151167228e-08,-2.8265927713663765e-05,2
1.7650000000000001,1.0579999999999998,-4.6575660877139364e-05,-3.437742739610131e-05,29.429045709222983,0.026597040567784874,0.0018075367329664675,4,-3.2789454076399827e-06,-4.637573035264032e-05,-1.7407379640662797e-05,19.619045060648677,0.029863924157525305,0.0030443810149990954,4,-4.368117302054608e-06,0.010980844867633911,0.12817557850836944,9.809039363039334,0.04769553478371162,0.009724812597537205,4,-3.452393568720291e-06,1.0863327189384326e-09,5.8380010923463715e-08,-3.297172594933728e-05,2
1.77,1.0780000000000003,-4.677515508946305e-05,-5.4305056239227104e-05,29.428981386830664,0.07304805187035004,0.004964361552998822,4,-3.2789405020952622e-06,-4.6351845929937404e-05,7.837657919635648e-06,19.618978134078283,0.06338277775223364,0.006461374014392459,4,-4.367814172547002e-06,0.011635642941473668,0.13327752456923755,9.808971773383231,0.047705724024973785,0.009726957142322272,4,-3.631043236314302e-06,1.09545172759773e-09,6.608320725138766e-08,-3.793043350975044e-05,2
1.7750000000000001,1.0979999999999999,-4.7253578265340895e-05,-0.0001379649064501992,29.429457517926522,0.11160179000987293,0.0075843593067858855,4,-3.2789517099632293e-06,-4.648392360330134e-05,-6.616878562446608e-05,19.61945156949649,0.09155410687478015,0.009332993488678824,4,-4.367501062023382e-06,0.012316688800388052,0.13864303429191324,9.809455633335748,0.04914313352187089,0.010019543460672048,4,-3.833846812843766e-06,-7.939629489814526e-09,4.3290188308908005e-08,-4.211947639037504e-05,3
1.78,1.1180000000000003,-4.823777635720849e-05,-0.0002432515756645952,29.42932375303346,0.10781161119620303,0.007326815396843104,4,-3.278968022827483e-06,-4.710459824592566e-05,-0.00017167586672965196,19.619313225743024,0.08790491996694172,0.008961059845010205,4,-4.3672456251850345e-06,0.013025044994208316,0.1441623215673448,9.80930373289973,0.04747097748131234,0.009678765949941574,4,-4.052038146920567e-06,2.140862140056821e-09,5.748802544864799e-08,-4.493722740856698e-05,3
1.7850000000000001,1.138,-4.968224850419714e-05,-0.0003201034239434843,29.428906520069113,0.09287015107358339,0.0063114917987353945,4,-3.2789357342945247e-06,-4.824404574880486e-05,-0.00027247234023748435,19.618899564966185,0.08008672963668888,0.008164242787572159,4,-4.36685373340906e-06,0.013761199689610247,0.14974919459949804,9.808894239175524,0.047696014619262685,0.009725054314230576,4,-4.289096595520847e-06,7.939490024580277e-09,1.0082851313981603e-07,-4.959615594710465e-05,3
1.79,1.1580000000000004,-5.139586645513616e-05,-0.0003532116547009385,29.428775023939213,0.05607171683585955,0.0038106728391003224,4,-3.278908691367599e-06,-4.97957413611465e-05,-0.0003313009933550178,19.618770741765744,0.05408446428832955,0.005513542616937864,4,-4.366411555538352e-06,0.01452535903708298,0.1553511406378787,9.808767696508669,0.047092114864938334,0.009602045093126284,4,-4.553216686249695e-06,3.772183619734973e-09,8.516420177180276e-08,-5.538483860112497e-05,3
1.795,1.178,-5.3109348267589154e-05,-0.0003235394987924861,29.428466927240347,0.026120591198123225,0.0017751921133169733,4,-3.278888652653855e-06,-5.1432464129860106e-05,-0.00031143845724129955,19.618464636990517,0.03359772341726246,0.003425112417198451,4,-4.366035812976288e-06,0.015317430628578915,0.16091246575725032,9.808444768858504,0.04793187592995535,0.009773593481840773,4,-4.848751210526081e-06,4.893421863319317e-09,7.72148086111805e-08,-6.224974376199589e-05,4
1.8,1.1980000000000004,-5.447814419708335e-05,-0.0002245747544351148,29.427829611867175,0.029414689784496965,0.0019991069795126915,4,-3.278848260741818e-06,-5.278422603315332e-05,-0.00023151176810777319,19.617828516116052,0.02142717508843535,0.002184459413622962,4,-4.365614616981539e-06,0.01613720441876231,0.16644537590664682,9.807812070739448,0.04787583180212178,0.009762795505626412,4,-5.1848926688052854e-06,1.0695257664441795e-08,1.0386120421053061e-07,-7.163032304949581e-05,4
1.805,1.218,-5.527005363668786e-05,-0.00010705784651225777,29.427254479105322,0.018559970111271695,0.0012614136411842369,4,-3.278790156893696e-06,-5.366200662935264e-05,-0.00012824053911353377,19.617254497595802,0.009208350476752912,0.0009388011434404793,4,-4.365114748432208e-06,0.016984764215520455,0.17203745259291314,9.807240834002375,0.04651391460838486,0.009485627078131484,4,-5.576835212309228e-06,1.1614794790884345e-08,1.1506988594618332e-07,-8.413723094110672e-05,4
1.81,1.2380000000000004,-5.558246627556683e-05,-3.630308224272697e-05,29.42681232722565,0.015517292082410218,0.001054636289507555,4,-3.278737339993537e-06,-5.402762971189789e-05,-3.188626008921164e-05,19.6168115665917,0.022845053877078154,0.0023291301748531138,4,-4.364594523909027e-06,0.017860674967941956,0.1777844294261532,9.806798528468423,0.04615699495168873,0.009413264648539138,4,-6.038387669084211e-06,9.598320242656725e-09,1.1339111292158956e-07,-9.9112662721652e-05,4
1.815,1.258,-5.573254771446782e-05,-3.547152627002635e-05,29.426235752303725,0.06300212942771424,0.004282037971695508,4,-3.278685582117774e-06,-5.405613875386533e-05,5.175841610881223e-07,19.616231692359086,0.05687090254032188,0.0057983514297982345,4,-4.364046536919908e-06,0.018765935502156987,0.1837666921116592,9.806215715512836,0.04588695494839,0.009358748834333642,4,-6.581407187740418e-06,1.1408449195163043e-08,1.2840521454400212e-07,-0.00011660227468458418,4
1.82,1.2780000000000005,-5.608159818938068e-05,-0.00010797382376545631,29.443758231839254,0.11037300827757587,0.007497209249478424,4,-3.2787361087076305e-06,-5.421495345748982e-05,-7.324984934927092e-05,19.63389959551528,0.09188780183458507,0.009360117320307965,4,-4.363651204777885e-06,0.019701882039481047,0.19002986816369064,9.824324993206456,0.047877775635716144,0.009746781721660009,4,-7.232309553711902e-06,-4.2193595665014096e-07,-1.1907639693438561e-06,-0.0001265612257014531,5
1.825,1.298,-5.691377051642118e-05,-0.00021303712222280982,29.414208991168227,0.11560120887049852,0.007860228973365111,4,-3.278756577448916e-06,-5.490294943179704e-05,-0.00019365933138137755,19.6038955325403,0.09381430931825775,0.009570986456496502,4,-4.36328838030603e-06,0.020669704536771076,0.1964743764999015,9.792979823991384,0.046654079639822835,0.00952806612049319,2,-7.908724747950069e-06,2.4145105036948147e-07,7.8149691203162e-07,-0.00014785434854061154,2
1.83,1.3180000000000005,-5.823530480457786e-05,-0.00030308462151560473,29.249779371073075,0.09604303682237776,0.006567094787549795,4,-3.2707804441152455e-06,-5.6222217944088806e-05,-0.00032233373699138063,19.439173634014022,0.08004113516838546,0.008235034747396066,4,-4.3471527727753645e-06,0.021670057683330024,0.2030319165131255,9.627352043419874,0.03723557221173871,0.007735371479884455,2,-9.636020330952566e-06,2.873163866089759e-06,8.637031610345857e-06,-0.0006283346417378719,2
1.835,1.338,-5.9938784208065626e-05,-0.0003669252885170513,28.948033151987715,0.058553373013554504,0.004045412875280885,4,-3.2481914479971785e-06,-5.819879046373615e-05,-0.0004497493550137827,19.137448244561813,0.04774083416701547,0.004989258082574486,4,-4.302050112849065e-06,0.022703592919451888,0.20973595921200408,9.32562728773999,0.016468934912452316,0.0035319736473069926,2,-1.6856683852733978e-05,5.846129423662075e-06,1.7488116193417016e-05,-0.002318214693938649,2
1.84,1.3580000000000005,-6.181119360980096e-05,-0.0003620798708215934,28.52930972966058,0.04137269665492957,0.0029003643654172484,4,-3.211386425693019e-06,-6.068084060420717e-05,-0.0005313944380283906,18.71881705589734,0.031494388174422155,0.0033649977004823486,4,-4.228968457066495e-06,0.023771039392636698,0.21658469568039468,8.90727527925876,0.027288836227762157,0.006127313992710251,2,-3.7387782324455054e-05,8.533965017222525e-06,2.5452433260674217e-05,-0.005847209971308104,2
1.845,1.3780000000000001,-6.333114920897357e-05,-0.00023473196274563063,28.022515999167176,0.1361334678752125,0.009716006077345686,4,-3.1626421427601026e-06,-6.345401580662942e-05,-0.0005888886104183618,18.212131040593384,0.09140427353081228,0.010037735103824968,4,-4.132486914401601e-06,0.024873233064055193,0.2236474813716291,8.401319968522987,0.08756755199295142,0.020846141397075354,2,-8.186967511650961e-05,1.0660563691007366e-05,3.17476236679541e-05,-0.011720881561871338,2
1.85,1.3980000000000006,-6.391524350066352e-05,-3.032349028447503e-05,27.457825645643428,0.12837303426257052,0.009350560814194601,4,-3.1049397312445104e-06,-6.736905030143161e-05,-0.0009958117512545845,17.64759018466086,0.09187603505752794,0.010412303787220288,4,-4.018322353721571e-06,0.026012527039531084,0.23144482796001634,7.8385945863978765,0.16822294459355389,0.04292171070703595,2,-0.0001630738524783168,1.2141725185349777e-05,3.616420135452377e-05,-0.020300986287191437,2
1.855,1.4180000000000001,-6.36916619787145e-05,9.639175850078726e-05,26.85694019682534,0.10521406108096613,0.007835148777923934,4,-3.041439177162153e-06,-7.435320193869908e-05,-0.0017903646504275053,17.046775713042464,0.08495297747152361,0.009967043492749917,4,-3.892664774594878e-06,0.027193536322951822,0.24025696230243804,7.241020015988125,0.26427636935937837,0.07299423804266743,2,-0.00029516210536459364,1.3105138757146632e-05,3.904664088247963e-05,-0.03180519685679254,2
1.86,1.4379999999999997,-6.293169145250641e-05,0.0001774446574089282,26.47087584023385,0.0938775210642946,0.007092891193392811,4,-2.9938218943925676e-06,-8.670948393105285e-05,-0.0031384238894204405,16.643489176125264,0.08484467141626227,0.01019553899046243,4,-3.7997607570602887e-06,0.028421684195756438,0.25031585187365757,6.79114681314563,0.37900870738570996,0.11161846969706571,2,-0.0004956352466269076,3.0762716093875556e-06,9.996908162967343e-06,-0.04587874336640032,2
1.865,1.4580000000000002,-6.191375334589817e-05,0.00022462945867286041,25.903690296667612,0.08794691536650795,0.006790300096957375,4,-2.918559569121265e-06,-0.00010696723483539315,-0.004960037889157468,16.078332218072283,0.08073430769200975,0.010042622157199015,4,-3.6504753743865637e-06,0.02970306527890389,0.2614957973776883,6.24035521766436,0.4966246345923388,0.15916550172867097,2,-0.0007759620975829537,8.693896597691799e-07,2.9112937873751352e-06,-0.06361261726919763,2
1.87,1.4779999999999998,-6.0723677131826204e-05,0.00024300018028863005,20.18742838630877,0.03494907758065666,0.0034624595973164487,4,-2.8161342252377985e-06,-0.00013756734706674053,-0.006997083246630422,10.23727226546023,0.05131884547302914,0.010025882704355725,4,-3.443639063953341e-06,0.03104321229660465,0.2732502983741852,0.0,0.0,nan,0,-0.0011547365148943042,8.075409766230296e-05,0.0002463963215591855,-0.08724970616758526,2
1.875,1.4980000000000002,-5.941282267108961e-05,0.00026296269773399677,20.15696499608077,0.03477115075257943,0.0034500383127460087,4,-2.745433906308631e-06,-0.0001808925316729751,-0.009733949694437518,10.214465478921824,0.05105503577719236,0.00999661428834383,4,-3.3034300469247935e-06,0.03244743689525098,0.286497162383629,0.0,0.0,nan,0,-0.001648526352194743,6.657997079220662e-05,0.00020355630464271462,-0.11138868438408495,2
1.8800000000000001,1.5179999999999998,-5.804761036085925e-05,0.0002782383370379754,24.281303663258207,0.07483590028499627,0.006164075975725791,4,-2.692173916334778e-06,-0.00023884597589337176,-0.01315154420792579,14.463266503071484,0.07205507483169954,0.009963872935121205,4,-3.1992477380685114e-06,0.03392009246592133,0.30120582336114743,4.699903644733514,0.8298439063966659,0.353132306159744,2,-0.002274524997438722,-7.65108076053162e-06,-2.2972600598889794e-05,-0.13713555011352782,3
1.885,1.5380000000000003,-5.66840728309757e-05,0.00026935473105573583,20.054087594613527,0.038237737619458805,0.003813460716081579,4,-2.600461868729198e-06,-0.00031228423101917343,-0.016026576621397223,10.136879923917665,0.05051850718941729,0.00996726952841187,4,-3.014043304820635e-06,0.035463410371379456,0.31494244155254636,0.0,0.0,nan,0,-0.003051823528620781,4.362150302407302e-05,0.000133888555226264,-0.1703266445851171,2
1.8900000000000001,1.5579999999999998,-5.535477291528032e-05,0.0002582682917971713,19.798251922411403,0.04119552027718938,0.004161531072403065,4,-2.4941689995491845e-06,-0.0004009316522989772,-0.018721486754672483,9.943638520636767,0.04949993181941689,0.00995610041871213,4,-2.8004865498462705e-06,0.037077309155342277,0.32840528051483364,0.0,0.0,nan,0,-0.00399932421462023,5.467406790545942e-05,0.00016553286393616696,-0.20698004867961417,2
1.895,1.5780000000000003,-5.407070042299131e-05,0.000252507325023536,24.249103980343143,0.07880819429382944,0.00649988505618295,4,-2.4223802550515927e-06,-0.000503859089276569,-0.021794382938439733,14.565250426329339,0.07243438442616626,0.009946191422184947,4,-2.6582160038354785e-06,0.0387603690565523,0.34270802693865604,5.395533344091761,1.6405098895334942,0.6080992498470581,2,-0.005133411933828942,-1.067614816183932e-05,-3.498151584939434e-05,-0.24447212710060567,2
1.9000000000000001,1.5979999999999999,-5.284186326163931e-05,0.00023919372036621087,19.662362329009365,0.04493657543175663,0.004570821621515774,4,-2.345117097731636e-06,-0.000618273899830219,-0.023419885659414243,9.841455059321014,0.04893704035122939,0.009945082318875248,4,-2.503605879847215e-06,0.040507434393812956,0.35420297130516104,0.0,0.0,nan,0,-0.006472432710825468,3.590280089059044e-05,0.00010749595629410903,-0.2879472189015509,2
1.905,1.6180000000000003,-5.167212562760212e-05,0.000228665480854546,19.63005056370923,0.04608425403860557,0.0046952761419578985,4,-2.280256379518647e-06,-0.0007398874403306989,-0.024631993592928527,9.817346433449407,0.048801635099866986,0.009941919729671823,4,-2.3763209965402265e-06,0.04231034803674903,0.3649555270644377,0.0,0.0,nan,0,-0.008033819223882833,2.363184433608817e-05,7.028791965027562e-05,-0.3332483381676165,2
1.9100000000000001,1.638,-5.055360283685708e-05,0.00021864989243867565,19.612407652539176,0.047125885330634616,0.004805721578455293,4,-2.2336185692660437e-06,-0.0008654035025868203,-0.025188282091400647,9.804244728333515,0.04912115625449758,0.010020385581061886,4,-2.2856879942842467e-06,0.04416294158361744,0.3744840276749895,0.0,0.0,nan,0,-0.00982831516676163,1.3948292067624434e-05,4.110176504838684e-05,-0.38050127165029024,2
1.915,1.6580000000000004,-4.948614491530902e-05,0.00021001411953586248,19.615356388833256,0.04744751607278117,0.004837792914106049,4,-2.1963497674887256e-06,-0.0009906492163865967,-0.02493602786115849,9.806533945366333,0.048737298682291354,0.009939760358514871,4,-2.2141040996390138e-06,0.046057324316875814,0.38248540921765023,0.0,0.0,nan,0,-0.011865817877709496,3.510749757171416e-06,1.0157928920393615e-05,-0.42955127165029017,2
1.92,1.678,-4.844977742288687e-05,0.0002054976763556558,19.619006870288846,0.04809338959632761,0.004902734365128396,4,-2.1881670200368797e-06,-0.001114645486096114,-0.024687809900405144,9.809254474497997,0.048742143574440185,0.009937991455142596,4,-2.1991378458471877e-06,0.04799198869647305,0.39058670770007703,0.0,0.0,nan,0,-0.014148484884962155,7.284401238170636e-07,1.9365138128063878e-06,-0.4786012716502901,2
1.925,1.6980000000000004,-4.742924217471747e-05,0.00020318696580921608,19.61978938341421,0.048396178316373405,0.00493340446939615,4,-2.1864770454495253e-06,-0.0012374073859967851,-0.02444179325355271,9.809839234126558,0.048739909218225526,0.00993694352271721,4,-2.197028530076528e-06,0.04996743453850568,0.398788001763771,0.0,0.0,nan,0,-0.016676382542503927,1.5006845926285215e-07,1.866960667290897e-07,-0.5276512716502904,2
1.93,1.718,-4.641706587938869e-05,0.00020193297272753065,19.619952666156003,0.048548376104110606,0.004948878004976588,4,-2.1861291058383747e-06,-0.0013589424399871176,-0.024196849797107314,9.8099616863921,0.048736197457128094,0.009936062752361727,4,-2.19772147595082e-06,0.051984161893580814,0.40708931230040735,0.0,0.0,nan,0,-0.019449526055749164,3.087374465243661e-08,-1.9665614136850848e-07,-0.5767012716502908,2
1.935,1.7380000000000004,-4.5409411556606135e-05,0.0002012704785647153,19.619986695734685,0.048638641953552754,0.004958070839479889,4,-2.1860575677920546e-06,-0.0014792545764631395,-0.023952516665636688,9.809987291573933,0.04873245182128152,0.009935273180861133,4,-2.199091122666308e-06,0.054042670853114184,0.41549064166309946,0.0,0.0,nan,0,-0.022467918615891973,6.341309505107998e-09,-2.940749579945688e-07,-0.6257512716502913,2
1.94,1.758,-4.44039925029166e-05,0.00020097357841500802,19.619993836429447,0.048693319134546616,0.004963642653560394,4,-2.186042896014373e-06,-0.0015983461752610817,-0.023708567488020003,9.809992684956491,0.04872884305855135,0.009934531986609218,4,-2.2006890848594307e-06,0.05614346151023858,0.4239919893856325,0.0,0.0,nan,0,-0.025731560890853017,1.2963491773921554e-09,-3.315254658183463e-07,-0.6748012716502918,2
1.945,1.7780000000000005,-4.339939815152002e-05,0.00020089947652054228,19.619995397824752,0.04872472310981801,0.004966843480016318,4,-2.1860399163527167e-06,-0.0017162187368614315,-0.0234648587936468,9.809993873555882,0.04872536073665102,0.009933820828980654,4,-2.2024195105649347e-06,0.058287033954867666,0.4325933547931538,0.0,0.0,nan,0,-0.029240453021658397,2.5914237694498966e-10,-3.5610293114614824e-07,-0.7238512716502923,2
1.95,1.798,-4.239478337480431e-05,0.0002009570201666728,19.619995804899144,0.04874178558624118,0.004968582671569204,4,-2.186039341458418e-06,-0.0018328731932329072,-0.023221298875317153,9.809994190778465,0.04872197650772013,0.009933130552415513,4,-2.204260335175734e-06,0.06047388827384255,0.44129473733117797,0.0,0.0,nan,0,-0.03299459503966011,4.557060600992813e-11,-3.775935365942417e-07,-0.7729012716502928,2
1.955,1.8180000000000005,-4.1389652030524374e-05,0.0002010916365311433,19.619995975976295,0.04875045974852754,0.004969466844765926,4,-2.186039262951772e-06,-0.0019483101249631245,-0.022977832739140506,9.809994330396293,0.048718666203462574,0.009932455527014456,4,-2.206204856594618e-06,0.06270452455160863,0.45009613657863684,0.0,0.0,nan,0,-0.03699398695346871,1.245379853767054e-12,-3.9801681579806004e-07,-0.8219512716502932,2
1.96,1.838,-4.038371320948609e-05,0.0002012715451911245,19.619996101097655,0.04875426507321818,0.004969854715770365,4,-2.1860392884869018e-06,-0.0020625299055923012,-0.022734428283678946,9.809994436260029,0.048715413257625524,0.009931792229679966,4,-2.2082495044137285e-06,0.0649794428707969,0.4589975522145153,0.0,0.0,nan,0,-0.04123862876704685,-8.241993699673594e-12,-4.1777664425686965e-07,-0.8710012716502937,2
1.965,1.8580000000000005,-3.937679564056436e-05,0.00020147814801742134,19.619996218695647,0.04875521878771901,0.004969951904604424,4,-2.1860393370765063e-06,-0.0021755327876075386,-0.022491066654168692,9.809994537283844,0.04871220749178307,0.0099311385560201,4,-2.2103912923135405e-06,0.06729914331262338,0.4679989839821787,0.0,0.0,nan,0,-0.04572852048346182,-1.0489082436979651e-11,-4.3694475021001866e-07,-0.9200512716502942,2
1.97,1.8780000000000001,-3.836879842516937e-05,0.0002017004602725404,19.619996335890026,0.04875449775923921,0.004969878375568774,4,-2.1860393917029486e-06,-0.002287318951954674,-0.02224773664780954,9.809994638617962,0.048709042898511086,0.009930493276064267,4,-2.212627308199877e-06,0.06966412595713527,0.4771004316635645,0.0,0.0,nan,0,-0.05046366210564278,-1.1185486260476545e-11,-4.55528484911335e-07,-0.9691012716502947,2
1.975,1.8980000000000006,-3.735966229962688e-05,0.00020193197948416777,19.619996453638976,0.04875279924074624,0.004969705204172341,4,-2.186039448612287e-06,-0.002397888536921656,-0.022004431566758735,9.809994740800628,0.04870591594213608,0.009929855668436582,4,-2.21495462731508e-06,0.07207489088335682,0.486301895063302,0.0,0.0,nan,0,-0.05544405363651824,-1.1516846088941427e-11,-4.7352512047001637e-07,-1.0181512716502947,2
1.98,1.9180000000000001,-3.634935262889547e-05,0.00020216886255822983,19.619996571841913,0.04875053679707998,0.004969474547925807,4,-2.1860395068365457e-06,-0.0025072416552306574,-0.021761147385942266,9.809994843630431,0.04870282453119405,0.009929225306946312,4,-2.2173703068742445e-06,0.07453193816937523,0.49560337399941146,0.0,0.0,nan,0,-0.06066969507903191,-1.1737918138496887e-11,-4.90931814621861e-07,-1.067201271650294,2
1.985,1.9379999999999997,-3.533784932347819e-05,0.00020240884088669657,19.61999669027105,0.04874795484568166,0.004969211322023746,4,-2.186039566035719e-06,-0.002615378404171917,-0.02151788166270074,9.809994946884752,0.048699767426835856,0.009928601939249906,4,-2.219871392324102e-06,0.0770357678923912,0.5050048682978415,0.0,0.0,nan,0,-0.06614058643613874,-1.1922023314046007e-11,-5.07746826340879e-07,-1.1162512716502935,2
1.99,1.9580000000000002,-3.432514087933597e-05,0.000202650575390482,19.619996808808345,0.04874519759486022,0.004968930226632473,4,-2.186039626077968e-06,-0.0027222988715938797,-0.021274632888598124,9.809995050405025,0.04869674389587282,0.009927985416029803,4,-2.222454922824746e-06,0.07958688012874914,0.514506377789235,0.0,0.0,nan,0,-0.07185672771079968,-1.2076065426445121e-11,-5.239693433497138e-07,-1.1653012716502928,2
1.995,1.9779999999999998,-3.3311220860803354e-05,0.00020289327545524463,19.619996927338597,0.04874235015207257,0.004968639937364592,4,-2.1860396868557397e-06,-0.0028280031394380682,-0.021031400106440862,9.809995154085026,0.0486937535044228,0.009927375648936178,4,-2.2251179352950068e-06,0.08246841611022564,0.7627126415997566,0.0,0.0,nan,0,-0.07692751760703004,-1.2215292722803634e-11,-5.395991870525607e-07,-0.4690148071666983,2
2.0,1.9980000000000002,-3.229608582482956e-05,0.00020313647425868587,19.619997045795415,0.04873946277335464,0.004968345577177297,4,-2.1860397482961758e-06,-0.002932491285825371,-0.020788182684471978,9.809995257858157,0.048690795995381383,0.00992677258561941,4,-2.2278574669035156e-06,0.08639999210870278,0.7907851223174157,0.0,0.0,nan,0,-0.07905983558105822,-1.2346438483721296e-11,-5.54636571934738e-07,-0.44639479966047974,2
2.005,2.0180000000000007,-3.127973409527056e-05,0.00020337989619922272,19.619997164138052,0.04873656513800341,0.004968050171493947,4,-2.1860398103645817e-06,-0.003035763386287987,-0.020544980183131042,9.80999536167933,0.04868787121597322,0.009926176194978048,4,-2.230670556650771e-06,0.08932302119605084,0.3922113444593153,0.0,0.0,nan,0,-0.07931061989227317,-1.246889519515903e-11,-5.690819858335715e-07,0.321477924814065,2
2.0100000000000002,2.0380000000000003,-3.0262165039011282e-05,0.0002036233786049197,19.619997282333017,0.04873367477230305,0.004967755506896597,4,-2.1860398729915687e-06,-0.0031378195144970158,-0.020301792276368177,9.809995465516275,0.04868497907502869,0.009925586458457454,4,-2.2335542464863023e-06,0.09131126597606552,0.4021129130701468,0.0,0.0,nan,0,-0.07783811488445039,-1.2572091757565567e-11,-5.829360903425084e-07,0.2724279248140651,2
2.015,2.058,-2.9243378638488237e-05,0.0002038668254889804,19.61999740035317,0.04873080202398705,0.004967462638207064,4,-2.1860399361285643e-06,-0.003238659742692141,-0.0200586187051665,9.809995569342123,0.04868211951775965,0.009925003364914744,4,-2.236505582120518e-06,0.09334929363872206,0.4121144960520611,0.0,0.0,nan,0,-0.07661085980898127,-1.2676664108344219e-11,-5.961996955406633e-07,0.22337792481406515,2
2.02,2.0779999999999994,-2.8223375239265472e-05,0.0002041101802423975,19.619997518185166,0.048727953002810125,0.004967172188237608,4,-2.1860399997512825e-06,-0.003338284141935392,-0.019815459250096926,9.809995673139827,0.048679292510905574,0.009924426907586001,4,-2.2395216135451257e-06,0.09543760425542801,0.422216093242238,0.0,0.0,nan,0,-0.07562885466881591,-1.2761255997393298e-11,-6.088737192671742e-07,0.17432792481406523,2
2.025,2.0980000000000008,-2.7202155400979846e-05,0.00020435340950845807,19.619997635793705,0.04872513131553176,0.004966884524658674,4,-2.1860400637764565e-06,-0.0034366927822610032,-0.019572313715111363,9.809995776889224,0.048676498033883416,0.009923857082295068,4,-2.242599395692324e-06,0.09757669789677725,0.43241770447798644,0.0,0.0,nan,0,-0.07489209946689941,-1.2845664921687918e-11,-6.209591754567553e-07,0.1252779248140653,2
2.0300000000000002,2.1180000000000003,-2.6179719809320894e-05,0.00020459649366153077,19.61999775318843,0.04872233909104468,0.004966599864480296,4,-2.1860401282214337e-06,-0.003533885732763937,-0.01932918191797341,9.809995880564525,0.048673736073586035,0.00992329388639561,4,-2.2457359887331774e-06,0.0997670746325505,0.4427193295966954,0.0,0.0,nan,0,-0.0744005942061716,-1.2917975079549386e-11,-6.324571810879162e-07,0.07622792481406525,2
2.035,2.138,-2.5156069224055627e-05,0.00020483942118410542,19.619997870331527,0.04871957758579701,0.004966318335790296,4,-2.1860401929821305e-06,-0.0036298630616521735,-0.01908606368460685,9.809995984161493,0.04867100662145478,0.009922737318146807,4,-2.2489284587576264e-06,0.10200923453171538,0.45312096843580624,0.0,0.0,nan,0,-0.07415433888956649,-1.2981291542732965e-11,-6.433689220742462e-07,0.027177924814065238,2
2.04,2.1579999999999995,-2.4131204448336268e-05,0.0002050821853467818,19.61999798720675,0.048716847540602654,0.0049660400141089255,4,-2.1860402580481386e-06,-0.00372462483627762,-0.01884295884575895,9.809996087653547,0.04866830967145276,0.009922187376344559,4,-2.252173877927144e-06,0.10430367766242703,0.4636226208327957,0.0,0.0,nan,0,-0.07415333352001194,-1.3039533842604802e-11,-6.536956856669403e-07,-0.021872075185934762,2
2.045,2.178000000000001,-2.310512631057395e-05,0.0002053247822477531,19.619998103793904,0.048714149392269035,0.004965764943967983,4,-2.1860403233917025e-06,-0.0038181711231543786,-0.01859986723502992,9.809996191021138,0.048665645219139596,0.009921644060103128,4,-2.2554693251616853e-06,0.10665090409202793,0.4742242866251657,0.0,0.0,nan,0,-0.07439757810042902,-1.309675651365082e-11,-6.634388528457732e-07,-0.07092207518593477,2
2.05,2.1980000000000004,-2.2077835653736054e-05,0.00020556720965498817,19.619998220087844,0.04871148339766565,0.004965493151553156,4,-2.1860403889850666e-06,-0.0039105019879695615,-0.01835678868770917,9.80999629424899,0.04866301326102877,0.009921107368726931,4,-2.258811886514389e-06,0.1090514138870482,0.4849259656504377,0.0,0.0,nan,0,-0.07488707263373176,-1.3135311450671582e-11,-6.725998963393506e-07,-0.11997207518593482,2
2.055,2.218,-2.104933332902469e-05,0.00020580946632282933,19.619998336050813,0.04870884970779589,0.0049652246522667335,4,-2.1860404547484336e-06,-0.004001617495589699,-0.018113723040088348,9.809996397314803,0.048660413794158995,0.009920577301634554,4,-2.2621986557266882e-06,0.11142015889368667,0.42521188359170264,0.0,0.0,nan,0,-0.07541476131238775,-1.3169078217831742e-11,-6.811803879472519e-07,0.0019356989502250029,2
2.06,2.2379999999999995,-2.0019620192143294e-05,0.00020605155158763254,19.619998451671222,0.04870624841081717,0.0049649594550980605,4,-2.186040520664456e-06,-0.0040915177100645465,-0.017870670129054914,9.809996500198505,0.048657846815919885,0.009920053858313873,4,-2.2656267346307657e-06,0.11331776677978478,0.38259665476091853,0.0,0.0,nan,0,-0.07500700812142519,-1.3194647098178068e-11,-6.891820063719875e-07,0.0632910597578024,2
2.065,2.258000000000001,-1.8988696946393218e-05,0.0002062934283403758,19.619996280991025,0.05069591593893871,0.005167780382104946,4,-2.1860405288419427e-06,-0.0041802026963728344,-0.01762763145102019,9.809994303203823,0.050381097231879064,0.010271381547168732,4,-2.269096762638756e-06,0.11526096352376458,0.3935983742061311,0.0,0.0,nan,0,-0.07482543685259999,3.1411040933928565e-11,-7.001076579669828e-07,0.014241059757802405,2
2.07,2.2780000000000005,-1.795657593320289e-05,0.0002065309704806964,19.619998988730593,0.04999493675921702,0.0050963240913450905,4,-2.1860406714153957e-06,-0.004267672551332858,-0.017384616722831002,9.809996971242128,0.04966786350477981,0.01012596918233114,4,-2.2726241363305033e-06,0.11725944393862865,0.4047001219358016,0.0,0.0,nan,0,-0.07488911552629471,-4.6313670177742216e-11,-7.082131343477314e-07,-0.0348089402421976,2
2.075,2.298,-1.6923260104915315e-05,0.0002067721834419812,19.619998773340036,0.04900297840134489,0.004995207081045378,4,-2.186040837105774e-06,-0.0043539274225459805,-0.01714163579772256,9.80999673421098,0.048900712636630435,0.009969567566948539,4,-2.2761804669077512e-06,0.1191295712833088,0.3778002295505333,0.0,0.0,nan,0,-0.07477620241969242,-2.6185978664248185e-11,-7.13988677928009e-07,0.003439885795346347,2
2.08,2.3179999999999996,-1.5888726677881444e-05,0.00020701692401008004,19.619998867412654,0.04877329487582969,0.0049717938523267165,4,-2.186040965274083e-06,-0.004438967484080001,-0.01689868873571683,9.80999680333067,0.048711240015910436,0.009930939019138538,4,-2.2797668530541437e-06,0.12104961114109704,0.3891020377479595,0.0,0.0,nan,0,-0.07489388690420137,-2.6214234284314107e-11,-7.199320594536062e-07,-0.045610114204653655,2
2.085,2.338000000000001,-1.485296859728308e-05,0.00020726170279559625,19.619999016801557,0.04870544776775317,0.004964877697093087,4,-2.186041100006586e-06,-0.004522792894469676,-0.016655771943374535,9.809996924184604,0.04865286493279091,0.009919037754812524,4,-2.2833811146941163e-06,0.12283686981640256,0.35102329132699195,0.0,0.0,nan,0,-0.07486151979249661,-2.7302321238185078e-11,-7.251787616347671e-07,0.008539105949785096,2
2.09,2.3580000000000005,-1.381598896292103e-05,0.0002075056209809995,19.6199991503228,0.04868022182268371,0.0049623062110971386,4,-2.1860412366923876e-06,-0.004605403801189448,-0.01641288430227747,9.809997028818058,0.04863047559534311,0.009914473052842968,4,-2.287019636983134e-06,0.12462357514892003,0.36252515976770944,0.0,0.0,nan,0,-0.07495370812408869,-2.728556930501111e-11,-7.297212654505304e-07,-0.04051089405021491,2
2.095,2.378,-1.2777791814898772e-05,0.00020774881705659117,19.619999272721792,0.048668311400937726,0.004961092069825158,4,-2.1860413724865413e-06,-0.004686800349575548,-0.01617002569984728,9.809997122311865,0.04861947318745224,0.009912229857208025,4,-2.290679108570004e-06,0.12636640654337386,0.330515261919992,0.0,0.0,nan,0,-0.07506641374880398,-2.7053784047357224e-11,-7.336301948617974e-07,0.006886368526790604,2
2.1,2.3979999999999997,-1.1738380241111228e-05,0.00020799146693864994,19.619999389707253,0.048660691159523234,0.00496031525720137,4,-2.1860415071843498e-06,-0.00476698268462091,-0.015927196047626803,9.809997210464024,0.048612161201131966,0.009910739046750973,4,-2.294356477257342e-06,0.12805112189203147,0.34221718961788944,0.0,0.0,nan,0,-0.07516686572866663,-2.6854428848341854e-11,-7.369434965747901e-07,-0.042163631473209395,2
2.105,2.418000000000001,-1.0697756681566466e-05,0.0002082336688935581,19.61999950374413,0.04865442809755315,0.004959676791864171,4,-2.18604164099398e-06,-0.004845950950621252,-0.015684395171481274,9.809997295822168,0.048606022621957644,0.009909487465946139,4,-2.2980488228463436e-06,0.12971153194680787,0.30867058589784363,0.0,0.0,nan,0,-0.07533875412126681,-2.6695322342593617e-11,-7.396805817661745e-07,0.0036746615381765607,2
2.11,2.4380000000000006,-9.655923180316816e-06,0.0002084754917535625,19.619999615921188,0.04864858594801724,0.0049590812334715855,4,-2.186041774081965e-06,-0.0049237052908886,-0.01544162286157098,9.809997379526655,0.04860024908801402,0.009908310309937931,4,-2.3017532977259725e-06,0.13128757407555022,0.32057257176507337,0.0,0.0,nan,0,-0.07545526460896795,-2.655339231930396e-11,-7.418528919681168e-07,-0.04537533846182344,2
2.115,2.458,-8.612881474337027e-06,0.00020871699123978224,19.619999726743025,0.048642880820325966,0.004958499642996766,4,-2.1860419064621828e-06,-0.005000245847632969,-0.01519887888927329,9.809997462127946,0.048594595257200786,0.009907157559378174,4,-2.305467100317815e-06,0.13286897441587298,0.3053611879473018,0.0,0.0,nan,0,-0.07569989600768098,-2.6413813304291245e-11,-7.434681844208003e-07,-0.03586079863127168,2
2.12,2.4779999999999998,-7.5686330584454895e-06,0.00020895820970150264,19.61999983649485,0.0486372359053403,0.004957924190689436,4,-2.186042038176267e-06,-0.0050755727618697205,-0.014956163007123727,9.809997543926823,0.048588995935647424,0.009906015922649832,4,-2.3091874623432096e-06,0.13442901971194013,0.31746323084669054,0.0,0.0,nan,0,-0.0760140837803436,-2.6281428534478102e-11,-7.445323858659892e-07,-0.08491079863127171,2
2.125,2.4979999999999993,-6.523179251162485e-06,0.00020919917694212263,19.619999945312543,0.04863163668026687,0.004957353396107991,4,-2.186042169186053e-06,-0.005149686173326569,-0.014713474949707409,9.809997625074622,0.04858344010591499,0.009904883153434083,4,-2.312911642286808e-06,0.1359655839340678,0.30859871037997216,0.0,0.0,nan,0,-0.07638351554997411,-2.6140034082775524e-11,-7.450504547258009e-07,-0.08645929882754663,2
2.13,2.5180000000000007,-5.476521249884071e-06,0.0002094399130928667,19.620000053242798,0.04862608517851334,0.004956787466519544,4,-2.186042299470725e-06,-0.005222586220361455,-0.014470814436553323,9.809997705632666,0.048577930880097715,0.009903759886142569,4,-2.3166369219965177e-06,0.13743539502601582,0.2750645537745656,0.0,0.0,nan,0,-0.07672964920080708,-2.5986162500632997e-11,-7.450268927725236e-07,-0.04078222842816776,2
2.1350000000000002,2.5380000000000003,-4.4286601710759535e-06,0.000209680431494643,19.62000016031695,0.048620586376306056,0.004956226909176602,4,-2.1860424289574243e-06,-0.005294273039895446,-0.014228181175022725,9.809997785637732,0.04857247362220782,0.009902647214318449,4,-2.320360605358174e-06,0.13884478238072656,0.28746667999463327,0.0,0.0,nan,0,-0.07706844411913508,-2.5823560124624816e-11,-7.444660356428957e-07,-0.08983222842816779,2
2.14,2.558,-3.3795970779383076e-06,0.00020992074087401431,19.620000266537147,0.048615144700725525,0.004955672175360873,4,-2.1860425576045173e-06,-0.005364746767358195,-0.01398557486248821,9.809997865099424,0.048567072960180625,0.009901546081465614,4,-2.324080017705732e-06,0.14029023060879806,0.2737440008190864,0.0,0.0,nan,0,-0.07759715234608781,-2.5651033242954903e-11,-7.433721580366227e-07,-0.08354553278106285,2
2.145,2.5779999999999994,-2.3293329990510048e-06,0.0002101608468692456,19.62000037188575,0.04860976350926315,0.004955123607328565,4,-2.1860426853599624e-06,-0.00543400753664244,-0.01374299518786387,9.8099979440067,0.048561732393636016,0.009900457201074997,4,-2.3277925058629023e-06,0.14169356534749078,0.28634618103846676,0.0,0.0,nan,0,-0.07814976379737723,-2.5468223919720124e-11,-7.417495872300195e-07,-0.1325955327810629,2
2.15,2.5980000000000008,-1.277868940758211e-06,0.0002104007530820791,19.62000047633699,0.04860444529722063,0.004954581459449075,4,-2.1860428121682485e-06,-0.005502055480064777,-0.01350044183266308,9.809998022340832,0.04855645452686529,0.009899381104111354,4,-2.33149543851785e-06,0.1431601860603422,0.29904838777705317,0.0,0.0,nan,0,-0.07894762525822308,-2.5268027615741298e-11,-7.396027355256095e-07,-0.18164553278106282,2
2.1550000000000002,2.6180000000000003,-2.2520589527152348e-07,0.0002106404617915317,19.620000579855066,0.048599191983753454,0.004954045927363826,4,-2.186042937970395e-06,-0.0055688907283307585,-0.013257914471721494,9.809998100071782,0.04855124136179227,0.009898318198743995,4,-2.3351862068615725e-06,0.14465744511262682,0.2684183608868041,0.0,0.0,nan,0,-0.07991387257405794,-2.5069597010460833e-11,-7.369362086400899e-07,-0.12397589151475276,2
2.16,2.638,8.286551540993624e-07,0.00021087997442744948,19.620000682423044,0.04859400513254867,0.004953517170474163,4,-2.1860430627490546e-06,-0.005634513410502927,-0.01301541277368156,9.809998177186177,0.048546094521904566,0.009897268815972226,4,-2.338862225371996e-06,0.14564455133407095,0.17581791427728963,0.0,0.0,nan,0,-0.07987125873748899,-2.4859354520376778e-11,-7.337546825575047e-07,0.042507788151175785,2
2.165,2.6579999999999995,1.8837132296142182e-06,0.00021111929188184891,19.620000784000283,0.0485888860942372,0.004952995326469147,4,-2.1860431864348384e-06,-0.005698923653970792,-0.012772936401319147,9.809998253649052,0.048541015400062115,0.009896233239798219,4,-2.3425209324454133e-06,0.1465593559268535,0.18882019858747273,0.0,0.0,nan,0,-0.07979360363790233,-2.463764120600229e-11,-7.300630313292388e-07,-0.006542211848824214,2
2.17,2.678000000000001,2.939967356997266e-06,0.00021135841470853748,19.620000884557975,0.048583836094973853,0.0049524805203461555,4,-2.186043308986113e-06,-0.005762121584422137,-0.012530485011760783,9.809998329435572,0.04853600525045601,0.00989521172594299,4,-2.3461597913193577e-06,0.14747843436061592,0.1835945713278209,0.0,0.0,nan,0,-0.07983334782673254,-2.4403913502144525e-11,-7.258662986380969e-07,-0.01717941164912557,2
2.1750000000000003,2.6980000000000004,3.9974165641241915e-06,0.00021159734325186858,19.62000098404951,0.048578856286270365,0.004951972869498178,4,-2.186043430336959e-06,-0.005824107325815197,-0.012288058256633393,9.809998404508148,0.04853106524320391,0.00989420451300005,4,-2.349776290898331e-06,0.14838751272616346,0.16302788578729374,0.0,0.0,nan,0,-0.07996212552105775,-2.415895211763439e-11,-7.211697051293285e-07,0.0043029407219579,2
2.18,2.718,5.0560598802110805e-06,0.0002118360777273022,19.620001082448336,0.04857394777699768,0.004951472486966473,4,-2.1860435504318654e-06,-0.005884881000351476,-0.012045655782168959,9.809998478843415,0.04852619649842784,0.00989321182935576,4,-2.3533679467460655e-06,0.14913461809094633,0.15028751226023807,0.0,0.0,nan,0,-0.0798526729499072,-2.3903710956094645e-11,-7.159786562727832e-07,0.010322136877201696,2
2.185,2.7379999999999995,6.115896335324589e-06,0.00021207461827395008,19.620001179712403,0.04856911164660317,0.004950979482796863,4,-2.186043669232668e-06,-0.005944442728448984,-0.011803277229284391,9.809998552403393,0.048521400101958496,0.009892233896420103,4,-2.3569323019320687e-06,0.1499184128660075,0.15477373644638814,0.0,0.0,nan,0,-0.07992611985585796,-2.3641780922876138e-11,-7.102987360701664e-07,-0.01907517274427382,2
2.19,2.758000000000001,7.176924960092521e-06,0.00021231296498551606,19.620001275811035,0.04856434895571917,0.004950493965114348,4,-2.186043786694264e-06,-0.006002792628715853,-0.011560922233642931,9.809998625162056,0.048516677118227575,0.009891270931228312,4,-2.36046692787123e-06,0.15063968223525653,0.13100191783362009,0.0,0.0,nan,0,-0.07997164160325443,-2.336668986183452e-11,-7.041356932154433e-07,0.009289487099649739,2
2.195,2.7780000000000005,8.23914478553748e-06,0.00021255111793140068,19.620001370689707,0.04855966075139748,0.004950016040665593,4,-2.1860439027472645e-06,-0.006059930817924212,-0.011318590425709424,9.809998697073425,0.048512028595546604,0.009890323147549243,4,-2.363969425336898e-06,0.15128878918144326,0.11886138150362432,0.0,0.0,nan,0,-0.07997276217441168,-2.3083066958893255e-11,-6.974955093016125e-07,0.012218478392022579,2
2.2,2.798,9.302554842990773e-06,0.00021278907716879705,19.620001464337506,0.04855504806894461,0.004949545814988973,4,-2.1860440173604445e-06,-0.006115857410984329,-0.011076281430798949,9.809998768126057,0.04850745556921407,0.009889390756463907,4,-2.367437425439267e-06,0.15189381976628427,0.11644199268982539,0.0,0.0,nan,0,-0.07999196453736035,-2.2789253984942778e-11,-6.903842923973916e-07,-0.003407548683356932,2
2.205,2.8179999999999996,1.0367154164057506e-05,0.00021302684275093444,19.620001556692657,0.04855051193273062,0.00494908339252087,4,-2.1860441304748235e-06,-0.006170572520919005,-0.010833994869125932,9.809998838270305,0.04850295906303168,0.009888473966747932,4,-2.370868590381714e-06,0.15243193394715407,0.1080843793358494,0.0,0.0,nan,0,-0.07997221538896149,-2.2485685259230308e-11,-6.828083852433357e-07,-0.006369846281531464,2
2.21,2.838000000000001,1.1432941780608074e-05,0.00021326441473157177,19.620001647734878,0.04854605335786838,0.004948628876743546,4,-2.1860442420522375e-06,-0.006224076258838195,-0.01059173035585207,9.809998907484504,0.0484985400903337,0.009887572985014689,4,-2.37426061464735e-06,0.1529332795657514,0.095587212168,0.0,0.0,nan,0,-0.07998057562819563,-2.2173430148573172e-11,-6.74774305798062e-07,-0.0012576731507172691,2
2.215,2.8580000000000005,1.2499916724791355e-05,0.00021350179316829434,19.62000173742168,0.04854167334745443,0.0049481823699199555,4,-2.186044352033706e-06,-0.006276368733913886,-0.01034948750113655,9.809998975731293,0.048494199652536416,0.009886688015463605,4,-2.3776112257484217e-06,0.15338187105913278,0.08420226933459413,0.0,0.0,nan,0,-0.07998224643871454,-2.184953013065535e-11,-6.662887516000943e-07,0.0013720524119441582,2
2.22,2.878,1.3568078029058969e-05,0.00021373897812448987,19.620001825699322,0.04853737289495485,0.004947743973334194,4,-2.1860444603706564e-06,-0.006327450053355226,-0.01010726591018834,9.809999042967124,0.04848993874095965,0.009885819260241931,4,-2.380918185253267e-06,0.1537856826998618,0.07226789563374444,0.0,0.0,nan,0,-0.07999224670983761,-2.151912154127797e-11,-6.573586277179495e-07,0.006820701295206737,2
2.225,2.8979999999999997,1.4637424726198221e-05,0.0002139759696701845,19.620001912555054,0.0485331529817828,0.004947313787031377,4,-2.1860445670422723e-06,-0.006377320322383915,-0.009865065183320384,9.809999109177518,0.048485758335218974,0.009884966919081419,4,-2.384179289730004e-06,0.15413636924668303,0.0674481916942624,0.0,0.0,nan,0,-0.07999139931942417,-2.118162084721928e-11,-6.4799100578202e-07,-0.0034399412814507383,2
2.23,2.918000000000001,1.5707955849368356e-05,0.00021421276788361886,19.620001997936612,0.048529014577979146,0.004946891909907331,4,-2.1860446719999815e-06,-0.006425979644209899,-0.00962288491600818,9.80999917431889,0.04848165940290075,0.009884131189290716,4,-2.3873923716763445e-06,0.15443948638664012,0.05747935003233564,0.0,0.0,nan,0,-0.07999108249384658,-2.0832739923068974e-11,-6.381931625679324e-07,-0.002579608471687672,2
2.235,2.9380000000000006,1.677967043214281e-05,0.00021444937285139374,19.620002081812245,0.04852495864096395,0.004946478439566183,4,-2.1860447751778644e-06,-0.0064734281200073355,-0.009380724698949907,9.809999238360918,0.048477642899139944,0.009883312265626581,4,-2.3905553004840985e-06,0.15469929109465566,0.04846463415564524,0.0,0.0,nan,0,-0.07999780102069257,-2.0472576468453214e-11,-6.279725601688522e-07,-0.0024137094133744193,2
2.24,2.958,1.78525675085505e-05,0.0002146857846685173,19.620002164128614,0.048520986115218115,0.004946073472298527,4,-2.1860448765308182e-06,-0.006519665848890881,-0.009138584118129818,9.809999301259657,0.04847370976584636,0.00988251034016324,4,-2.39366598334817e-06,0.15490686264887865,0.03668700065360222,0.0,0.0,nan,0,-0.0799902365088227,-2.0103810117664244e-11,-6.173368500793285e-07,0.0033018099985873926,2
2.245,2.9779999999999998,1.8926646113121984e-05,0.00021492200343945986,19.620002244864203,0.04851709793115099,0.004945677102952522,4,-2.1860449760172096e-06,-0.0065646929278923094,-0.0088964627548859,9.809999362994114,0.04846986093129326,0.00988172560217165,4,-2.3967223662726966e-06,0.15508010723212146,0.031646076882797504,0.0,0.0,nan,0,-0.07999617998258259,-1.9726319190258556e-11,-6.06293874047057e-07,-0.002074839702328037,2
2.25,2.9979999999999993,2.0001905280934255e-05,0.00021515802927754677,19.620002323994452,0.04851329500494931,0.00494528942492729,4,-2.1860450735988746e-06,-0.006608509451937463,-0.008654360185979029,9.80999942354525,0.04846609730938166,0.009880958237990687,4,-2.3997224349661672e-06,0.1552078785757825,0.02345882553391114,0.0,0.0,nan,0,-0.07999736931197152,-1.9344222169568305e-11,-5.94851657787241e-07,-0.004344767785560379,2
2.255,3.0180000000000007,2.1078344047658117e-05,0.000215393862306142,19.620002401453185,0.04850957823808813,0.004944910530132779,4,-2.1860451692688743e-06,-0.006651115513823582,-0.008412275983667172,9.809999482849921,0.048462419798791845,0.009880208430900535,4,-2.402664215771233e-06,0.15528775009941012,0.010988145772653033,0.0,0.0,nan,0,-0.07999744072923662,-1.8953608406011547e-11,-5.830184085996094e-07,0.0012713038320461766,2
2.2600000000000002,3.0380000000000003,2.2155961449607476e-05,0.00021562950265811137,19.620002477212346,0.04850594851609342,0.00494454050884353,4,-2.1860452629265947e-06,-0.0066925112041969865,-0.008170209715780993,9.809999540889088,0.048458829282797315,0.009879476360995926,4,-2.405545776511253e-06,0.15532946690348928,0.007893497516531482,0.0,0.0,nan,0,-0.0799965943060359,-1.854863457376508e-11,-5.708025097053905e-07,-2.2016755610544548e-07,2
2.265,3.058,2.3234756523786868e-05,0.00021586495047605064,19.620002551237953,0.048502406708141196,0.004944179449668917,4,-2.1860453545512193e-06,-0.006732696611531155,-0.007928160945803607,9.809999597629746,0.04845532662810121,0.009878762205007389,4,-2.4083652275450063e-06,0.15536850720048406,0.007709644591694623,0.0,0.0,nan,0,-0.07999652465247672,-1.814601619068765e-11,-5.582125600776733e-07,8.385634038609801e-06,2
2.27,3.0779999999999994,2.431472830794037e-05,0.00021610020591192352,19.620002623517323,0.04849895366758617,0.0049438274396001744,4,-2.18604544412887e-06,-0.006771671822105228,-0.00768612923295223,9.80999965305532,0.048451912685625854,0.00987806613643162,4,-2.4111207226409914e-06,0.15540639929544756,0.007470318591830879,0.0,0.0,nan,0,-0.07999650162821009,-1.7723925383936717e-11,-5.45257286883003e-07,1.880524263454852e-06,2
2.275,3.0980000000000008,2.5395875840602907e-05,0.00021633526912925483,19.620002693977742,0.048495590228979875,0.00494348456372693,4,-2.186045531572811e-06,-0.006809436919982896,-0.007444114132266279,9.809999707112304,0.048448588287232155,0.009877388324916393,4,-2.413810459685195e-06,0.1554430866495501,0.007228650476657522,0.0,0.0,nan,0,-0.07999649444452511,-1.729615734072706e-11,-5.319456277950918e-07,4.152683568517831e-07,2
2.2800000000000002,3.1180000000000003,2.6478198161152566e-05,0.00021657014030047588,19.620002762606248,0.048492317208690426,0.004943150905270198,4,-2.1860456168830422e-06,-0.006845991986991762,-0.007202115194693141,9.809999759781354,0.04844535424735586,0.009876728936522547,4,-2.416432681846825e-06,0.15547856411592642,0.0069864899390508104,0.0,0.0,nan,0,-0.07999649083003782,-1.68686681855412e-11,-5.182867112559421e-07,9.167850551615698e-08,2
2.285,3.138,2.7561694309856932e-05,0.00021680481960879047,19.62000282935545,0.048489135407055774,0.004942826545825603,4,-2.186045700000583e-06,-0.006881337102703124,-0.0069601319671812245,9.809999811024749,0.04844221136286909,0.009876088133748665,4,-2.4189856782166896e-06,0.155512829889138,0.006744039651703088,0.0,0.0,nan,0,-0.07999648805791873,-1.6422812388814355e-11,-5.042897823289351e-07,2.0239165786073104e-08,2
2.29,3.1579999999999995,2.864636332793126e-05,0.0002170393072480198,19.620002894211307,0.04848604560132395,0.004942511564626658,4,-2.186045780918494e-06,-0.006915472344412255,-0.006718163992774938,9.809999860824608,0.04843916040966845,0.009875466074797019,4,-2.421467784799458e-06,0.15554588315062862,0.006501513712138003,0.0,0.0,nan,0,-0.07999648552737637,-1.5977707102852155e-11,-4.899643280563337e-07,4.46780526540647e-09,2
2.295,3.178000000000001,2.9732204257585773e-05,0.00021727360342212222,19.620002957117222,0.048483048551760104,0.0049422060391864225,4,-2.18604585955004e-06,-0.006948397787119133,-0.006476210810710697,9.8099999091374,0.04843620214475912,0.009874862914044236,4,-2.4238773852630624e-06,0.155577723754845,0.0062589821390490255,0.0,0.0,nan,0,-0.07999648310702365,-1.5520730424132245e-11,-4.7531993155199624e-07,9.860590105433877e-10,2
2.3000000000000003,3.1980000000000004,3.081921614208187e-05,0.00021750770834580598,19.6200030180556,0.0484801449971523,0.004941910044818824,4,-2.1860459358917506e-06,-0.006980113503509682,-0.006234271956518371,9.809999955942395,0.048433337304796605,0.009874278801695238,4,-2.426212911819936e-06,0.15560835250719823,0.006016796081986536,0.0,0.0,nan,0,-0.07999648056615702,-1.5062772308258563e-11,-4.603663953089621e-07,7.906202611184211e-08,2
2.305,3.218,3.190739802578217e-05,0.00021774162224444513,19.62000307700125,0.048477335656110766,0.0049416236547828426,4,-2.1860460099297485e-06,-0.0070106195639375235,-0.005992346962123666,9.810000001218503,0.04843056660544402,0.009873713883675524,4,-2.428472846031926e-06,0.15563777061623565,0.005774657016931409,0.0,0.0,nan,0,-0.07999647780457997,-1.4596454657098667e-11,-4.451136400350419e-07,1.1121415568836582e-07,2
2.31,3.2379999999999995,3.299674895420675e-05,0.00021797534535429255,19.620003133910995,0.04847462122484292,0.004941346940058325,4,-2.1860460816085225e-06,-0.007039916036406241,-0.0057504353559541975,9.810000044927227,0.04842789074094903,0.009873168301562079,4,-2.4306557195388767e-06,0.15566597798669693,0.0055325068754911244,0.0,0.0,nan,0,-0.07999647504331805,-1.4121900927452891e-11,-4.295717568190893e-07,1.1783621404336501e-07,2
2.315,3.258000000000001,3.408726797408669e-05,0.00021820887792237524,19.620003188765217,0.04847200237853244,0.004941079969476092,4,-2.1860461508968476e-06,-0.007068002986552191,-0.005508536663047577,9.810000087048797,0.04842531038351698,0.009872642192419198,4,-2.432760114835786e-06,0.15569297462683868,0.005290365178910055,0.0,0.0,nan,0,-0.07999647234470825,-1.363255547440543e-11,-4.137509809572703e-07,1.1933226637871302e-07,2
2.32,3.2780000000000005,3.5178954133418495e-05,0.00021844222020672734,19.62000324151193,0.04846947976882711,0.00494082280947595,4,-2.1860462177322737e-06,-0.007094880477627855,-0.005266650405162725,9.81000012754424,0.04842282618271506,0.009872135688715197,4,-2.4347846660568995e-06,0.15571876059025694,0.0050482351713381215,0.0,0.0,nan,0,-0.07999646972214783,-1.3147125111832005e-11,-3.976617385060476e-07,1.1973084062787382e-07,2
2.325,3.298,3.6271806481515513e-05,0.00021867537247551697,19.620003292151807,0.04846705402619557,0.004940575524325509,4,-2.1860462821217397e-06,-0.0071205485704857515,-0.005024776100891802,9.810000166407356,0.048420438766094316,0.009871648918396906,4,-2.436728059787563e-06,0.15574333593656794,0.004806117109457514,0.0,0.0,nan,0,-0.07999646717955694,-1.2656494464611235e-11,-3.813145368221837e-07,1.198901143189987e-07,2
2.33,3.3179999999999996,3.736582406906739e-05,0.0002189083350091992,19.620003340642974,0.04846472575581874,0.004940338175725355,4,-2.186046344023612e-06,-0.007145007323562928,-0.004782913265778514,9.8100002036006,0.04841814873646137,0.009871182004397978,4,-2.4385890354944317e-06,0.15576670072467919,0.0045640106597955865,0.0,0.0,nan,0,-0.07999646471876709,-1.2148823226230098e-11,-3.6472003788719843e-07,1.1999647819936876e-07,2
2.335,3.338000000000001,3.845838633066111e-05,0.00021932260130855578,19.592620548596965,0.04933945887537316,0.005036534929362103,4,-2.187821392690692e-06,-0.007168251499620563,-0.004540378573924407,9.782280013493967,0.0489250720546504,0.01000279525574032,6,-1.9797961381337603e-06,0.15578884982354624,0.004319687592915557,0.0,0.0,nan,0,-0.07999692114438284,1.1248024875536987e-06,0.00011371081639090457,1.155332554302222e-07,2
2.34,3.3580000000000005,3.955357667452778e-05,0.00021821597914270066,19.611128072334292,0.04928074922744732,0.005025794441368052,4,-2.185025910428351e-06,-0.007190285569869534,-0.004296863827581996,9.801263579023253,0.04943577623819908,0.010087633260675072,6,-1.6964565981367197e-06,0.1558097737346466,0.004074210381673439,0.0,0.0,nan,0,-0.07999720671577851,6.267883029492517e-08,2.6954516782501313e-05,1.1114149074141745e-07,2
2.345,3.378,4.064067444761624e-05,0.0002170445180508931,19.618071183565082,0.04877246142615271,0.0049721974163302604,4,-2.1854363359864737e-06,-0.007211098435377231,-0.004052953396925862,9.808062425975091,0.04879541963769051,0.009950063023347734,6,-1.6313354877159347e-06,0.1558294678538852,0.0038280489017968877,0.0,0.0,nan,0,-0.07999727087190256,-1.0854460484027859e-07,6.0391032640147345e-06,1.1632500517332311e-07,2
2.35,3.3979999999999997,4.1725962891512005e-05,0.00021716195196020137,19.619572708783426,0.048713982049336135,0.004965855553778449,4,-2.185823741170795e-06,-0.007230695543273821,-0.003810257974954495,9.809559908642376,0.04863523181406431,0.00991588455894253,6,-1.6163125551582613e-06,0.15584793620643533,0.0035839734093080413,0.0,0.0,nan,0,-0.07999728447411361,-5.1464925354184654e-08,1.3827567587051843e-06,2.6650486511147184e-07,2
2.355,3.418000000000001,4.2812726116922573e-05,0.00021750383814614534,19.619899232729765,0.048656007404469216,0.004959863129500853,4,-2.1859750060047867e-06,-0.007249080021581287,-0.00356777590529049,9.809892562733818,0.04858826243062028,0.009905972388566041,6,-1.612822348492915e-06,0.1558651870744567,0.0033407535531796723,0.0,0.0,nan,0,-0.07999728632459926,-1.7467813335282664e-08,3.0588974072569617e-07,3.1362472550721086e-07,2
2.36,3.4380000000000006,4.3901058913007385e-05,0.00021779387812901363,19.61997351522808,0.048629120142028893,0.004957103545964047,4,-2.186023215326738e-06,-0.007266251949149343,-0.0033252424078450307,9.809969726125775,0.04857242877607296,0.009902666395945246,6,-1.6121280836042806e-06,0.15588122246533026,0.0030977185571664217,0.0,0.0,nan,0,-0.07999728536434808,-5.270467330066617e-09,3.669460361093234e-08,3.251449132931514e-07,2
2.365,3.458,4.499079677888333e-05,0.00021807562209157346,19.619992175338183,0.048625058062777234,0.0049566847558581255,4,-2.1860374125534654e-06,-0.007282211170716173,-0.0030827031490245557,9.809989354531108,0.04856663966490531,0.009901466333900353,6,-1.6121738511190586e-06,0.1558960428149969,0.0028547236721093946,0.0,0.0,nan,0,-0.07999728366937779,-1.5229748635007002e-09,-3.844341175869227e-08,3.279456498043063e-07,2
2.37,3.4779999999999998,4.60819968953366e-05,0.00021837766682978398,19.619997735775392,0.048626587581856215,0.004956839265398057,4,-2.1860415126868926e-06,-0.007296957757670277,-0.002840187178047899,9.809995201484046,0.04856425346013533,0.009900973948037932,6,-1.6124348594798166e-06,0.1559096482237855,0.0026117392473427883,0.0,0.0,nan,0,-0.07999728176225662,-4.4383954373036997e-10,-6.089526919679168e-08,3.2863887745470096e-07,2
2.375,3.4979999999999993,4.7174756049185835e-05,0.00021869610025099327,19.61999979116151,0.04862775354333346,0.004956957600503081,4,-2.186042737110233e-06,-0.007310491821884997,-0.0025976906021027615,9.809997335763338,0.0485630529218537,0.009900727035839689,6,-1.6127566611484623e-06,0.15592203872345714,0.0023687591817152694,0.0,0.0,nan,0,-0.07999727979542158,-1.3815345395604362e-10,-6.61333398335844e-08,3.2882989957815337e-07,2
2.38,3.5180000000000007,4.826913323156304e-05,0.00021902303560051537,19.620000713993505,0.048628163212597816,0.004956999127723264,4,-2.186043140083027e-06,-0.0073228134370683755,-0.00235520540941413,9.809998278639279,0.04856228280818067,0.009900569078370242,6,-1.6130841763092874e-06,0.1559332143312864,0.002125782105986384,0.0,0.0,nan,0,-0.07999727782313204,-4.914124213248549e-11,-6.445774524250705e-08,3.289030992653539e-07,2
2.3850000000000002,3.5380000000000003,4.936515810709062e-05,0.00021935430968072003,19.620001186748897,0.048628207619274305,0.004957003534955664,4,-2.1860432961907927e-06,-0.00733392264685408,-0.0021127272759789676,9.809998755300816,0.048561682491756145,0.009900446208622795,6,-1.613393613084102e-06,0.15594317506092978,0.0018828076062769059,0.0,0.0,nan,0,-0.0799972758688915,-2.1047452615526866e-11,-5.949551852764071e-08,3.2894954147631963e-07,2
2.39,3.558,5.046284668053316e-05,0.0002196880536819514,19.620001448004295,0.04862806891792899,0.004956989330179212,4,-2.186043369611229e-06,-0.007343819480396877,-0.0018702541685054089,9.80999901610698,0.048561161811168714,0.009900339792376416,6,-1.6136731092949996e-06,0.15595192092469323,0.0016398354640538013,0.0,0.0,nan,0,-0.07999727394422423,-1.0868728085618998e-11,-5.279283664167903e-08,3.2901776831294444e-07,2
2.395,3.5779999999999994,5.156220828287126e-05,0.0002200232451249152,19.62000159902988,0.048627817727562,0.00495696368648272,4,-2.186043410557642e-06,-0.007352503959358012,-0.001627784901036743,9.809999165535215,0.048560689756160014,0.009900243402010653,6,-1.6139162052203337e-06,0.15595945193372107,0.001396865494900304,0.0,0.0,nan,0,-0.07999727205597762,-6.487469174395455e-12,-4.5109056612546085e-08,3.290307076532104e-07,2
2.4,3.5980000000000008,5.266324826512403e-05,0.0002203592422682849,19.62000168941404,0.04862750215453857,0.004956931495146151,4,-2.18604343635298e-06,-0.007359976100603267,-0.001385318668957649,9.809999254070918,0.04856025570400765,0.009900154820879581,6,-1.6141191915078346e-06,0.15596576809857263,0.0011538975601774076,0.0,0.0,nan,0,-0.07999727020772401,-4.275284960805192e-12,-3.684915406749693e-08,3.2906417819954505e-07,2
2.4050000000000002,3.6180000000000003,5.376596948388208e-05,0.00022069564900516322,19.62000174547111,0.04862715897489479,0.004956896498352188,4,-2.1860434539777707e-06,-0.00736623591769048,-0.0011428549135812688,9.809999308288685,0.04855985599982813,0.009900073277028437,6,-1.6142798534776737e-06,0.15597086942893798,0.000910931486714524,0.0,0.0,nan,0,-0.07999726840161595,-3.0051596225677435e-12,-2.823863284169217e-08,3.291038615414909e-07,2
2.41,3.638,5.487037328970442e-05,0.00022103223045969977,19.620001781665987,0.048626812455328176,0.004956861166115464,4,-2.18604346665513e-06,-0.007371283421859193,-0.0009003932376759421,9.809999342740321,0.04855948937250466,0.009899998496623768,6,-1.6143968182349977e-06,0.15597475593366855,0.0006679671096730626,0.0,0.0,nan,0,-0.0799972666390027,-2.198148275930334e-12,-1.940637407911108e-08,3.291466201239433e-07,2
2.415,3.6579999999999995,5.5976460147666085e-05,0.00022136884903213027,19.620001806109258,0.04862647717632145,0.004956826982674404,4,-2.186043476019167e-06,-0.0073751186226521884,-0.0006579333414583698,9.809999365560914,0.04855915537481956,0.0098999303802795,6,-1.6144691987948767e-06,0.15597742762079816,0.0004250042661690154,0.0,0.0,nan,0,-0.07999726492075626,-1.629373026809089e-12,-1.042770831267628e-08,3.2919187057799374e-07,2
2.42,3.678000000000001,5.7084295724253954e-05,0.00022183686610594992,19.620001823324703,0.04862616172791248,0.004956794822526938,4,-2.1860434796482087e-06,-0.007377741659724275,-0.00041573786664383505,9.809999381320004,0.04829605439958829,0.009846291018438315,6,-1.6144964025410768e-06,0.15597888456326908,0.0001821742362014327,0.0,0.0,nan,0,-0.07999726324745932,5.379682531362351e-12,-1.3545184075030308e-09,3.2923959507701315e-07,2
2.4250000000000003,3.6980000000000004,5.820935847133732e-05,0.0002287759226605328,19.620057479611205,0.04193044383068535,0.004274242710477141,4,-2.186045371960904e-06,-0.007379203538550215,-0.00019933131520876365,9.810055707360826,0.039785311436386764,0.00811112854466962,6,-1.6142241944308577e-06,0.15597916228705666,-4.13381194472895e-05,0.0,0.0,nan,0,-0.07999726187143988,-7.477799676705888e-10,1.4260736850617637e-07,3.292899113899072e-07,2
2.43,3.718,5.936467183355058e-05,0.0002280655705422802,19.62007023740331,0.013874804703000204,0.0014143481175260578,4,-2.1860489075459233e-06,-0.007379779432714042,-5.8939194439021103e-05,9.81006924685634,0.01759482164663059,0.003587094281168075,6,-1.612490745241113e-06,0.155978522941252,-0.00018118684549328856,0.0,0.0,nan,0,-0.07999726195475915,-3.365018494419802e-10,5.177370048744974e-07,3.2934298593022544e-07,2
2.435,3.7379999999999995,6.0384573881092925e-05,0.00017582638728413667,19.619996521596423,0.021071977632003278,0.002148010333111793,4,-2.1860468056682236e-06,-0.007379849015485887,1.4177291422943242e-05,9.80999658102248,0.005859117858907581,0.0011945198574772377,6,-1.6093629501487405e-06,0.15597751186000605,-0.00020223131533399729,0.0,0.0,nan,0,-0.0799972634377884,8.074936062571182e-10,6.589979389152631e-07,3.293989983933376e-07,2
2.44,3.758000000000001,6.102385415315484e-05,8.699345085771799e-05,19.619982066688628,0.04371217192436473,0.0044558829641929715,4,-2.186043051466413e-06,-0.007379722462360986,2.1684719885358523e-05,9.809982543544766,0.025173373648282628,0.0051321954012746715,6,-1.60636059853142e-06,0.15597668442822546,-0.00012107318450144933,0.0,0.0,nan,0,-0.0799972647967379,3.696586450815644e-10,5.505868822794254e-07,3.2945814988948327e-07,2
2.445,3.7780000000000005,6.119381781437343e-05,-9.374129594090244e-06,19.619947851665373,0.05200033312256779,0.005300761604027803,4,-2.1860396566333873e-06,-0.007379748237811986,-3.261279224764718e-05,9.809948035746919,0.03314951631157906,0.006758346974068368,6,-1.6040173281897663e-06,0.15597647780416873,2.9424321062744026e-05,0.0,0.0,nan,0,-0.07999726549594185,1.0067070653193825e-09,3.7523666252619114e-07,3.295206512002768e-07,2
2.45,3.798,6.0912956449028006e-05,-8.955839337140501e-05,19.619914258948576,0.03800768151004971,0.0038743983290053918,4,-2.1860343932395e-06,-0.007380103557188517,-0.00010133670789298932,9.809914613541565,0.025301168768001703,0.00515828521750354,6,-1.6030706384076443e-06,0.1559770507105519,0.00017816470362630465,0.0,0.0,nan,0,-0.0799972648001116,8.917160042018182e-10,1.4405010146645976e-08,3.2958671609605303e-07,2
2.455,3.8179999999999996,6.0349085887291556e-05,-0.0001228210095962194,19.619916130276785,0.007626738347545286,0.0007774486187304301,4,-2.186032947715244e-06,-0.007380740531280406,-0.00014178478418197765,9.809916518887134,0.0064364083516719175,0.001312224897995785,6,-1.6042354930925762e-06,0.15597818744128567,0.0002517073895522722,0.0,0.0,nan,0,-0.0799972619885784,-3.3292469931031844e-10,-4.323624086415949e-07,3.2965656102500454e-07,2
2.46,3.838000000000001,5.9794061511503875e-05,-9.117583582921788e-05,19.619977524584236,0.03274127087317612,0.0033375441773213685,4,-2.18603861022737e-06,-0.00738143855983298,-0.00013028328323786318,9.809977220855407,0.019526277419455007,0.0039809016840412935,6,-1.607245957414849e-06,0.15597937553968486,0.00020839249869518387,0.0,0.0,nan,0,-0.07999725732396737,-1.5796000897863893e-09,-6.947709012468764e-07,3.2973040647120694e-07,2
2.465,3.8580000000000005,5.956325094998222e-05,-6.766354703384743e-06,19.620069909073173,0.047447624507235026,0.0048366417374785375,4,-2.186048962352777e-06,-0.0073819924551479345,-8.895704652873872e-05,9.810068470919868,0.029610995165988047,0.006036858000280908,6,-1.610179950137236e-06,0.15598009444838878,8.248815712691531e-05,0.0,0.0,nan,0,-0.07999725273287964,-1.5211823382613474e-09,-4.538157232490507e-07,3.2932824895058876e-07,2
2.47,3.878,5.976180406415998e-05,7.463289327234781e-05,19.620090233523385,0.04082311946908664,0.0041613589930728475,4,-2.1860526796535495e-06,-0.007382259300079241,-2.378156100153068e-05,9.810088951820685,0.02681099232419384,0.005466003918184229,6,-1.6113531461567354e-06,0.15598009610088814,-6.425503798472138e-05,0.0,0.0,nan,0,-0.07999724990844806,-2.7733471780341986e-10,-4.16418120082299e-08,3.296020379527253e-07,2
2.475,3.8979999999999997,6.027593450491828e-05,0.00011728871545053136,19.62006414738528,0.015062476527928189,0.00153541562502338,4,-2.1860521184184634e-06,-0.00738222533370671,2.8919987334118718e-05,9.81006351971865,0.011929542237524985,0.002432102955000463,6,-1.6103606947440174e-06,0.15597948052146582,-0.00015978120463927962,0.0,0.0,nan,0,-0.07999724925315141,4.979303343518852e-10,3.721510480351639e-07,3.296990768709595e-07,2
2.48,3.918000000000001,6.084019659544058e-05,0.00010105150628661869,19.620002769898456,0.013187255775949817,0.0013442664540478113,4,-2.186048103716698e-06,-0.0073819908126529325,5.707503733899865e-05,9.810002862417013,0.005464937863824973,0.0011141562220662814,6,-1.607962390910711e-06,0.15597861341106184,-0.0001718680784331858,0.0,0.0,nan,0,-0.07999725000681501,9.448972653744153e-10,5.228078730576299e-07,3.2975457478922043e-07,2
2.485,3.9380000000000006,6.120746437728771e-05,4.754806810856862e-05,19.61997854669338,0.03350642316263328,0.003415541264012262,4,-2.1860442387458545e-06,-0.007381725410629106,4.159014894543404e-05,9.809978861390604,0.020947211149155803,0.0042705925150559295,6,-1.6054856860694966e-06,0.15597791156824198,-0.00010304899787353888,0.0,0.0,nan,0,-0.0799972508384822,6.501480119255593e-10,4.6277081964178973e-07,3.2980123273872435e-07,2
2.49,3.958,6.125760450782531e-05,-2.1463554617028265e-05,19.61994241761738,0.04117892764316698,0.0041976603974322665,4,-2.1860399578403633e-06,-0.007381657982560412,-1.3182208125470437e-05,9.80994274881261,0.02728085834334758,0.005561879216196168,6,-1.6036681506348405e-06,0.15597772398022516,2.0565527732165195e-05,0.0,0.0,nan,0,-0.07999725101116864,9.962203986732238e-10,2.5647651833187254e-07,3.298461432442611e-07,2
2.495,3.9779999999999998,6.097560131210027e-05,-8.146181707550015e-05,19.619918342867933,0.03041654162072869,0.003100577799477484,4,-2.186035473309561e-06,-0.007381899776608707,-7.571684658320795e-05,9.809918758795726,0.020853189422208172,0.004251449973224473,6,-1.6033430343953547e-06,0.15597817690981092,0.00014292876736111355,0.0,0.0,nan,0,-0.0799972496914158,6.759963842569977e-10,-1.0716563522434813e-07,3.298908360830244e-07,2
2.5,3.9979999999999993,6.0482566110588706e-05,-0.00010551546936233387,19.61993248536919,0.005800841481121606,0.0005913212479652884,4,-2.1860349439517535e-06,-0.007382395289363729,-0.00011229468710798803,9.80993283847054,0.005239765026394502,0.001068257064074137,6,-1.6049918468916125e-06,0.15597909374123406,0.0002033903921125613,0.0,0.0,nan,0,-0.07999724639355532,-4.703306383816181e-10,-4.994185689735746e-07,3.299356468736581e-07,2
2.505,4.0,6.0008900522614294e-05,-7.832361208932608e-05,19.619992718163978,0.027283608686058426,0.0027812047718855223,4,-2.1860405604971767e-06,-0.007382952304132609,-0.00010301981421498035,9.809992429429126,0.01772493260599643,0.0036136485799567325,6,-1.608108416782661e-06,0.1559800495284264,0.00016587099048550523,0.0,0.0,nan,0,-0.07999724219351245,-1.494637713096743e-09,-6.800663843503189e-07,1.0819860509779788e-07,2
2.5100000000000002,4.0,5.98084928563399e-05,-4.451982879452849e-06,19.620088406018876,0.04065108370668105,0.004143822684734741,4,-2.1860500083667467e-06,-0.007383373361142736,-6.823213668272855e-05,9.810087160596552,0.024617314502892767,0.005018775898703796,6,-1.610991528532002e-06,0.15598059231224515,5.681970692385757e-05,0.0,0.0,nan,0,-0.07999723905069328,-1.767262872877403e-09,-4.1172308360055626e-07,2.1880144266284154e-08,2
2.515,4.0,5.998800035807964e-05,6.495632559912212e-05,19.620087026510287,0.0317980413805741,0.0032413761812176665,4,-2.186053649360503e-06,-0.00738358694433498,-2.120501581953819e-05,9.810086012463413,0.0207280073391604,0.00422585639164144,6,-1.611816556515433e-06,0.15598054679194823,-5.969673108602754e-05,0.0,0.0,nan,0,-0.0799972381721058,-1.0420398583041652e-10,3.4879154211232163e-08,4.327645370161284e-09,2
2.52,4.0,6.041493194836186e-05,9.485314989107715e-05,19.62004683734918,0.010170505704934791,0.0010367463227023473,4,-2.1860516996735635e-06,-0.007383571418578879,2.0916659256500737e-05,9.810046449899296,0.008582592689337342,0.0017497557698975923,6,-1.6106345330571537e-06,0.15598002455201151,-0.00013173163032861139,0.0,0.0,nan,0,-0.07999723934624209,6.898461589174544e-10,3.704416668367968e-07,8.470180522413024e-10,2
2.525,4.0,6.086101866088849e-05,7.867734942356595e-05,19.619998860291034,0.012014463086261133,0.0012247159820765571,4,-2.1860475007962066e-06,-0.007383396851279961,4.2031545495067334e-05,9.809999065378372,0.00585258492206375,0.0011931876614991329,6,-1.6084307930333552e-06,0.1559793240777266,-0.00013667401190903397,0.0,0.0,nan,0,-0.07999724155227858,8.654598735987874e-10,4.625548611267191e-07,1.592302770636628e-10,2
2.5300000000000002,4.0,6.113989863961864e-05,3.404180351094574e-05,19.619971441129007,0.027750423894790825,0.0028287935054398796,4,-2.186043847173663e-06,-0.007383213641207041,2.674707467366999e-05,9.809971759315932,0.017342330142527354,0.0035356534285755515,6,-1.6062738638980556e-06,0.1559787821599019,-7.675463582386863e-05,0.0,0.0,nan,0,-0.07999724371252498,7.281802201760924e-10,3.853220396569553e-07,2.3710256080725103e-11,2
2.535,4.0,6.115813610193945e-05,-2.1394886603976537e-05,19.619943782321137,0.03223130533805979,0.003285565513913686,4,-2.1860399858943114e-06,-0.007383192495637156,-1.682901153805367e-05,9.809944148392486,0.02134194300020788,0.004351083487810702,6,-1.604901037594031e-06,0.15597866294771284,2.2258037867658695e-05,0.0,0.0,nan,0,-0.07999724508918432,7.808205869083406e-10,1.645659170936183e-07,-2.9029329051660544e-12,2
2.54,4.0,6.091730219672705e-05,-6.691464555065098e-05,19.619930765371198,0.02207813291010268,0.002250582142631223,4,-2.186036953021747e-06,-0.007383410784988393,-6.400439713402335e-05,9.809931154488961,0.01511868780298772,0.0030823229164191447,6,-1.6049550169913718e-06,0.15597904224166798,0.00011495318879890003,0.0,0.0,nan,0,-0.07999724503827002,3.67603634697481e-10,-1.6214558087652636e-07,-8.117044714148178e-12,2
2.545,4.0,6.052592019524904e-05,-8.167259043314517e-05,19.619953417247025,0.0033677774713368456,0.00034330127087624815,4,-2.1860376287555217e-06,-0.0073838119544960236,-8.878891724090656e-05,9.809953644872854,0.0031708501377381423,0.0006464556821622452,6,-1.6066452899962669e-06,0.15597975496398248,0.00015449568227493847,0.0,0.0,nan,0,-0.07999724334736533,-5.984769488335006e-10,-4.632193674208411e-07,-9.133090628218852e-12,2
2.5500000000000003,4.0,6.017218991363345e-05,-5.6019274878653734e-05,19.620004974073552,0.023661107457839167,0.0024119369479371332,4,-2.1860427244779768e-06,-0.0073842400727501065,-7.706027277198059e-05,9.81000466371069,0.015393674966683403,0.0031383624155914844,6,-1.6093306559397669e-06,0.15598045698348112,0.00011711375521709154,0.0,0.0,nan,0,-0.07999724065694996,-1.2431664221948823e-09,-5.597501356742856e-07,-9.328419714457725e-12,2
2.555,4.0,6.004644078254053e-05,4.545907199192218e-06,19.620089436601642,0.03380866216785253,0.0034463310962060995,4,-2.1860500526403592e-06,-0.007384528151970044,-4.3241445827808984e-05,9.810088523912075,0.020285983243964485,0.0041357390801351965,6,-1.6116438515401121e-06,0.155980790982963,2.2729780072217523e-05,0.0,0.0,nan,0,-0.07999723833647299,-1.65837534455013e-09,-3.0772657293704975e-07,-9.368305142751201e-12,2
2.56,4.0,6.023236989274707e-05,5.9568196601777294e-05,19.62007240834779,0.023700916714577035,0.00241598667133287,4,-2.186053136322974e-06,-0.007384645545843255,-6.761492992082316e-06,9.810071635451413,0.015566831679310849,0.0031736428148099933,6,-1.6120083473694646e-06,0.15598064261902683,-6.877242810499029e-05,0.0,0.0,nan,0,-0.07999723796894032,7.756806580241725e-11,1.0388687507061409e-07,-9.367998721196407e-12,2
2.565,4.0,6.05978935594016e-05,7.801112491022537e-05,19.620031893209937,0.0050994834827337195,0.0005198241787260844,4,-2.186050680356988e-06,-0.007384587667400126,2.4611090300526807e-05,9.810031674274597,0.005052239872887287,0.0010300149970231109,6,-1.610700752462113e-06,0.15598013938838834,-0.00011858790560411222,0.0,0.0,nan,0,-0.07999723927903805,7.159768014561012e-10,3.602636719765469e-07,-9.372331255527705e-12,2
2.57,4.0,6.094916753169974e-05,5.955774633849827e-05,19.61999495086721,0.012961212055201544,0.0013212248104710806,4,-2.1860467654018223e-06,-0.007384420730514426,3.630865228119278e-05,9.809995165672705,0.007047128123879743,0.0014367240767944858,6,-1.6087074568224558e-06,0.15597954134917216,-0.00011183205490408965,0.0,0.0,nan,0,-0.07999724127629551,7.21860616668927e-10,4.044761303784624e-07,-9.374498410871773e-12,2
2.575,4.0,6.114320012616116e-05,1.966811833794713e-05,19.619968174505054,0.024628083517431936,0.002510512076103632,4,-2.186043376085217e-06,-0.007384278557755331,1.782560509159798e-05,9.80996848443916,0.01562876322813136,0.003186302433676955,6,-1.606904600437442e-06,0.155979125315631,-5.3459345602277554e-05,0.0,0.0,nan,0,-0.0799972430825881,6.842886515742423e-10,3.053362302811066e-07,-9.378639986842835e-12,2
2.58,4.0,6.111425174296972e-05,-2.6224058838840218e-05,19.61994649120652,0.026024759948065156,0.002652887963759658,4,-2.186040059224542e-06,-0.007384290884393838,-2.060093582827365e-05,9.809946847106122,0.01733046923354073,0.003533244268016216,6,-1.605948114033473e-06,0.15597908676263564,3.085940661062127e-05,0.0,0.0,nan,0,-0.07999724404243827,6.101035392988268e-10,8.307732150052504e-08,-9.380519372378922e-12,2
2.585,4.0,6.0880988557722884e-05,-6.0204841953640245e-05,19.619942340686848,0.015302200413661551,0.001559861914775215,4,-2.1860381331888223e-06,-0.007384500633863176,-5.742419997935197e-05,9.809942679128785,0.010621502649247045,0.002165456618180838,6,-1.606323905403717e-06,0.15597944994744378,0.00010166348799298591,0.0,0.0,nan,0,-0.07999724366861982,1.2812742339188102e-10,-2.0622584735703255e-07,-9.375593534863265e-12,2
2.59,4.0,6.0550661390082656e-05,-6.58195711981803e-05,19.619969706530835,0.004663407625267547,0.0004753735805937819,4,-2.1860397323054948e-06,-0.0073848422875871945,-7.302856883880259e-05,9.809969812625077,0.0031399450696232233,0.0006401538699094114,6,-1.6080264909207331e-06,0.15598004210065955,0.00012288262021300305,0.0,0.0,nan,0,-0.07999724196448207,-6.714517874498466e-10,-4.292749076205241e-07,-9.375707221700984e-12,2
2.595,4.0,6.028401637327894e-05,-3.865160515851842e-05,19.620014860473002,0.022570235288106675,0.002300735799500057,4,-2.1860444159027548e-06,-0.007385177884566998,-5.739444641691468e-05,9.81001450500691,0.014753885094116135,0.0030079231965632535,6,-1.6103447287654782e-06,0.15598056451515085,8.008056587128266e-05,0.0,0.0,nan,0,-0.07999723964160751,-1.056107386378265e-09,-4.5897080428132155e-07,-9.376883169928666e-12,2
2.6,4.0,6.0227978015024914e-05,1.428117554172039e-05,19.620083125071446,0.0284012208195576,0.00289511727738454,4,-2.1860504000742464e-06,-0.007385373574195991,-2.6207042533535455e-05,9.810082329166498,0.017112897883604917,0.003488838790419997,6,-1.6120897447166604e-06,0.1559807364158034,-4.039584590290633e-06,0.0,0.0,nan,0,-0.07999723789065427,-1.3193476488551918e-09,-1.9697221808618806e-07,-9.37779000009518e-12,2
2.605,4.0,6.04288495741062e-05,5.6961841113356596e-05,19.620058613845877,0.017310987014466823,0.0017646213352543664,4,-2.1860522856943787e-06,-0.007385421685631263,4.003435278471282e-06,9.810058048652149,0.011601021307045099,0.0023651279634658265,6,-1.6120412546366536e-06,0.15598050382851555,-7.693069385017176e-05,0.0,0.0,nan,0,-0.07999723793730565,2.2102527102854505e-10,1.5865611658421118e-07,-9.377766907456267e-12,2
2.61,4.0,6.075248621602259e-05,6.564183909220891e-05,19.62001938599459,0.0016588477388267855,0.00016909746174980085,4,-2.1860495668588054e-06,-0.007385331705844226,2.7662134767156467e-05,9.810019284335333,0.0025563066634056025,0.0005211624135107503,6,-1.6106522165229564e-06,0.15598001038509313,-0.0001092693571938573,0.0,0.0,nan,0,-0.07999723932910949,7.053102991080569e-10,3.464154182479148e-07,-9.378916210331359e-12,2
2.615,4.0,6.1032401956460556e-05,4.490962717190351e-05,19.619990740625248,0.013980885988489565,0.0014251674400172548,4,-2.1860460309441887e-06,-0.007385170372019908,3.176903501935027e-05,9.809990945762591,0.008137089011812114,0.0016589391482215211,6,-1.6088628191010534e-06,0.15597948930870553,-9.264401140294822e-05,0.0,0.0,nan,0,-0.07999724112208972,6.116069766734218e-10,3.5146911120802564e-07,-9.377932108642329e-12,2
2.62,4.0,6.115993293973849e-05,8.14679242432688e-06,19.619965900267662,0.02246546115737643,0.002290061182733243,4,-2.186042939687771e-06,-0.007385061490774618,1.0438818513743675e-05,9.809966202705347,0.01446391127855811,0.002948819798088462,6,-1.60737754586332e-06,0.15597917306982473,-3.455092602258325e-05,0.0,0.0,nan,0,-0.07999724261050112,6.253011060594323e-10,2.3486133353694066e-07,-9.380141008372123e-12,2
2.625,4.0,6.109150796300217e-05,-3.066488860186088e-05,19.6199496022771,0.02130874770317397,0.0021721511150773667,4,-2.186040152722668e-06,-0.007385102984685206,-2.427300149872301e-05,9.80994993807763,0.014283149415603704,0.0029119719276371045,6,-1.6067784673542973e-06,0.15597920316223052,3.897260914672904e-05,0.0,0.0,nan,0,-0.0799972432124135,4.6021327287784474e-10,1.4775666790690354e-08,-9.385518040524987e-12,2
2.63,4.0,6.0860831240054284e-05,-5.551018600417506e-05,19.619953595209246,0.010048247995862614,0.0010242886607352804,4,-2.1860391565299564e-06,-0.007385310430931204,-5.3409257965615865e-05,9.80995387889179,0.007210498917420246,0.0014700372716196298,6,-1.6074108791716557e-06,0.15597956145888855,9.295419714614185e-05,0.0,0.0,nan,0,-0.07999724258104479,-7.648964300974322e-11,-2.376638827515479e-07,-9.37841971859474e-12,2
2.6350000000000002,4.0,6.057566474934801e-05,-5.3889990935142656e-05,19.61998219874729,0.007405320647515653,0.0007548753686421257,4,-2.186041348085921e-06,-0.0073856111418581045,-6.171754839841567e-05,9.809982208899044,0.004648174038814415,0.000947641685751043,6,-1.609100553807974e-06,0.15598006751016588,9.964232664093082e-05,0.0,0.0,nan,0,-0.0799972408892255,-6.999028911450504e-10,-3.9849758354899487e-07,-9.384853683067047e-12,2
2.64,4.0,6.037571269614166e-05,-2.5161147075608886e-05,19.620022300147234,0.022054460897999128,0.0022481585964184785,4,-2.186045665746733e-06,-0.00738587830134864,-4.256665015683694e-05,9.810021907492295,0.014501485824342415,0.0029564634943918047,6,-1.611113677711662e-06,0.15598045479574005,5.176261867240907e-05,0.0,0.0,nan,0,-0.07999723887183084,-9.110130977943736e-10,-3.7710317912138443e-07,-9.377797993700951e-12,2
2.645,4.0,6.037356296447551e-05,2.2188868756875864e-05,19.62008223654332,0.025209062478600684,0.0025697203686177858,4,-2.1860504495520294e-06,-0.007385997115759701,-1.0874526485532123e-05,9.810081641196213,0.015214252310835836,0.003101758551518161,6,-1.6124320522462043e-06,0.15598049593408386,-2.7279486695270122e-05,0.0,0.0,nan,0,-0.0799972375487194,-1.1667365562032253e-09,-1.1833666598699471e-07,-9.381634924474056e-12,2
2.65,4.0,6.0592958980352083e-05,5.696425358316799e-05,19.62004982710021,0.012846413314585374,0.0013095189286258851,4,-2.186051791454313e-06,-0.00738597975731705,1.4881006474582164e-05,9.81004937138253,0.008822083183891796,0.0017985807919840265,6,-1.61204752829186e-06,0.15598017935399716,-8.781037034372407e-05,0.0,0.0,nan,0,-0.07999723793194836,3.327665716853765e-10,2.1032185744844863e-07,-9.381960885954084e-12,2
2.6550000000000002,4.0,6.089452743054554e-05,5.810465474659636e-05,19.620007955566386,0.003096893728462123,0.00031568730608832443,4,-2.1860485991537226e-06,-0.007385849756733408,3.3379322418380006e-05,9.810007991188689,0.0014184429352956118,0.00028918282973258567,6,-1.6105450334549798e-06,0.15597966795950582,-0.00010744905331353694,0.0,0.0,nan,0,-0.07999723943768242,7.841350955758705e-10,3.4176118007882637e-07,-9.384086296912425e-12,2
2.66,4.0,6.112885566512585e-05,3.486668557740297e-05,19.61998579882504,0.01578964395599229,0.0016095469301448595,4,-2.1860454247728256e-06,-0.007385681557520851,2.994201836806307e-05,9.80998600691268,0.009644681511145777,0.001966298729549579,6,-1.6088378642295509e-06,0.1559791856067719,-8.077374595465306e-05,0.0,0.0,nan,0,-0.07999724114807294,5.905369163103067e-10,3.2517439964789917e-07,-9.385097043954046e-12,2
2.665,4.0,6.120577426432976e-05,-1.5398455320487879e-06,19.619962253504234,0.022111629707863432,0.0022539930935814283,4,-2.1860423676592355e-06,-0.007385594692028654,4.546600976591068e-06,9.809962566800332,0.014466710801543596,0.002949391642023795,6,-1.6075502766652039e-06,0.1559789419975644,-1.8971763310446437e-05,0.0,0.0,nan,0,-0.07999724243876455,6.003551620822599e-10,1.8580484575563347e-07,-9.38556422580281e-12,2
2.67,4.0,6.109748401728785e-05,-3.677585420032008e-05,19.61994965872872,0.018726558380886448,0.0019089303190495382,4,-2.186039896521358e-06,-0.007385665929330389,-2.9539463263346714e-05,9.809949987334935,0.01267529935326605,0.002584172064002447,6,-1.6072299162395165e-06,0.15597904170016777,5.035034374167501e-05,0.0,0.0,nan,0,-0.07999724276164305,3.599181628829705e-10,-4.3633076558812545e-08,-9.385780941337217e-12,2
2.6750000000000003,4.0,6.085253847999088e-05,-5.5453179389831216e-05,19.619959826265774,0.00638715068344661,0.0006510870297395775,4,-2.186039608449708e-06,-0.007385888942570932,-5.439784278738877e-05,9.809960057642384,0.004885841423406171,0.0009960981277594273,6,-1.608116915956248e-06,0.1559794298341709,9.388608260006538e-05,0.0,0.0,nan,0,-0.07999724187497835,-2.291803555279649e-10,-2.778601263944794e-07,-9.383115517899697e-12,2
2.68,4.0,6.0585207568366e-05,-4.767907702555089e-05,19.619991398791935,0.010535000355177706,0.001073904686403316,4,-2.186042353340828e-06,-0.007386178838357235,-5.694922759910996e-05,9.809991328369286,0.006655639632545137,0.0013569104007865628,6,-1.6099012942472068e-06,0.15597990723626481,8.866339919240094e-05,0.0,0.0,nan,0,-0.07999724008790209,-7.657043718537217e-10,-3.981168432190643e-07,-9.386252564078075e-12,2
2.685,4.0,6.0427119128851534e-05,-1.562851307829778e-05,19.620029702632394,0.023289935083916566,0.002374097841533011,4,-2.1860466531894995e-06,-0.007386408599795353,-3.3199239402485525e-05,9.810029248140086,0.015435101150501602,0.0031468002306778015,6,-1.6117885356589645e-06,0.15598021526170913,3.2862881193355465e-05,0.0,0.0,nan,0,-0.07999723819640775,-8.4841181452608e-10,-3.332788935147093e-07,-9.381351595558172e-12,2
2.69,4.0,6.0473563100265264e-05,3.090022174923298e-05,19.62007997209118,0.023054071148998264,0.002350048642186149,4,-2.1860511578396247e-06,-0.007386481901706287,-2.4897890280642016e-06,9.810079245573526,0.014055698907115577,0.0028655627656540587,6,-1.6127758816833482e-06,0.15598016229538617,-4.4375269857185596e-05,0.0,0.0,nan,0,-0.079997237204604,-9.355272360692403e-10,-3.8595127154494045e-08,-9.385165433692366e-12,2
2.695,4.0,6.0718891924966146e-05,5.896257527510661e-05,19.62004181452928,0.009341924933191916,0.0009522838963853702,4,-2.1860513680603544e-06,-0.007386426787183016,2.1372509236600545e-05,9.810041465368691,0.00678403370399412,0.0013830795166244806,6,-1.6120713317233082e-06,0.15597978202794643,-9.629988749634868e-05,0.0,0.0,nan,0,-0.07999723790899066,4.746949616149231e-10,2.5857800613431433e-07,-9.384518839802823e-12,2
2.7,4.0,6.101056525080663e-05,5.395509846669455e-05,19.620006044103793,0.0056756815443295494,0.0005785606315891229,4,-2.186047827576476e-06,-0.007386268726309955,3.696310740119142e-05,9.810006176132717,0.0027932217562665635,0.0005694638119723799,6,-1.6104733856700526e-06,0.15597925246982652,-0.00010688297470038017,0.0,0.0,nan,0,-0.07999723951052412,6.469123965943389e-10,3.457706062450114e-07,-9.385337740305784e-12,2
2.705,4.0,6.121573718820732e-05,2.787727243559363e-05,19.619980821198762,0.01760615758708444,0.001794717104724338,4,-2.186044883063787e-06,-0.007386098885036075,2.7840714372254027e-05,9.809981046381377,0.011029316074644784,0.002248590700124377,6,-1.6087928128641349e-06,0.15597879763286499,-7.168272148483698e-05,0.0,0.0,nan,0,-0.07999724119408838,6.085653999051964e-10,3.0972670083178143e-07,-9.386140653597193e-12,2
2.71,4.0,6.12547692417717e-05,-9.189805595617922e-06,19.619958343110525,0.02228497231939107,0.002271663571316027,4,-2.18604178565604e-06,-0.007386033268678017,-1.0414705377450733e-06,9.809958668981219,0.014742885567328284,0.003005697794414736,6,-1.6076476384713212e-06,0.15597861316087394,-5.733424386764985e-06,0.0,0.0,nan,0,-0.07999724234240713,5.880522576092993e-10,1.4775139237437425e-07,-9.389215527286194e-12,2
2.715,4.0,6.11128198652124e-05,-4.2334450768665136e-05,19.619948774458003,0.016996315962464578,0.0017325545706409825,4,-2.1860395477066308e-06,-0.007386133900063763,-3.508148050098505e-05,9.809949101429343,0.011617512174611185,0.0023685163000322753,6,-1.6075581825633622e-06,0.15597877591822754,6.145126490893728e-05,0.0,0.0,nan,0,-0.07999724243414795,2.7940708063747707e-10,-9.414000330727395e-08,-9.392184707743253e-12,2
2.72,4.0,6.085199824648556e-05,-5.642663056053674e-05,19.61996412182276,0.0037150505876589043,0.0003787010582273953,4,-2.186039847144189e-06,-0.00738637708623694,-5.680321923496545e-05,9.809964312369893,0.0032184909480747303,0.0006561677179633301,6,-1.6086775916565599e-06,0.15597920010278157,9.726521759382023e-05,0.0,0.0,nan,0,-0.07999724131448638,-3.556310303479427e-10,-3.175359604704155e-07,-9.39195111681887e-12,2
2.725,4.0,6.059422716160302e-05,-4.349300356579929e-05,19.619998968201156,0.013408108866825922,0.00136677977287939,4,-2.186043100631946e-06,-0.007386665925213862,-5.4497431208777497e-05,9.809998825817958,0.00855514674613642,0.001744168760473443,6,-1.6105797218460283e-06,0.15597966688977632,8.202583673251329e-05,0.0,0.0,nan,0,-0.07999723940914964,-8.361411757987503e-10,-4.0628007593463867e-07,-9.390137456485842e-12,2
2.73,4.0,6.046754802734409e-05,-8.059134992844582e-06,19.62003666144469,0.02489037991087417,0.0025372409175754727,4,-2.1860474666013374e-06,-0.007386870414681127,-2.6183144650948866e-05,9.810036149071028,0.016610187100313433,0.003386366135233121,6,-1.6124023509631047e-06,0.15597991823548157,1.827771576000038e-05,0.0,0.0,nan,0,-0.07999723758220151,-8.16489100276292e-10,-3.0399340564530763e-07,-9.384710686341475e-12,2
2.735,4.0,6.055594079247345e-05,3.877456779454152e-05,19.620078701388675,0.021714174711418198,0.0022134645881804037,4,-2.1860518320641897e-06,-0.007386909509551958,4.095521189135829e-06,9.810077894479447,0.013393669085814063,0.002730593830116529,6,-1.6131215785086805e-06,0.15597978911486182,-5.883461870313327e-05,0.0,0.0,nan,0,-0.07999723685865545,-7.121037412530518e-10,2.797560546434864e-08,-9.38807865890898e-12,2
2.74,4.0,6.082748945228894e-05,6.149293078566179e-05,19.620035868073046,0.006679477547627668,0.0006808833166810804,4,-2.1860510928360666e-06,-0.0073868229943163406,2.7522975996563826e-05,9.810035595723958,0.005813376474625108,0.0011851896800780352,6,-1.6121358142121012e-06,0.15597935122841175,-0.0001049804023357328,0.0,0.0,nan,0,-0.0799972378452059,5.895874011771207e-10,3.037047747770815e-07,-9.390378152837581e-12,2
2.745,4.0,6.111814292997068e-05,5.185873139567831e-05,19.62000240616053,0.008415546250068438,0.0008578537429155483,4,-2.1860473579729534e-06,-0.007386642258642993,3.928811177323853e-05,9.810002554543056,0.004608476626771552,0.0009395464682396737,6,-1.6104107078904195e-06,0.15597880001687692,-0.00010711130455460968,0.0,0.0,nan,0,-0.07999723957409405,6.202315559463977e-10,3.63627860350647e-07,-9.392178490494312e-12,2
2.75,4.0,6.130203250687297e-05,2.2030542302223324e-05,19.61997483557182,0.019776861083696844,0.002015992502481765,4,-2.1860442620084963e-06,-0.007386475094917966,2.5075355053828152e-05,9.80997509369268,0.012574261397927456,0.0025635664265879887,6,-1.608709703102007e-06,0.15597836914136198,-6.307032457202149e-05,0.0,0.0,nan,0,-0.07999724127824176,6.547599121206326e-10,3.010632297214999e-07,-9.393234534635336e-12,2
2.755,4.0,6.130625309994142e-05,-1.6682520485396648e-05,19.61995325003152,0.022954335189228202,0.0023398970320371508,4,-2.1860410661482532e-06,-0.00738643467230931,-7.566838156147828e-06,9.809953593565679,0.015313783448984802,0.00312209090551235,6,-1.6076843295728671e-06,0.15597824467611818,8.284965597510197e-06,0.0,0.0,nan,0,-0.07999724230685815,5.881828180606384e-10,1.1195733206130878e-07,-9.393540956190132e-12,2
2.7600000000000002,4.0,6.112890880860009e-05,-4.859685876120376e-05,19.619946889097275,0.01565847496352962,0.0015961791387142817,4,-2.1860390307555655e-06,-0.007386570733245069,-4.207065697254677e-05,9.809947223793642,0.010820033755976068,0.0022059310838558844,6,-1.6078308179776069e-06,0.15597847825947403,7.47031568627431e-05,0.0,0.0,nan,0,-0.0799972421624521,1.9801123235377187e-10,-1.4821299473040004e-07,-9.38685474904663e-12,2
2.765,4.0,6.084727052308322e-05,-5.852377132732279e-05,19.619967725322034,0.002215237996178216,0.00022581464222483637,4,-2.186039942422141e-06,-0.007386842159083084,-6.0898173106878135e-05,9.809967876807503,0.0021656477360919714,0.00044151984252913714,6,-1.6092147378798938e-06,0.15597895150189717,0.00010345761973634957,0.0,0.0,nan,0,-0.07999724077766748,-4.936437498229429e-10,-3.656513784323179e-07,-9.394288802419523e-12,2
2.77,4.0,6.059390200714279e-05,-4.016082192416509e-05,19.62000678513618,0.01664538625730873,0.001696776809467673,4,-2.186043793237641e-06,-0.007387137924026002,-5.348057675183257e-05,9.810006562032848,0.010717695386109819,0.002185053662979177,6,-1.6112811531757143e-06,0.15597942081382654,7.767710815110321e-05,0.0,0.0,nan,0,-0.07999723870744832,-9.269422082694723e-10,-4.237830977079183e-07,-9.390582433874117e-12,2
2.775,4.0,6.049629755016628e-05,-5.436992991098583e-07,19.620044984186293,0.027168710445883437,0.002769485031026315,4,-2.1860483152558174e-06,-0.007387321681242035,-1.9581343229382003e-05,9.810044398816752,0.01825265699759627,0.003721218020134105,6,-1.6130796853322527e-06,0.1559796223541409,4.160786177386325e-06,0.0,0.0,nan,0,-0.07999723690444113,-8.09533873659425e-10,-2.808549925157989e-07,-9.395169875411872e-12,2
2.7800000000000002,4.0,6.063147182638284e-05,4.72924618138347e-05,19.620074301854412,0.02016163071439048,0.0020552043182104447,4,-2.186052574064401e-06,-0.007387337647074609,8.638726128542027e-06,9.810073479978987,0.012699117790646058,0.0025889954477024486,6,-1.6134868347991715e-06,0.15597942332450948,-7.189541011613486e-05,0.0,0.0,nan,0,-0.07999723649307983,-3.3866849941252683e-10,1.0056250938743736e-07,-9.393556055223276e-12,2
2.785,4.0,6.092993636033343e-05,6.387462183540812e-05,19.620020600578684,0.004255158786884248,0.0004337568113214666,4,-2.186050582071025e-06,-0.007387227341543769,3.264578842322414e-05,9.810020269099681,0.0043696837602152355,0.0008908613112613405,6,-1.6122204074681123e-06,0.1559789347334278,-0.0001124845982517059,0.0,0.0,nan,0,-0.07999723776154613,8.566929415295952e-10,3.3943180163402813e-07,-9.392413857775542e-12,2
2.79,4.0,6.121986658610967e-05,4.9673871222409743e-05,19.61999776440387,0.011223357781544067,0.00114407329871427,4,-2.1860468583344284e-06,-0.007387032033243336,4.008896030516181e-05,9.809997928927125,0.006485785751242713,0.0013222807585142955,6,-1.6103720051133252e-06,0.15597836967405562,-0.00010572698533825806,0.0,0.0,nan,0,-0.0799972396137192,6.214427053493886e-10,3.8010199848785955e-07,-9.393561384293794e-12,2
2.795,4.0,6.138163832090832e-05,1.6035963866934294e-05,19.61996885218597,0.021853916843599375,0.0022277218693101553,4,-2.186043568438295e-06,-0.007386874298185033,2.1060862215665992e-05,9.80996915106445,0.01408319641796358,0.002871200959166208,6,-1.6086667612019712e-06,0.1559779703465875,-5.306094570876069e-05,0.0,0.0,nan,0,-0.07999724132229996,6.939396080526669e-10,2.88323030673766e-07,-9.39836820590121e-12,2
2.8000000000000003,4.0,6.135070975996962e-05,-2.4156617601910853e-05,19.61994800540147,0.0233975270645719,0.002385075338439271,4,-2.186040300014569e-06,-0.007386864233749804,-1.4889359346392499e-05,9.809948368115837,0.015709101688009097,0.0032026879446311073,6,-1.607783380479233e-06,0.15597791139020908,2.3081891507589642e-05,0.0,0.0,nan,0,-0.0799972422089961,5.823981635274797e-10,7.112334551455765e-08,-9.393189237535941e-12,2
2.805,4.0,6.113897995873651e-05,-5.448105500585995e-05,19.619945683293743,0.014048655202474327,0.001432078908805203,4,-2.1860385402625027e-06,-0.007387038020290756,-4.924743266894091e-05,9.809946024319043,0.009834468045217213,0.00200499942014714,6,-1.6081889733995935e-06,0.1559782170862181,8.776443642149072e-05,0.0,0.0,nan,0,-0.07999724180520992,9.630607960966889e-11,-2.0599500822966355e-07,-9.398851374961526e-12,2
2.81,4.0,6.0839448411549616e-05,-5.9889691741789604e-05,19.619972237076695,0.0037960297835104785,0.0003869556732946808,4,-2.186040133314582e-06,-0.007387337040696023,-6.462182957049248e-05,9.80997234049256,0.0026058719388697715,0.0005312699869934455,6,-1.6098453380422595e-06,0.15597873581800828,0.00010854750424542961,0.0,0.0,nan,0,-0.07999724014729921,-6.389454902403239e-10,-4.134526837250119e-07,-9.391299193858815e-12,2
2.815,4.0,6.0594577154382916e-05,-3.599515167078384e-05,19.620015353958127,0.019914955043919182,0.002030065184419089,4,-2.1860445737174883e-06,-0.0073876367815287865,-5.171944361621864e-05,9.810015041774454,0.012952356387939838,0.0026406394552473574,6,-1.612062207827225e-06,0.1559792006101069,7.175061240877793e-05,0.0,0.0,nan,0,-0.079997237926036,-1.0096567412701556e-09,-4.366481646947518e-07,-9.399595668477233e-12,2
2.82,4.0,6.0530198636341335e-05,8.627468368300341e-06,19.6200538663588,0.029309647922950703,0.002987723491749022,4,-2.1860491846818764e-06,-0.007387796288304071,-1.4089833469440048e-05,9.810053203918534,0.01772134177483227,0.0036128941212579045,6,-1.6138079685160123e-06,0.15597934467557986,-1.0501583588222655e-05,0.0,0.0,nan,0,-0.07999723617571133,-7.682334154948974e-10,-2.5059777683529187e-07,-9.394679600924193e-12,2
2.825,4.0,6.071321489356883e-05,5.523149303179749e-05,19.620069334337323,0.018284218246662022,0.0018638280971477086,4,-2.1860530195344507e-06,-0.0073877914110622046,1.3255132726550895e-05,9.810068594956672,0.011818020813144248,0.002409365581647382,6,-1.6138539207163904e-06,0.15597907696243132,-8.445054025630881e-05,0.0,0.0,nan,0,-0.07999723612597127,1.0029282347638315e-11,1.7089636143479242e-07,-9.395765843131486e-12,2
2.83,4.0,6.103497996461181e-05,6.58131308463348e-05,19.62001551884897,0.0018822941665513385,0.00019187489069445604,4,-2.1860500419475237e-06,-0.0073876586750814726,3.651343500526813e-05,9.810015381178612,0.002760187582726178,0.0005627284923572788,6,-1.612321573557507e-06,0.15597854264190109,-0.00011829044615434648,0.0,0.0,nan,0,-0.07999723766134301,9.390336961886664e-10,3.7646374401860804e-07,-9.398085765163744e-12,2
2.835,4.0,6.13202873454771e-05,4.644226770160887e-05,19.619991411171824,0.014266251381950876,0.0014542566388512817,4,-2.1860462649479773e-06,-0.007387456783026894,3.9124798845921975e-05,9.809991610243818,0.008516216577210875,0.001736233202955657,6,-1.6103482866555718e-06,0.15597797562315815,-0.00010153091265352297,0.0,0.0,nan,0,-0.07999723963845391,6.635496268544689e-10,3.9278335337671445e-07,-9.400117917388018e-12,2
2.84,4.0,6.145424746723419e-05,8.941951324522437e-06,19.61996232721394,0.023845027526195973,0.002430690449708116,4,-2.1860427436189156e-06,-0.007387317777248989,1.5132273478580315e-05,9.809962662674646,0.015534596208408852,0.003167106082373897,6,-1.6086743329785103e-06,0.15597762283812203,-4.0038036709491944e-05,0.0,0.0,nan,0,-0.07999724131597591,7.215166864512885e-10,2.668425451545675e-07,-9.397485356552025e-12,2
2.845,4.0,6.138372864880082e-05,-3.2257568064133425e-05,19.61994267686686,0.02336297726506737,0.0023815540799325356,4,-2.186039453028893e-06,-0.0073873464010758855,-2.3573437592311974e-05,9.8099430594633,0.01577202212143813,0.0032155175673977895,6,-1.6079860657922107e-06,0.15597764216180188,3.98672279507576e-05,0.0,0.0,nan,0,-0.0799972420075807,5.555616651705938e-10,1.8769557014565188e-08,-9.401574529996324e-12,2
2.85,4.0,6.113699607621944e-05,-6.001786919682492e-05,19.619945892595297,0.011792800476501324,0.0012021236491739774,4,-2.186038130725515e-06,-0.007387561895062561,-5.672739384216871e-05,9.809946231020836,0.0084252553101437,0.001717696532015947,6,-1.6087017635779688e-06,0.15597802456956666,0.00010078151953558061,0.0,0.0,nan,0,-0.07999724129325222,-4.467196918076114e-11,-2.7176668041912654e-07,-9.40294943019002e-12,2
2.855,4.0,6.0824177429024786e-05,-5.9907937238191896e-05,19.619978710099073,0.007116926459871178,0.0007254774905752423,4,-2.1860405384974135e-06,-0.007387886808917011,-6.749072978552798e-05,9.809978746668301,0.004498548434300016,0.0009171372437127508,6,-1.6106473888152784e-06,0.15597858248344482,0.00011143495772102045,0.0,0.0,nan,0,-0.0799972393452662,-7.983539180314873e-10,-4.604771863777157e-07,-9.401202383238468e-12,2
2.86,4.0,6.0596103035533075e-05,-3.0060756102552347e-05,19.620024735753518,0.023425698675639324,0.002387937731082544,4,-2.186045544829568e-06,-0.007388183578316339,-4.811431613612655e-05,9.810024303163665,0.015430665759877253,0.003145897560090849,6,-1.6129850425525283e-06,0.15597902750878517,6.221139714043385e-05,0.0,0.0,nan,0,-0.07999723700265315,-1.064198967117043e-09,-4.401533477176966e-07,-9.402824197032843e-12,2
2.865,4.0,6.0574196769632306e-05,1.946148025689494e-05,19.620088138763975,0.030236621440030642,0.0030822105615612677,4,-2.1860503159158717e-06,-0.007388310047892186,-7.068896616499805e-06,9.810088116712464,0.018192857194652655,0.0037090099453152324,6,-1.614606338934399e-06,0.1559790960663455,-2.835622453195159e-05,0.0,0.0,nan,0,-0.0799972353766327,-1.0586080491662168e-09,-1.9193140335700293e-07,-9.404282585997987e-12,2
2.87,4.0,6.080835102012824e-05,6.399546730940013e-05,19.620066950576124,0.016435548547491605,0.00167538149476182,4,-2.186053410360711e-06,-0.007388266440816556,2.1325532857230525e-05,9.810066267593516,0.010902698307127878,0.0022227573208437445,6,-1.6142619854928042e-06,0.15597873848690902,-0.0001012846068495714,0.0,0.0,nan,0,-0.07999723571793871,2.5860027014071183e-10,2.4942062664317204e-07,-9.40341394750352e-12,2
2.875,4.0,6.115695859556933e-05,6.846185041684916e-05,19.620012773242472,0.002537215415751053,0.00025863544994336355,4,-2.186049500595838e-06,-0.007388093899956715,4.36169212149705e-05,9.810012842350986,0.0017018593107364915,0.00034696372738460924,6,-1.6124182617496818e-06,0.15597813752053438,-0.00012804234410620198,0.0,0.0,nan,0,-0.07999723756561922,9.640856966627574e-10,4.234423967616652e-07,-9.403269174421108e-12,2
2.88,4.0,6.14401215390782e-05,4.340598051919905e-05,19.619984293921746,0.017954570102211836,0.0018302328720797342,4,-2.1860456400103756e-06,-0.007387872367826125,4.020517292347172e-05,9.80998453291141,0.01103099599513069,0.0022489323929355694,6,-1.610264688922669e-06,0.15597755300769198,-9.957469170779921e-05,0.0,0.0,nan,0,-0.07999723972309963,7.363117796018989e-10,4.157413541003197e-07,-9.40169709861824e-12,2
2.8850000000000002,4.0,6.154463360435323e-05,1.0189500178408206e-06,19.619953842804637,0.026740751098747517,0.0027258729875712056,4,-2.1860417453965775e-06,-0.00738774674778658,9.415080561788837e-06,9.809954214548638,0.017638018174653113,0.0035959430164302047,6,-1.6085838589890988e-06,0.1559772430579899,-2.639753463542362e-05,0.0,0.0,nan,0,-0.0799972414078712,7.870655843164307e-10,2.501154323485866e-07,-9.401245015802613e-12,2
2.89,4.0,6.142695718433959e-05,-4.2389073606383396e-05,19.619934908244925,0.02406294939046933,0.0024529081776267572,4,-2.186038273399582e-06,-0.007387817946660243,-3.38006853220609e-05,9.809935324641533,0.01636489316048147,0.0033363916517114172,6,-1.60809842420645e-06,0.15597735211585737,6.022628908582307e-05,0.0,0.0,nan,0,-0.07999724189682499,5.475420890563007e-10,-4.0484746863199696e-08,-9.405413237126263e-12,2
2.895,4.0,6.113308724675882e-05,-6.817407278418435e-05,19.61994422444841,0.009779929778899311,0.0009969375719949848,4,-2.186037394262541e-06,-0.0073880863488684405,-6.686171871897327e-05,9.809944566952897,0.0072276513145895565,0.0014735356077214949,6,-1.6091900616535537e-06,0.15597783457074801,0.00011907235587670452,0.0,0.0,nan,0,-0.07999724080611373,-2.021706055358189e-10,-3.5533976349883977e-07,-9.406128220754122e-12,2
2.9,4.0,6.0794781528405035e-05,-6.203446609452196e-05,19.619985337108975,0.011276389015196495,0.00114947986162543,4,-2.186040797495098e-06,-0.007388450745614042,-7.294451566227037e-05,9.809985297148343,0.007152360283720899,0.0014581796133374457,6,-1.6115293198573633e-06,0.15597845745612796,0.00011901558034731404,0.0,0.0,nan,0,-0.0799972384634993,-1.0060449495155901e-09,-5.293765939152305e-07,-9.399843470256323e-12,2
2.9050000000000002,4.0,6.057674472631394e-05,-2.4744694382443576e-05,19.62003632986634,0.028197810721186174,0.00287438924649313,4,-2.1860465826729902e-06,-0.007388753879767707,-4.552923864127867e-05,9.81003576105661,0.018780906448361105,0.003828917020448918,6,-1.614085146872668e-06,0.15597889881017077,5.431056583051422e-05,0.0,0.0,nan,0,-0.07999723590193414,-1.1574071434053718e-09,-4.6023839912019293e-07,-9.406719747581643e-12,2
2.91,4.0,6.060505745956971e-05,3.321262009181357e-05,19.620111285851124,0.030382685110848254,0.003097096103910325,4,-2.186052556769208e-06,-0.007388859819202098,-5.033692644260084e-06,9.810110453782121,0.01835609483097794,0.0037422809697114185,6,-1.6155478549870206e-06,0.15597889662013,-4.414226042009921e-05,0.0,0.0,nan,0,-0.07999723443329895,-1.4163000709458157e-09,-8.899384430256381e-08,-9.405675249760075e-12,2
2.915,4.0,6.089714976925388e-05,7.290098010852202e-05,19.62005985344181,0.01376315559194583,0.00140296774777998,4,-2.186053464223875e-06,-0.0073887994182586314,2.54187922955944e-05,9.810059319563537,0.009646307935538924,0.0019666156179712277,6,-1.6147279287420657e-06,0.15597846431030613,-0.00011428307115431096,0.0,0.0,nan,0,-0.07999723525236478,5.917257369078261e-10,3.3053892354944063e-07,-9.40515655356297e-12,2
2.92,4.0,6.126866071868645e-05,7.004375929285222e-05,19.62000921170631,0.005637415917552665,0.0005746598645008883,4,-2.1860487893730907e-06,-0.00738860502411726,4.6814275886314e-05,9.810009376382727,0.0026534284263448928,0.0005409634842415001,6,-1.6126064785043637e-06,0.15597781858881565,-0.00013282129970637388,0.0,0.0,nan,0,-0.0799972373785369,9.04794642818367e-10,4.639216878984843e-07,-9.405502943146652e-12,2
2.9250000000000003,4.0,6.1543032914609e-05,3.9012817435298926e-05,19.61997618025208,0.021371080132344834,0.0021785021486269976,4,-2.1860448530842957e-06,-0.00738838253605585,3.77792384549732e-05,9.809976459749814,0.013350210431644725,0.002721761970871273,6,-1.6103287375016095e-06,0.1559772419123298,-9.275528619434478e-05,0.0,0.0,nan,0,-0.0799972396602612,8.053005818283983e-10,4.2435867727268594e-07,-9.405985224028549e-12,2
2.93,4.0,6.161328991249164e-05,-7.467954786938417e-06,19.61994507975794,0.028842948067245362,0.0029401660351233982,4,-2.18604065959499e-06,-0.007388285579549464,1.2472871691332106e-06,9.809945484341613,0.019161383914422094,0.0039065219974987655,6,-1.6087168600228963e-06,0.15597699488276812,-9.742528462170789e-06,0.0,0.0,nan,0,-0.07999724127637922,8.401470231164373e-10,2.1731560397790901e-07,-9.405869760833988e-12,2
2.935,4.0,6.144935330753514e-05,-5.1660353497607044e-05,19.619928657000678,0.023668789332819604,0.0024127293984195232,4,-2.1860371756110553e-06,-0.00738840635474706,-4.448877484692723e-05,9.809929100706547,0.016183016966605568,0.003299313746404142,6,-1.6085083082220675e-06,0.1559771997786844,8.018596649371312e-05,0.0,0.0,nan,0,-0.07999724148846205,4.925536841157415e-10,-1.1222964960906238e-07,-9.408167478405752e-12,2
2.94,4.0,6.111701507134519e-05,-7.391945447597235e-05,19.61994572231098,0.007020107586125568,0.000715609276955603,4,-2.1860369852390316e-06,-0.007388724120892881,-7.54124773849352e-05,9.809946047452735,0.005540647963161807,0.0011295980500525792,6,-1.6100072933178389e-06,0.15597777006735133,0.0001333688042403366,0.0,0.0,nan,0,-0.07999723998971436,-4.0292897724034254e-10,-4.3886319598558255e-07,-9.411662460487272e-12,2
2.945,4.0,6.076778729369836e-05,-6.102210353052397e-05,19.619994641926848,0.015684497839555344,0.0015988279432083469,4,-2.186041436261915e-06,-0.0073891160537017855,-7.55008293488151e-05,9.809994501938178,0.01004908903891966,0.0020487450909242085,6,-1.612697484734693e-06,0.15597843141239393,0.00012055983948902718,0.0,0.0,nan,0,-0.07999723729511897,-1.1976024669194414e-09,-5.832232108751821e-07,-9.40722600928087e-12,2
2.95,4.0,6.057412344429116e-05,-1.691785805354605e-05,19.620049559774692,0.03241069529970001,0.003303834192768696,4,-2.1860478044699594e-06,-0.007389409470915763,-3.974084234323403e-05,9.810048858909681,0.021766012580900083,0.00443749320598577,6,-1.6153713436953265e-06,0.15597883867808454,4.069564123778863e-05,0.0,0.0,nan,0,-0.07999723461493885,-1.2190472168952267e-09,-4.567720592552713e-07,-9.413179469228118e-12,2
2.955,4.0,6.0660953445936174e-05,4.614698742619998e-05,19.620111920814075,0.02993194760099764,0.0030511495267510898,4,-2.1860542921484094e-06,-0.0073894867415476686,3.185661425778044e-07,9.810110714268625,0.018355144150940896,0.003742087053970487,6,-1.6165283796901186e-06,0.1559787493035132,-6.24285784938462e-05,0.0,0.0,nan,0,-0.07999723345146222,-1.0344314950741802e-09,1.246454433638932e-08,-9.405558898387091e-12,2
2.96,4.0,6.100450268954487e-05,8.033333626546978e-05,19.62005324901595,0.010778614393345546,0.0010987344689175247,4,-2.1860533242247515e-06,-0.007389395614033157,3.170497607573621e-05,9.810052825890857,0.008112906303845403,0.0016539984947754173,6,-1.6152529917767833e-06,0.15597823481172457,-0.00012800130302969594,0.0,0.0,nan,0,-0.0799972347278651,8.159112008784535e-10,4.101190410194424e-07,-9.406826328992005e-12,2
2.965,4.0,6.139201912545588e-05,7.047958348900577e-05,19.620004764967515,0.009276827930769976,0.0009456499161849553,4,-2.186048170552124e-06,-0.007389171178036371,5.068767490332691e-05,9.810004965118049,0.004857038241704275,0.000990221362573149,6,-1.6128608938473232e-06,0.15597754304443257,-0.00013713021484385338,0.0,0.0,nan,0,-0.07999723712516374,8.676877048515976e-10,5.068513415331003e-07,-9.407141632330998e-12,2
2.97,4.0,6.165169116906943e-05,3.347011467118461e-05,19.619967783682846,0.0249924378582181,0.002547653302367125,4,-2.186043969593099e-06,-0.007388947130423746,3.4985714381513754e-05,9.8099681271608,0.015918477616529977,0.003245367856488052,6,-1.6104630000193798e-06,0.15597697951008824,-8.441875126640559e-05,0.0,0.0,nan,0,-0.07999723952730559,8.863047123427704e-10,4.302211705377492e-07,-9.407423184890044e-12,2
2.975,4.0,6.168197070132636e-05,-1.707003186774464e-05,19.619935087802187,0.030924495021228314,0.003152354468334019,4,-2.186039392296224e-06,-0.007388882362266285,-7.799149307110933e-06,9.809935533056734,0.020692022407341446,0.004218584788374017,6,-1.6089489569617865e-06,0.15597680464788163,8.906293202177471e-06,0.0,0.0,nan,0,-0.07999724104597297,9.027811929670761e-10,1.7576900812625997e-07,-9.411513246512762e-12,2
2.98,4.0,6.146700627465129e-05,-6.169708885426191e-05,19.619922120797764,0.023003838694376562,0.0023449469934431325,4,-2.186035947555204e-06,-0.007389057141551599,-5.598395950860341e-05,9.80992259490328,0.015834654859030656,0.0032282935376590043,6,-1.6090732056772694e-06,0.15597711457724792,0.00010171819463386289,0.0,0.0,nan,0,-0.07999724092521607,4.1360593355657476e-10,-1.9644978592199134e-07,-9.412117207838157e-12,2
2.985,4.0,6.109417276780424e-05,-7.974116119390936e-05,19.619948263625364,0.0043871214683906656,0.0004472102993792518,4,-2.186036616433351e-06,-0.00738942704611265,-8.426349397044379e-05,9.809948559791653,0.0039776470380919445,0.0008109414669910202,6,-1.6110376159853002e-06,0.15597777750114133,0.00014804183567980467,0.0,0.0,nan,0,-0.07999723896018396,-6.38592706660198e-10,-5.323023656219159e-07,-9.41411916199616e-12,2
2.99,4.0,6.073570953014831e-05,-5.936150644126275e-05,19.620005804235994,0.020550614096511023,0.0020948632025454455,4,-2.1860422381655975e-06,-0.007389845961826655,-7.757212511901341e-05,9.810005541898086,0.013322933609610435,0.0027161928813819306,6,-1.6141086352436385e-06,0.15597847506608975,0.0001209708463210598,0.0,0.0,nan,0,-0.07999723588359003,-1.4034499748475113e-09,-6.392745351904803e-07,-9.415222279593426e-12,2
2.995,4.0,6.057101615851305e-05,-7.917004592820065e-06,19.620065263342298,0.03694766985722577,0.003766314674422413,4,-2.186049206702456e-06,-0.007390124144168309,-3.2493177962287067e-05,9.810064402875316,0.024974798091515687,0.005091668528535982,6,-1.6168879754599463e-06,0.15597883812797103,2.4447431561134744e-05,0.0,0.0,nan,0,-0.07999723309732835,-1.2867748377401754e-09,-4.455592121440186e-07,-9.409529944101567e-12,2
3.0,4.0,6.072125956832923e-05,5.993496614446272e-05,19.620117315149788,0.030174679724365314,0.0030758918756378442,4,-2.1860558081128467e-06,-0.007390160715089633,9.39488325728262e-06,9.810115963502103,0.018733751561965026,0.0038192721944700202,6,-1.617699707572029e-06,0.15597864464182173,-8.529256615042135e-05,0.0,0.0,nan,0,-0.0799972322790419,-7.104754535261791e-10,1.1469009436042702e-07,-9.415133461751453e-12,2
3.005,4.0,6.112369487335003e-05,8.925919971138649e-05,19.620048161276458,0.007970632883686666,0.0008124988091943711,4,-2.186053362832757e-06,-0.007390020162431143,4.228780257107702e-05,9.810047819333588,0.007331489509702762,0.0014946898618075851,6,-1.6159041099292337e-06,0.15597802184036869,-0.00014750968478030157,0.0,0.0,nan,0,-0.07999723407713191,1.0316840875476385e-09,5.086777554545354e-07,-9.41270607013041e-12,2
3.0100000000000002,4.0,6.153704757024514e-05,7.223614555739528e-05,19.61999731992981,0.014044569288198017,0.0014316586347268942,4,-2.18604758295618e-06,-0.007389754817331236,5.6095097773899014e-05,9.809997576750053,0.007936091138059681,0.0016179598569664119,6,-1.6131150156126206e-06,0.1559772633292536,-0.00014429389157747153,0.0,0.0,nan,0,-0.07999723687205317,9.52235583771802e-10,5.735821505636242e-07,-9.412702517416733e-12,2
3.015,4.0,6.178282179857084e-05,2.710866784479923e-05,19.619955951306743,0.030124520947232065,0.003070804136563384,4,-2.1860427518380354e-06,-0.007389527049879265,3.1492670103208006e-05,9.809956359709366,0.019526494761056123,0.003980954459951262,6,-1.6105187307449698e-06,0.15597670997442628,-7.456395194079367e-05,0.0,0.0,nan,0,-0.07999723947321621,1.0186282093912734e-09,4.454008362763565e-07,-9.413071999639327e-12,2
3.02,4.0,6.176277683774701e-05,-2.9673818831463702e-05,19.61992050866514,0.034202032503917304,0.003486459844606605,4,-2.1860375040289037e-06,-0.007389504938296211,-2.0034761544068747e-05,9.809921014496199,0.023050994303397555,0.004699526992997174,6,-1.6091152236705208e-06,0.1559766280948283,3.374600063835059e-05,0.0,0.0,nan,0,-0.07999724088201818,1.0068168779228368e-09,1.2157111333992582e-07,-9.413526746990214e-12,2
3.025,4.0,6.147822199788618e-05,-7.578957225642965e-05,19.619912101168183,0.022627232878272487,0.002306558027538283,4,-2.1860340656057464e-06,-0.007389754620393499,-7.224201750572406e-05,9.809912623651682,0.015717440589519783,0.003204399711293057,6,-1.6096951254637726e-06,0.15597708251896097,0.00013206904428318146,0.0,0.0,nan,0,-0.0799972403056019,3.0841483417001515e-10,-3.140787621161531e-07,-9.416799684466807e-12,2
3.0300000000000002,4.0,6.104598132361034e-05,-8.88249010189361e-05,19.619950816713338,0.004210920569671147,0.0004292488405306354,4,-2.1860359356758174e-06,-0.007390200595285103,-9.761269085013173e-05,9.809951076025534,0.0036066794564944844,0.000735310386064783,6,-1.6123223282107912e-06,0.15597788092189369,0.0001704750806490244,0.0,0.0,nan,0,-0.07999723767657616,-9.701279397048315e-10,-6.675748835716741e-07,-9.419645408123523e-12,2
3.035,4.0,6.066823861576153e-05,-5.855827618842075e-05,19.62001977598877,0.027435426661183496,0.0027966767591905612,4,-2.186043219522954e-06,-0.007390663324352419,-8.16315338121908e-05,9.810019308662035,0.018095823074729036,0.0036892533042724627,6,-1.6159599973836203e-06,0.15597864158120697,0.0001242273330393661,0.0,0.0,nan,0,-0.07999723403167022,-1.6812572542504758e-09,-7.266327966995542e-07,-9.415593538172851e-12,2
3.04,4.0,6.053826578225404e-05,5.140006834770484e-06,19.620089275751372,0.043631381248948366,0.004447623110754419,4,-2.1860511362180313e-06,-0.0073909272162743424,-2.633638073831191e-05,9.810088168849207,0.02655514897367175,0.00541384511874104,6,-1.6189238315686416e-06,0.1559789556336718,5.2339312016331495e-06,0.0,0.0,nan,0,-0.07999723105996642,-1.3652225749352954e-09,-4.3383886879217867e-07,-9.419648960837201e-12,2
3.045,4.0,6.077711973517253e-05,7.714406280262278e-05,19.62011312436303,0.02918420316863857,0.0029749271050225957,4,-2.1860572240288423e-06,-0.0073909444730122535,1.5040568958244401e-05,9.810111852074137,0.018645220137008024,0.0038012247807482223,6,-1.619171258716856e-06,0.15597865422433752,-0.00010814704020236385,0.0,0.0,nan,0,-0.07999723080649855,1.7603705214334212e-11,2.404382425932786e-07,-9.413269175248494e-12,2
3.0500000000000003,4.0,6.124487780259802e-05,9.793806407913105e-05,19.620028082163266,0.004459216343496598,0.0004545575903176723,4,-2.1860527431513677e-06,-0.007390767906414804,5.0778045424278645e-05,9.810027668840807,0.0053763411983120965,0.0010960909346644865,6,-1.6168286650006247e-06,0.15597793008772465,-0.0001646784836809003,0.0,0.0,nan,0,-0.07999723315362023,1.4254435179425187e-09,5.936873161875203e-07,-9.416844981566207e-12,2
3.055,4.0,6.167875411249406e-05,7.241705879683992e-05,19.61998861812205,0.019253466882862117,0.0019626379258017106,4,-2.1860467877034273e-06,-0.007390474065284138,5.8722786394516384e-05,9.809988912870708,0.011315393293117842,0.002306912554869872,6,-1.6136939558070162e-06,0.15597712255850746,-0.0001471021851020133,0.0,0.0,nan,0,-0.07999723629433195,1.014296565014753e-09,6.28406200676658e-07,-9.418242086220394e-12,2
3.06,4.0,6.190196864847696e-05,1.8970594775907033e-05,19.61994175782356,0.035182818882619045,0.0035864345895511847,4,-2.1860412946217433e-06,-0.007390258429790342,2.4699971946501952e-05,9.80994222153601,0.023066496719964125,0.004702677385668118,6,-1.6109748821532821e-06,0.15597660389687235,-5.9632872364683855e-05,0.0,0.0,nan,0,-0.07999723901894576,1.1875160872961952e-09,4.4173861911216564e-07,-9.420138347146455e-12,2
3.065,4.0,6.182404705950127e-05,-4.341381356812738e-05,19.619904705879883,0.036757398835731064,0.003746949782555799,4,-2.1860353192348914e-06,-0.007390293819866976,-3.4802334043989575e-05,9.809905281217834,0.024904190994503375,0.0050773560560641185,6,-1.609804366413392e-06,0.155976637397104,6.225387624071e-05,0.0,0.0,nan,0,-0.07999724019548399,1.0931844212621862e-09,3.923410818467296e-08,-9.420280455693607e-12,2
3.0700000000000003,4.0,6.146807964189726e-05,-8.952536390769136e-05,19.61990343493116,0.02115821135083787,0.0021568109568947127,4,-2.1860321439866326e-06,-0.007390626546358671,-8.926502783873996e-05,9.809904005352665,0.014857553639641212,0.003029092564317521,6,-1.6109845379572163e-06,0.15597724627975068,0.00016282815464659371,0.0,0.0,nan,0,-0.07999723901853481,1.284220321736946e-10,-4.593775057440504e-07,-9.420615298957834e-12,2
3.075,4.0,6.098315427544784e-05,-9.579575979096796e-05,19.61995749453664,0.008341414505725453,0.0008502989375026117,4,-2.1860356251152124e-06,-0.007391146775465182,-0.00010969472153728443,9.809957680260577,0.005699995585235748,0.0011620836238070992,6,-1.614374965520915e-06,0.15597817162313238,0.00018952827850232605,0.0,0.0,nan,0,-0.07999723562467323,-1.3690014810122415e-09,-8.148342331393928e-07,-9.421531010908546e-12,2
3.08,4.0,6.059964986635602e-05,-5.473293481123171e-05,19.620038627179017,0.03492632162958516,0.0035602704248709105,4,-2.1860446753688145e-06,-0.007391641412208146,-8.240627280346745e-05,9.810037935974387,0.02333501364638892,0.004757374802969333,6,-1.6185808606947183e-06,0.15597896995336458,0.00012117703906275204,0.0,0.0,nan,0,-0.07999723140977491,-1.9547103766185156e-09,-8.050637118033985e-07,-9.415374158103184e-12,2
3.085,4.0,6.05228528413419e-05,2.2249767359107585e-05,19.62015815473186,0.04699269780035708,0.004790246585145257,4,-2.1860540313917154e-06,-0.007391879453189302,-2.02569006328721e-05,9.810157488940249,0.028618820901441872,0.0058345283312130495,6,-1.6215811573863648e-06,0.15597920498062223,-1.795500100399578e-05,0.0,0.0,nan,0,-0.07999722840016929,-2.1522613344330012e-09,-3.4948279011877e-07,-9.421112678872866e-12,2
3.09,4.0,6.0852835486851834e-05,9.500110327597753e-05,19.6201156249463,0.02845889978351974,0.002900992056064668,4,-2.186058004269298e-06,-0.007391847275413235,2.699502832626521e-05,9.810114467566759,0.018571317465884567,0.0037861571396099894,6,-1.6212774600829483e-06,0.15597876300962354,-0.00013795823160658803,0.0,0.0,nan,0,-0.07999722869994083,4.120460613251907e-10,3.559560376766205e-07,-9.417370783190671e-12,2
3.095,4.0,6.139145151059703e-05,0.00010826923350871822,19.620024442046887,0.0020708388096128583,0.00021109441690347,4,-2.1860523396581566e-06,-0.007391607444876472,6.308061359512889e-05,9.810024295735058,0.003088497397050744,0.0006296615184517899,6,-1.6183734550048734e-06,0.15597790475265724,-0.00018731191283153712,0.0,0.0,nan,0,-0.07999723160965762,1.5699002294241836e-09,6.949933513179976e-07,-9.421801905326553e-12,2
3.1,4.0,6.18496648454896e-05,7.244032902876546e-05,19.619977090678972,0.025992779219551513,0.002649623809387639,4,-2.1860459214831374e-06,-0.007391272628005647,6.263023525392292e-05,9.809977474635382,0.015849507703025643,0.0032313035873947796,6,-1.6148013230674052e-06,0.15597703191221715,-0.00015103259572865936,0.0,0.0,nan,0,-0.07999723518825486,1.1966442433050359e-09,6.963490483552951e-07,-9.419675606189791e-12,2
3.105,4.0,6.204288707180758e-05,8.15303736029145e-06,19.61992074990198,0.041927765850418824,0.004273999511504479,4,-2.186039191023198e-06,-0.007391072511158132,1.5746634933923907e-05,9.809921292027495,0.027747575168131977,0.005657043383351584,6,-1.611947657194357e-06,0.1559765587630804,-3.986166945757004e-05,0.0,0.0,nan,0,-0.0799972380486983,1.4861459814427233e-09,4.2771329081696823e-07,-9.419416258091239e-12,2
3.11,4.0,6.188757856533438e-05,-6.178445455204627e-05,19.61988260551567,0.039981004503934346,0.00407556001305478,4,-2.1860320491597085e-06,-0.007391182787032851,-5.3887213493011065e-05,9.809883301169796,0.02721918967978601,0.005549340159131192,6,-1.611165999344799e-06,0.15597674453757004,9.970970516608155e-05,0.0,0.0,nan,0,-0.07999723883754513,1.1979065571140723e-09,-9.029994581839365e-08,-9.427002189973899e-12,2
3.115,4.0,6.143704731004351e-05,-0.00010756248618238477,19.619892870039386,0.019133760900455876,0.0019504449924570323,4,-2.186029485300861e-06,-0.007391622699545197,-0.00011119622622277911,9.809893501021765,0.01371114433107332,0.002795370679538002,6,-1.613240859128784e-06,0.15597755517161757,0.000202796783812634,0.0,0.0,nan,0,-0.07999723676529631,-1.6738925617962655e-10,-6.702580018121505e-07,-9.42442203166467e-12,2
3.12,4.0,6.088380309060835e-05,-0.00010467718769895489,19.61996836488698,0.015264679401928487,0.0015560350677473092,4,-2.186035349561327e-06,-0.007392238049398246,-0.00012500164741503444,9.809968430366869,0.010003287703965622,0.002039412822777356,6,-1.6177137603726188e-06,0.15597864395614136,0.0002137169408087811,0.0,0.0,nan,0,-0.07999723228657793,-1.9333069953289852e-09,-1.0202595462994278e-06,-9.418376201161771e-12,2
3.125,4.0,6.049400644508173e-05,-4.932917367185583e-05,19.620068567122527,0.04493975067441754,0.004580998330426161,4,-2.186046836830796e-06,-0.0073927696689497216,-8.226817939329714e-05,9.810067557104345,0.03024224756386439,0.006165553374189208,6,-1.6226955843953728e-06,0.15597948556296115,0.00011563549304826202,0.0,0.0,nan,0,-0.07999722729331375,-2.3637945449364904e-09,-9.063714961550882e-07,-9.424599667348608e-12,2
3.13,4.0,6.04900129406925e-05,4.339778966633899e-05,19.620176064567342,0.05238045101963758,0.0053394476020256505,4,-2.186057822341908e-06,-0.007392973595598786,-9.95740029829508e-06,9.810174075467085,0.03259114911489237,0.006644356942940512,6,-1.6256523729732408e-06,0.1559796136739088,-4.9402215096881115e-05,0.0,0.0,nan,0,-0.07999722432558681,-1.94066827935577e-09,-2.4380874915303913e-07,-9.426852975999386e-12,2
3.1350000000000002,4.0,6.093523320645029e-05,0.00011828270830762116,19.62012348680892,0.028201511909238284,0.0028747537627068285,4,-2.1860585329921967e-06,-0.007392862246570563,4.559794017201784e-05,9.81012246077731,0.018782112036525266,0.0038291289658451536,6,-1.624783594326995e-06,0.15597897729558047,-0.00017984243992011072,0.0,0.0,nan,0,-0.07999722519370192,6.886036479344632e-10,4.802670633214282e-07,-9.422293956171066e-12,2
3.14,4.0,6.156947017433888e-05,0.0001230493101131796,19.62002735660762,0.00592257454248249,0.0006037274500015302,4,-2.1860519606939355e-06,-0.007392522711490366,8.263517633340527e-05,9.810027523403251,0.00212989258658963,0.0004342276474777386,6,-1.6212331065620922e-06,0.15597792371466948,-0.00022164624359447848,0.0,0.0,nan,0,-0.07999722875080911,1.5754229477068755e-09,8.200095284786504e-07,-9.421508806448054e-12,2
3.145,4.0,6.20679947963711e-05,7.436885715751537e-05,19.61996383782717,0.035268935252135106,0.0035952089966788635,4,-2.186045001816017e-06,-0.007392118298737762,7.03881438205842e-05,9.809964324940214,0.02222852196836577,0.004531825240557384,6,-1.617074124209139e-06,0.15597694096860343,-0.00016071872383073235,0.0,0.0,nan,0,-0.07999723291679747,1.4824565362489247e-09,7.939992392637552e-07,-9.424275482225418e-12,2
3.15,4.0,6.22284640319146e-05,-5.347401021266737e-06,19.619887448272575,0.051451537548023354,0.005244835138190702,4,-2.1860359060085766e-06,-0.007391927752755993,5.853574283837228e-06,9.809888129047847,0.03427170130523664,0.006987174747437833,6,-1.6140388877858292e-06,0.15597651014486616,-1.6467861818194242e-05,0.0,0.0,nan,0,-0.07999723596117683,2.040199111928678e-09,3.992579134683329e-07,-9.424343871963736e-12,2
3.1550000000000002,4.0,6.19718273498866e-05,-8.63466408697529e-05,19.619850258582087,0.04498187479840677,0.00458534333397686,4,-2.1860269387059816e-06,-0.007392130574981318,-7.846508864385757e-05,9.809851133020976,0.030809491198014027,0.0062813371538954525,6,-1.613873943227817e-06,0.15597688979542507,0.00014885007525898943,0.0,0.0,nan,0,-0.07999723613513582,1.3457429882110207e-09,-2.891528517137796e-07,-9.426541225374076e-12,2
3.16,4.0,6.139194571833045e-05,-0.00013269792858153237,19.61987769569641,0.01721918672367659,0.0017552797209794628,4,-2.186025356391841e-06,-0.007392712470673326,-0.00014085818783948526,9.809878424488975,0.012789693988144517,0.002607513250361361,6,-1.6173057833870907e-06,0.15597797176457165,0.0002575944964668322,0.0,0.0,nan,0,-0.07999723270492512,-6.323129157506966e-10,-9.878426351688885e-07,-9.427268643499813e-12,2
3.165,4.0,6.0740000349876233e-05,-0.00011836778125499897,19.619983975544503,0.024675436516165307,0.0025153370713168997,4,-2.1860348153358855e-06,-0.0073934596619847845,-0.0001466722783053695,9.809983852685866,0.016257968720206916,0.003314576040969866,6,-1.6234073448792574e-06,0.15597929109324613,0.00024907847390948123,0.0,0.0,nan,0,-0.07999722659395184,-2.7733068871952123e-09,-1.3302827045434495e-06,-9.429902092514226e-12,2
3.17,4.0,6.0332589037166805e-05,-4.357177539169674e-05,19.620116851714954,0.058363605004600715,0.005949363650145567,4,-2.186050082082086e-06,-0.0073940465677551455,-8.375942606695798e-05,9.810115305813506,0.039170772319198556,0.007985792439358146,6,-1.62956234999595e-06,0.15598020560249526,0.00011136965010877619,0.0,0.0,nan,0,-0.07999722042372709,-3.037134423013208e-09,-1.054164787455413e-06,-9.425523372905102e-12,2
3.1750000000000003,4.0,6.041502559028504e-05,6.631270729212165e-05,19.62017591361559,0.05942292834510464,0.006057328803445395,4,-2.1860616086326334e-06,-0.007394223192161432,3.1363103061867977e-06,9.810173084058402,0.03803490206567954,0.007754175535900893,6,-1.6324799904238185e-06,0.15598021998268605,-8.541053464275892e-05,0.0,0.0,nan,0,-0.07999721749460727,-7.466782285262302e-10,-1.6503640372162909e-07,-9.427111435919526e-12,2
3.18,4.0,6.098936836212222e-05,0.00014511537685569083,19.620136482335663,0.028624573718524195,0.0029178771252988353,4,-2.186058553572956e-06,-0.007394011570348045,6.90564819866148e-05,9.810135631558083,0.01938445599108193,0.003951924156629263,6,-1.631212675483329e-06,0.15597935421060996,-0.00023013334157988676,0.0,0.0,nan,0,-0.07999721876502441,8.272637517777976e-10,5.757644015435446e-07,-9.426771263584781e-12,2
3.185,4.0,6.173868794842832e-05,0.00014159032708357274,19.62003449498325,0.012138834106520068,0.0012373917191250514,4,-2.1860519749151985e-06,-0.007393550440737198,0.0001055019629321984,9.810034792936912,0.0051785166648795926,0.0010557590822426138,6,-1.6270598564294136e-06,0.15597806395409347,-0.00026305373844524545,0.0,0.0,nan,0,-0.07999722292446926,1.5002328881949208e-09,9.560612034108972e-07,-9.426326286196511e-12,2
3.19,4.0,6.228847777454647e-05,7.690346793874945e-05,19.61994350665548,0.04702884844410688,0.004793984083405107,4,-2.186043849182473e-06,-0.007393067792281797,7.821963117546135e-05,9.809944085585322,0.030208821375708583,0.006158816219981775,6,-1.622259055041042e-06,0.15597695170866413,-0.00017108451323370874,0.0,0.0,nan,0,-0.07999722773344353,2.0082108758686897e-09,8.960000112684837e-07,-9.427407199333285e-12,2
3.1950000000000003,4.0,6.24061739445041e-05,-2.3278647028914235e-05,19.619830813643276,0.06142482469459004,0.006261504013773281,4,-2.1860307071290552e-06,-0.00739289131814381,-3.9394100611547105e-06,9.809831627043401,0.04004599925585462,0.008164462098504771,6,-1.6191988441299765e-06,0.15597657773137996,1.1256677280198154e-05,0.0,0.0,nan,0,-0.07999723080684362,2.999548289804556e-09,2.9964251684437916e-07,-9.426439973034232e-12,2
3.2,4.0,6.202467623334619e-05,-0.00011405057700044373,19.61983341156368,0.04770974451955063,0.004863419940296854,4,-2.1860210979822436e-06,-0.007393171706899622,-9.906096515311891e-05,9.809834402686814,0.03318032669524107,0.006764706789780939,6,-1.6200874294117207e-06,0.15597715981104224,0.00019715019665346155,0.0,0.0,nan,0,-0.07999722992791466,8.772656308594599e-10,-5.530361892443595e-07,-9.432224679081741e-12,2
3.205,4.0,6.131430843247142e-05,-0.00015576501243827275,19.61987096144222,0.01309939652289801,0.0013353193350396121,4,-2.186021997616777e-06,-0.007393870201756976,-0.00016425862973107203,9.809871743061503,0.010583762770204423,0.0021577780112548954,6,-1.625053346339389e-06,0.15597848886706733,0.0003040623309830588,0.0,0.0,nan,0,-0.07999722496114525,-1.2565040696258285e-09,-1.3217400403789485e-06,-9.433330461214269e-12,2
3.21,4.0,6.058503663442417e-05,-0.0001264892916422031,19.62000813069541,0.03560784068581858,0.0036297478011856964,4,-2.1860355892931727e-06,-0.00739471024216081,-0.0001591361235570795,9.81000766390843,0.02363341870570612,0.004818226349130143,6,-1.6327301026117236e-06,0.15597997837280764,0.00026966413832767416,0.0,0.0,nan,0,-0.07999721727084447,-3.6243301825847657e-09,-1.6080726313541619e-06,-9.43347345793984e-12,2
3.215,4.0,6.01939063088724e-05,-2.978792370764147e-05,19.620200393217452,0.06715886410353006,0.006845889721569444,4,-2.1860549543652186e-06,-0.00739531195962249,-8.239112820075161e-05,9.810198568599107,0.04271513960072225,0.008708312946375347,6,-1.6397066235143698e-06,0.15598089141430488,9.621780935435966e-05,0.0,0.0,nan,0,-0.07999721027500567,-3.983458959967744e-09,-1.0810725174382297e-06,-9.434249725878658e-12,2
3.22,4.0,6.0371018493487186e-05,8.555967419682495e-05,19.62016115537608,0.060037558407439684,0.006119986266370591,4,-2.1860634535769696e-06,-0.007395466773564163,1.1723818224762761e-05,9.810158422829748,0.0390677126876405,0.007964746542058672,6,-1.6421750296327642e-06,0.15598078930994352,-0.0001132447006581345,0.0,0.0,nan,0,-0.07999720779814751,7.108946454267528e-10,-7.389926363006057e-08,-9.425794267323112e-12,2
3.225,4.0,6.102643595521521e-05,0.00015579278035766006,19.620104278138026,0.02509313411999939,0.0025579001787426545,4,-2.186057893368426e-06,-0.007395202541101565,8.37115279344735e-05,9.810102550521353,0.020183006013687003,0.004114739047781796,6,-1.6405245652981182e-06,0.1559797898540724,-0.0002554654822072826,0.0,0.0,nan,0,-0.0799972094542192,1.172769191147528e-09,6.407395427291862e-07,-9.430575331756358e-12,2
3.23,4.0,6.180303919964615e-05,0.0001452686603493841,19.6200531678122,0.0153054822675809,0.001560187644413768,4,-2.186052341712069e-06,-0.0073946488595186335,0.00012213103329592888,9.810053259579696,0.007604293377689186,0.001550306237178367,6,-1.636182005430864e-06,0.15597837976346987,-0.0002833608332381333,0.0,0.0,nan,0,-0.07999721380237787,9.294544734403062e-10,1.0312266538196513e-06,-9.43294232724486e-12,2
3.235,4.0,6.235800060990704e-05,7.522499024784601e-05,19.619928120724836,0.05227377265459658,0.005328640587564537,4,-2.1860434771953097e-06,-0.007394109280528383,8.485738420244405e-05,9.809928752362847,0.03401918864797061,0.006935664775297506,6,-1.6309513233628281e-06,0.1559772054174658,-0.00017604347971930234,0.0,0.0,nan,0,-0.07999721904197163,2.5394836616329474e-09,9.667505090577468e-07,-9.432593273125917e-12,2
3.24,4.0,6.244509875928477e-05,-3.249678815995147e-05,19.619803445127488,0.06322924787438819,0.006445451714256695,4,-2.1860270421995842e-06,-0.007393918135136925,-2.254953112655019e-06,9.80980479304484,0.0410082686910201,0.008360669667982589,6,-1.6279177931441402e-06,0.15597684736849302,1.8790670327937348e-05,0.0,0.0,nan,0,-0.07999722209198401,3.4038579608805196e-09,2.1839582000475887e-07,-9.44078938358291e-12,2
3.245,4.0,6.201718329934402e-05,-0.00012231302896433495,19.61983391811582,0.046711876246618184,0.004761699455925275,4,-2.1860190558553594e-06,-0.00739419724462847,-9.999684645154279e-05,9.809834886791945,0.03291871894867236,0.006711370645594543,6,-1.6293172016915158e-06,0.15597747458818417,0.0002063488387956097,0.0,0.0,nan,0,-0.079997220700609,4.4034303497833105e-10,-6.557743576294893e-07,-9.435848447034118e-12,2
3.25,4.0,6.127767828821404e-05,-0.00015935542560670566,19.619871575316495,0.010847905458987579,0.0011058079985228025,4,-2.186021294189877e-06,-0.0073949010947770445,-0.0001647502729979486,9.809872372371355,0.009293664673588406,0.001894757509743592,6,-1.6348204090674279e-06,0.1559788381382552,0.0003081446963136985,0.0,0.0,nan,0,-0.07999721519521047,-1.5094300360188651e-09,-1.4324562801995663e-06,-9.436068715282204e-12,2
3.255,4.0,6.054572801632008e-05,-0.00012458740824816255,19.620020726911967,0.03880945391158045,0.0039561073305439615,4,-2.186036430644467e-06,-0.007395733963930734,-0.0001556541342882032,9.810020101557715,0.02576207743301334,0.0052521966655139935,6,-1.6429660687974912e-06,0.15598032315276372,0.0002642805745755547,0.0,0.0,nan,0,-0.07999720703446146,-3.920341455855601e-09,-1.6801781637816968e-06,-9.437821091304271e-12,2
3.2600000000000002,4.0,6.017842264401551e-05,-2.297465982166927e-05,19.62022494355381,0.06805108531499324,0.006936830287193144,4,-2.186057228108912e-06,-0.0073963086252040785,-7.658794165135897e-05,9.810222762933915,0.043021354978532156,0.008770719282966799,6,-1.6500404972988325e-06,0.15598118531466396,8.360166784421023e-05,0.0,0.0,nan,0,-0.0799971999392827,-4.198955423308259e-09,-1.0451849616489138e-06,-9.43984080903067e-12,2
3.265,4.0,6.03894697481731e-05,9.073641353028786e-05,19.62017566804849,0.05909925624768895,0.006024335077073979,4,-2.186065089417738e-06,-0.007396434338179018,1.9171235088841646e-05,9.810172898088618,0.03990504158972591,0.008135441037435921,6,-1.6521504933170172e-06,0.15598102017596102,-0.00012586854791677918,0.0,0.0,nan,0,-0.07999719782147255,7.204632855292386e-10,2.9181502003418277e-08,-9.432179381982339e-12,2
3.27,4.0,6.104320838598561e-05,0.00015543251550314267,19.620166092595245,0.0328334494371766,0.0033469084086467666,4,-2.1860601669247692e-06,-0.007396053205282547,0.00011879903749181396,9.81016510576967,0.0248191300991707,0.005059880202133149,6,-1.6498303097300937e-06,0.15597990550002463,-0.00029019241795844145,0.0,0.0,nan,0,-0.07999720014662581,4.174025348121729e-10,8.282920872321645e-07,-9.435263137455537e-12,2
3.275,4.0,6.186177100488046e-05,0.00016003168684245966,19.620073656088916,0.01247377075687694,0.0012715314912190266,4,-2.186056510315032e-06,-0.007395311784731372,0.00016093063077226208,9.810073396220213,0.007726260095674634,0.0015751686625813698,6,-1.6437240964034538e-06,0.15597826571262421,-0.0003369231482413081,0.0,0.0,nan,0,-0.07999720625654294,1.4627406921804647e-09,1.4673928846652876e-06,-9.434870562594029e-12,2
3.2800000000000002,4.0,6.25079202762273e-05,9.428239591386677e-05,19.61991712319791,0.054854219064799266,0.005591687133065566,4,-2.186044220794936e-06,-0.007394579515189402,0.00012196402483872465,9.809917899968923,0.03632082528919718,0.007404919319317084,6,-1.636248472415558e-06,0.15597680748975218,-0.00023220721704045173,0.0,0.0,nan,0,-0.07999721374450362,3.1676028316426584e-09,1.406152990283062e-06,-9.434191994281379e-12,2
3.285,4.0,6.266960145959778e-05,-2.18153146833953e-05,19.619776596821893,0.06729201203840482,0.006859610424851128,4,-2.186024294519029e-06,-0.007394210542701925,3.2700673469144644e-05,9.809778323686093,0.043101212803486645,0.00878739791691665,6,-1.6313844867568705e-06,0.1559761970321943,-2.684612073512204e-05,0.0,0.0,nan,0,-0.07999721862846274,3.827454909509332e-09,5.123264188348534e-07,-9.433918435328112e-12,2
3.29,4.0,6.227262442514881e-05,-0.00011901249257636097,19.619848400103702,0.05097898512771544,0.005196674723281346,4,-2.186017129184731e-06,-0.007394322762287902,-6.961579395868313e-05,9.80984960595254,0.036439641502122325,0.007429194730979573,6,-1.6314728598018635e-06,0.1559766264250994,0.00017266755892597646,0.0,0.0,nan,0,-0.07999721854730221,-1.0336682171461112e-10,-3.8983568332169174e-07,-9.435742753802174e-12,2
3.295,4.0,6.153348687605748e-05,-0.00016257486518518783,19.61984934456744,0.016609165930662854,0.0016930982128322797,4,-2.1860192215908403e-06,-0.007394914641344108,-0.00014956120867509645,9.809850172477672,0.01340996574195113,0.002733979725719741,6,-1.6356456204388858e-06,0.15597787763816112,0.0002961753805948499,0.0,0.0,nan,0,-0.07999721437249636,-1.0548790382883578e-09,-1.1960815560019917e-06,-9.446579418700935e-12,2
3.3000000000000003,4.0,6.0758512850495656e-05,-0.00013753355483407418,19.61998756950045,0.031645272859845454,0.0032258198684119947,4,-2.1860323578329344e-06,-0.007395715939962912,-0.00015677871772617734,9.80998728115026,0.020418161307342007,0.004162729414863807,6,-1.6430332175979001e-06,0.15597937410743362,0.00027835161363915097,0.0,0.0,nan,0,-0.07999720697181019,-3.756744512752074e-09,-1.6022568074063975e-06,-9.443728365973698e-12,2
3.305,4.0,6.030227047408623e-05,-4.404785353469011e-05,19.620188319970616,0.06668310699712977,0.006797397243048444,4,-2.1860530970245484e-06,-0.007396328688617402,-8.658005538918323e-05,9.810186583202698,0.042350952732135315,0.008634076910351514,6,-1.6502253997185967e-06,0.15598036329526435,0.00011466728434786377,0.0,0.0,nan,0,-0.0799971997589361,-4.329045490027195e-09,-1.161398862376493e-06,-9.442607484808038e-12,2
3.31,4.0,6.041556425491177e-05,7.402962675217679e-05,19.620189664880144,0.06175938601213325,0.006295493271676334,4,-2.186065122370545e-06,-0.007396512727308155,6.063467265079398e-06,9.810186593706584,0.040877074824471504,0.008333597823856868,6,-1.652957088156548e-06,0.15598035423714585,-9.605368424824004e-05,0.0,0.0,nan,0,-0.07999719701526953,1.5197731127702177e-11,-7.187732858400038e-08,-9.434326997401173e-12,2
3.315,4.0,6.101179636983529e-05,0.00014797176703171475,19.620164374168606,0.038274037260928456,0.0039015001639149415,4,-2.1860603110455956e-06,-0.007396198046597938,0.00010768711633960478,9.810163339912403,0.028402941357895103,0.005790513444835001,6,-1.6510946836550966e-06,0.155979363521464,-0.0002716194392536135,0.0,0.0,nan,0,-0.07999719888253254,5.977891515670732e-10,7.285398253752871e-07,-9.438956183324651e-12,2
3.3200000000000003,4.0,6.1821899825454e-05,0.00016351000077027806,19.620095488117006,0.006980777546218195,0.0007115946556372402,4,-2.1860574226477414e-06,-0.007395483479581124,0.00016066334772855826,9.810095047369442,0.005405939371302887,0.0011021176339677727,6,-1.6453669710661534e-06,0.15597775904830663,-0.00034013387002959134,0.0,0.0,nan,0,-0.07999720461318072,1.1339730399670057e-09,1.4291544703929814e-06,-9.439680936915127e-12,2
3.325,4.0,6.251553197640544e-05,0.000108225714276118,19.619941326774565,0.04907724638251104,0.005002792369775056,4,-2.1860464521489265e-06,-0.007394718311266475,0.0001340245453283291,9.809942051919448,0.03238799411235062,0.0066030959084031424,6,-1.6377721770502451e-06,0.15597622044532786,-0.00025821074678293533,0.0,0.0,nan,0,-0.07999721221899242,2.921081341310216e-09,1.480930767858426e-06,-9.440432335858195e-12,2
3.33,4.0,6.276481708829447e-05,-3.5359006864780976e-06,19.619773741596077,0.06817513285939064,0.006949634971054928,4,-2.1860271057008718e-06,-0.007394278411389315,4.7607133642836117e-05,9.809775152926875,0.04337031221612293,0.008842264280274117,6,-1.6321844044167588e-06,0.15597545145799738,-6.0031685782249674e-05,0.0,0.0,nan,0,-0.0799972178261587,4.300872976924185e-09,6.902030015540259e-07,-9.440625070575269e-12,2
3.335,4.0,6.244234977653147e-05,-0.00010772802944950682,19.619843128737035,0.054352017558349515,0.0055405149981796265,4,-2.1860169585538602e-06,-0.007394310301203434,-5.2887073174840614e-05,9.809844588952988,0.0382789254561462,0.007804185909173866,6,-1.6315559506138722e-06,0.15597572601295362,0.00014465468415546923,0.0,0.0,nan,0,-0.07999721846480687,2.025351513709403e-10,-2.705718438649843e-07,-9.441204162904915e-12,2
3.34,4.0,6.173710084016506e-05,-0.00015998339509288022,19.619839516568916,0.022914034382725806,0.0023358024272701057,4,-2.186018390654826e-06,-0.007394838310240378,-0.00014122208969730816,9.809840343334583,0.01771657879684967,0.003612001455026211,6,-1.6351005952541797e-06,0.15597687946892905,0.00028524510067897443,0.0,0.0,nan,0,-0.07999721491877734,-7.097188303176529e-10,-1.078243136005084e-06,-9.442974302495377e-12,2
3.345,4.0,6.094399437587436e-05,-0.00014624489852144937,19.619962849031793,0.024672489485465476,0.002515039368352628,4,-2.1860294653376633e-06,-0.007395631625342651,-0.00016101543100978112,9.809962884353714,0.015635550206836657,0.0031876879436056574,6,-1.6421626854307148e-06,0.15597838608866954,0.00029129997977901933,0.0,0.0,nan,0,-0.0799972078456597,-3.483486918422242e-09,-1.5899753106703527e-06,-9.445475412925252e-12,2
3.35,4.0,6.041692078326247e-05,-6.235286866014279e-05,19.620146222362877,0.06420799156235042,0.006545108363072921,4,-2.1860497754315478e-06,-0.00739629675573842,-9.96691784029631e-05,9.810144532667566,0.04142529947995981,0.008445400440740596,6,-1.649675987674959e-06,0.15597949849100365,0.00014606173167094484,0.0,0.0,nan,0,-0.07999720031209459,-4.224020172695388e-09,-1.3014513695875449e-06,-9.447258875192013e-12,2
3.355,4.0,6.043901215226e-05,5.777886499156744e-05,19.62020608560201,0.06404951716589034,0.006528934190236881,4,-2.1860650635183165e-06,-0.007396551385272535,-9.087579412440447e-06,9.81020280093398,0.04175576101321272,0.008512721267951232,6,-1.6532415396466882e-06,0.15597965122768628,-6.465156661232858e-05,0.0,0.0,nan,0,-0.07999719673130179,-7.85112075742145e-10,-2.182857192350537e-07,-9.4466495847961e-12,2
3.36,4.0,6.0977318140826436e-05,0.00014009556498665568,19.620159504269562,0.043124778128461314,0.004395966110171214,4,-2.1860608377527457e-06,-0.007396314852205879,9.368798847594968e-05,9.810158329543622,0.03163235669346501,0.006448898301305311,6,-1.6519903541720171e-06,0.1559787965873204,-0.00024974380013566044,0.0,0.0,nan,0,-0.07999719798676026,8.969416871992482e-10,6.039319495913435e-07,-9.44733259400085e-12,2
3.365,4.0,6.177415646984905e-05,0.00016564149706577798,19.620116952392024,0.00652912037455311,0.0006655536651892486,4,-2.1860582744455404e-06,-0.007395642412992069,0.00015744120391624248,9.810116374014262,0.00659478332684958,0.0013444862579445672,6,-1.6467989499072133e-06,0.1559772475086387,-0.0003390429132886394,0.0,0.0,nan,0,-0.07999720318077505,8.326344929629132e-10,1.3552363154191643e-06,-9.446549220634675e-12,2
3.37,4.0,6.250882868695111e-05,0.00012101276307929227,19.61996533712538,0.04276824911050598,0.004359666123321722,4,-2.1860486718178196e-06,-0.00739485844517255,0.00014363250827396739,9.80996595997376,0.02803351201523913,0.0057153128012106,6,-1.6392467189277338e-06,0.15597564906763506,-0.00028060544929268526,0.0,0.0,nan,0,-0.07999721074265588,2.70060179469036e-09,1.5253107081784534e-06,-9.445549131734096e-12,2
3.375,4.0,6.284309518801335e-05,1.5292075831697403e-05,19.61978289449985,0.06829425060512762,0.006961774345043647,4,-2.186030421055807e-06,-0.0073943524468138904,6.183939230438147e-05,9.809783894688215,0.04335277591219218,0.0088386811325511,6,-1.633058964049805e-06,0.15597472900198017,-9.309161170649552e-05,0.0,0.0,nan,0,-0.07999721694870873,4.479043358483725e-09,8.643427548690651e-07,-9.446856530367894e-12,2
3.38,4.0,6.260147212483789e-05,-9.499768970780664e-05,19.619833111302537,0.057550878868525626,0.005866602283724002,4,-2.186017140193286e-06,-0.0073943071438558996,-3.6274423653060535e-05,9.809834802277951,0.03944236956805782,0.008041393226907117,6,-1.6316843357636057e-06,0.15597484552146204,0.00011531200416091323,0.0,0.0,nan,0,-0.07999721833666512,6.835758866160731e-10,-1.4908902810957034e-07,-9.448070670267623e-12,2
3.3850000000000002,4.0,6.193748265043455e-05,-0.00015573240812281832,19.619833641993694,0.02903917006885158,0.0029601851472070614,4,-2.1860178421873044e-06,-0.007394766225074857,-0.00013132561715919686,9.809834443722519,0.021919391922021105,0.004468860722934565,6,-1.6346116927315468e-06,0.1559758887917039,0.00027109795045441665,0.0,0.0,nan,0,-0.0799972154086534,-4.362582019537868e-10,-9.555237739638601e-07,-9.448306925727264e-12,2
3.39,4.0,6.113517822895392e-05,-0.00015329324925467732,19.619937492734646,0.017814047516885777,0.0018159127696999444,4,-2.1860267996332006e-06,-0.007395542838891269,-0.0001632805893702829,9.8099377946248,0.011149512635646683,0.002273105674891411,6,-1.6412802026702367e-06,0.15597738790966217,0.00030061379817056906,0.0,0.0,nan,0,-0.07999720873123328,-3.112618373658815e-09,-1.560955768326997e-06,-9.44764256826933e-12,2
3.395,4.0,6.054468890574032e-05,-7.955021223786805e-05,19.620111076977793,0.06005578255832646,0.006121859588123925,4,-2.186046544238457e-06,-0.0073962539459439475,-0.00011269785865881279,9.810109476265174,0.03977202375559694,0.00810837511076148,6,-1.6490094537427447e-06,0.15597860970593033,0.0001762880648168118,0.0,0.0,nan,0,-0.07999720098228486,-4.22424904650418e-09,-1.4103741417146965e-06,-9.447826421202209e-12,2
3.4,4.0,6.0474072350622235e-05,4.046898251319557e-05,19.62022163578449,0.06596226845703264,0.0067239065573782165,4,-2.1860643776641653e-06,-0.007396578134684345,-2.398714537655109e-05,9.810218277019098,0.042439900646714615,0.008652182744217241,6,-1.6534059936665346e-06,0.15597892471129002,-3.244180884188014e-05,0.0,0.0,nan,0,-0.07999719656795873,-1.7091612657963223e-09,-3.7854513058805747e-07,-9.443009829632178e-12,2
3.4050000000000002,4.0,6.094775538619723e-05,0.0001308925726014789,19.620152166892872,0.04744907871490861,0.004836769695902195,4,-2.1860616009859724e-06,-0.0073964207917319655,7.858981109419122e-05,9.810150648768897,0.034446440663469115,0.007022611965248851,6,-1.6527903648339004e-06,0.15597821388553806,-0.00022544232102698273,0.0,0.0,nan,0,-0.07999719718641149,1.1963055311356103e-09,4.820706232805858e-07,-9.449786630974489e-12,2
3.41,4.0,6.172350620703926e-05,0.00016600754302985855,19.620134805423387,0.01165208241876993,0.0011877678246684693,4,-2.186058923065587e-06,-0.007395798614129458,0.000152418005264634,9.810134091301626,0.010163357101769391,0.002072011861852318,6,-1.6481759001069074e-06,0.15597673615752256,-0.0003343854512473442,0.0,0.0,nan,0,-0.07999720180360137,5.90728332970602e-10,1.2650385973006957e-06,-9.446191284731542e-12,2
3.415,4.0,6.249119338312147e-05,0.00013240019610471907,19.619988750192633,0.03611762414684699,0.003681717110718769,4,-2.186050742179063e-06,-0.007395005460826897,0.00015139289873847262,9.809989221469271,0.023378938798954745,0.004766353615922365,6,-1.640755144485806e-06,0.15597509551762373,-0.00029975296341403944,0.0,0.0,nan,0,-0.07999720923258513,2.4817325057754576e-09,1.5520204925209464e-06,-9.453261184952353e-12,2
3.42,4.0,6.290622705971291e-05,3.4246909426929444e-05,19.61980486764463,0.06755704113380959,0.0068866170269837,4,-2.1860338351616104e-06,-0.007394437137178909,7.577503505796282e-05,9.809805525932827,0.04303448377909019,0.008773768993753418,6,-1.634063136995989e-06,0.1559740323610508,-0.0001259817786719924,0.0,0.0,nan,0,-0.07999721594154688,4.3312688636206965e-09,1.030881931282026e-06,-9.451641147514818e-12,2
3.4250000000000003,4.0,6.275049172058696e-05,-8.068156266194513e-05,19.61981921158242,0.060404134373309465,0.006157460853426245,4,-2.1860176924563823e-06,-0.007394316589997139,-2.0205278880116863e-05,9.809821066014365,0.04053660149112285,0.008264493555659213,6,-1.631903822352232e-06,0.1559739877501318,8.492704173959501e-05,0.0,0.0,nan,0,-0.07999721811705149,1.303993954647442e-09,-1.988312432106092e-08,-9.446952453637222e-12,2
3.43,4.0,6.213454691056074e-05,-0.00014995327338859988,19.61983141777062,0.034776190821553365,0.0035450040401524456,4,-2.186017496793452e-06,-0.007394701694763665,-0.00011972872813919883,9.809832160419363,0.025852111830323175,0.0052706532400485055,6,-1.634216503385022e-06,0.15597490900080394,0.0002537222361104902,0.0,0.0,nan,0,-0.07999721580461339,-2.600512284970159e-10,-8.286076690929379e-07,-9.454309235487599e-12,2
3.435,4.0,6.13319766816556e-05,-0.00015853335592898015,19.619913114924007,0.01129614696527418,0.0011514981640445387,4,-2.18602444224808e-06,-0.007395451973798638,-0.00016347045799162846,9.809913639802472,0.007357303219698693,0.0014999730863781257,6,-1.6404180684728709e-06,0.15597638205133524,0.0003060440828920355,0.0,0.0,nan,0,-0.07999720959615009,-2.6726384855805035e-09,-1.511755923654887e-06,-9.447805993098553e-12,2
3.44,4.0,6.0686169431523934e-05,-9.501729817157402e-05,19.62008198067226,0.05452239750797437,0.00555781546292053,4,-2.1860432939703467e-06,-0.007396200325433998,-0.00012550001496637237,9.810080673112402,0.036217775349869474,0.00738378746448755,6,-1.6482549560978277e-06,0.1559776964116602,0.00020455761649814804,0.0,0.0,nan,0,-0.07999720174045799,-4.216566852956217e-09,-1.493617129357203e-06,-9.453214111496107e-12,2
3.4450000000000003,4.0,6.052353361003828e-05,2.233584385281607e-05,19.620233213245406,0.06738596324248557,0.006869027754164924,4,-2.1860629598156878e-06,-0.007396592707069706,-3.850400597550913e-05,9.810229965661712,0.042891340833257297,0.008744207013166428,6,-1.6534392990180669e-06,0.15597817163072872,2.0849987076659399e-07,0.0,0.0,nan,0,-0.0799971965364965,-2.6627781357105645e-09,-5.506919209102377e-07,-9.454751548340608e-12,2
3.45,4.0,6.092665640614558e-05,0.0001205963938822955,19.620150233962942,0.051127005571247004,0.005211683392999199,4,-2.1860625826417013e-06,-0.0073965143108139534,6.250660062748907e-05,9.81014826834264,0.036692315355732384,0.007480481304067243,6,-1.6534912125262813e-06,0.1559776103134602,-0.0001990626223730447,0.0,0.0,nan,0,-0.07999719648500742,1.3048596168560242e-09,3.6607644216884137e-07,-9.44775359057179e-12,2
3.455,4.0,6.167426791084541e-05,0.0001646631490629145,19.620148654383968,0.01788583848137322,0.001823211311640778,4,-2.18605937842703e-06,-0.0073959505433972275,0.0001454673208452544,9.81014782503016,0.01441405221735793,0.0029386004114191045,6,-1.6494776632555719e-06,0.155976219136494,-0.0003260900633768043,0.0,0.0,nan,0,-0.07999720050180818,4.189341682988785e-10,1.1605913705576202e-06,-9.450925275708537e-12,2
3.46,4.0,6.24662972869954e-05,0.0001422003125928955,19.620012018651753,0.029300886468900042,0.0029868367502573568,4,-2.1860526369342492e-06,-0.007395158547887756,0.0001569852953081911,9.810012285753404,0.01864748900059446,0.0038017259219288216,6,-1.6422842145993877e-06,0.1559745553137356,-0.0003151451669743233,0.0,0.0,nan,0,-0.0799972077020456,2.2403700450909443e-09,1.5594951993229047e-06,-9.452896143621851e-12,2
3.465,4.0,6.295564291964298e-05,5.266527079886373e-05,19.619840504529346,0.0657158010559658,0.006698912872486905,4,-2.1860371022357217e-06,-0.007394533160041706,8.950459624644138e-05,9.80984115876062,0.04231966810484566,0.008628002720931385,6,-1.6352016744686226e-06,0.15597336078255625,-0.00015812939171905584,0.0,0.0,nan,0,-0.07999721480016769,3.91995020981719e-09,1.178128552926141e-06,-9.455128135990558e-12,2
3.47,4.0,6.288867303846742e-05,-6.518408133392459e-05,19.61980432565472,0.06284757781111483,0.006406544812369588,4,-2.1860187569625045e-06,-0.007394338961660603,-4.526983631908513e-06,9.809806294766222,0.04150598960772254,0.008462142546049461,6,-1.6322308834595955e-06,0.15597315375652746,5.375157469260524e-05,0.0,0.0,nan,0,-0.07999721778935126,2.0212729650567403e-09,1.2051608583367938e-07,-9.455547356204656e-12,2
3.475,4.0,6.232714069757104e-05,-0.00014279709821832676,19.619832553528244,0.040094160475066816,0.004087105266130996,4,-2.18601727284759e-06,-0.0073946472001803,-0.00010677058330905168,9.809833238049102,0.02941362062523866,0.005996762617972535,6,-1.6339241472873578e-06,0.1559739437300313,0.00023360822565325127,0.0,0.0,nan,0,-0.07999721609761883,-1.8253002570665225e-10,-7.001860130822581e-07,-9.454616545220812e-12,2
3.48,4.0,6.153250720839835e-05,-0.00016201462468202793,19.619890202008715,0.0065676601371245135,0.0006694899991287521,4,-2.186022404825766e-06,-0.007395362653157168,-0.00016184849963560115,9.809890888412756,0.005667862925310868,0.0011555404621280004,6,-1.6396043233113389e-06,0.15597537401931263,0.0003079037028477416,0.0,0.0,nan,0,-0.0799972104123581,-2.192335236851674e-09,-1.4451918390923728e-06,-9.450081506209823e-12,2
3.485,4.0,6.0838960770687444e-05,-0.00010912122107891032,19.620052943053203,0.048470549563537614,0.0049409193445320845,4,-2.1860400491770238e-06,-0.007396138863237363,-0.00013684504858475516,9.8100518939768,0.03208431131001683,0.006541109396111561,6,-1.6474545634914683e-06,0.15597676397881782,0.0002300068825954877,0.0,0.0,nan,0,-0.07999720254452083,-4.155979185628578e-09,-1.5558482402740584e-06,-9.45323898049186e-12,2
3.49,4.0,6.05862492519684e-05,3.4900168550829473e-06,19.6202373239966,0.06821392138725597,0.006953424697246317,4,-2.186060837388454e-06,-0.007396598004343949,-5.264098608378957e-05,9.810234391026322,0.04309487455864889,0.008785697230245365,6,-1.6533584353758957e-06,0.1559773960346023,3.3191616567167264e-05,0.0,0.0,nan,0,-0.079997196619908,-3.5124254109134353e-09,-7.310598893733404e-07,-9.455271132716133e-12,2
3.495,4.0,6.091255497381358e-05,0.00010909391578329832,19.62015699389682,0.05448237706356658,0.005553714690510809,4,-2.186063617702627e-06,-0.0073965971949221665,4.585100851242086e-05,9.81015469069919,0.03814357371781034,0.007776345005848582,6,-1.6541218907997757e-06,0.15597698912278998,-0.0001709042425517912,0.0,0.0,nan,0,-0.07999719585371956,1.1973961840369346e-09,2.5004790467091543e-07,-9.455379490483334e-12,2
3.5,4.0,6.162492423837675e-05,0.0001617222124534478,19.620158850404327,0.02417543866905424,0.002464346884587638,4,-2.186059729944456e-06,-0.0073960981537807575,0.000136804383507764,9.810157928112996,0.018739065956371908,0.003820339304155607,6,-1.6507172427640548e-06,0.15597569791588736,-0.00031448587980703206,0.0,0.0,nan,0,-0.07999719926230262,3.2969403479379117e-10,1.0464756426131113e-06,-9.454324334520729e-12,2
3.505,4.0,6.243291281236842e-05,0.00015048373690281614,19.620036266271185,0.02244894997595399,0.002288369875701605,4,-2.1860543619571515e-06,-0.007395316209327821,0.00016065241223001803,9.810036312168966,0.013991120190315681,0.0028524094600873686,6,-1.6438299899265707e-06,0.15597402818653588,-0.00032709539856912254,0.0,0.0,nan,0,-0.07999720615497072,1.958860712801512e-09,1.5507306817827322e-06,-9.454953164841876e-12,2
3.5100000000000002,4.0,6.299039904555623e-05,7.038548503052805e-05,19.61987706599544,0.0625153505002401,0.006372654659349498,4,-2.186040059509037e-06,-0.007394639618037169,0.00010310144454750353,9.809877974804879,0.04104699797365951,0.008368503273757785,6,-1.6364537430632597e-06,0.15597271431285958,-0.00018944614460263156,0.0,0.0,nan,0,-0.07999721354556732,3.5570316692642637e-09,1.2990142955634957e-06,-9.460299998928469e-12,2
3.515,4.0,6.30149235916092e-05,-4.8502546629264894e-05,19.61978973796829,0.06498638483437162,0.006624575054299356,4,-2.186020366404251e-06,-0.007394372906440691,1.0912583024263897e-05,9.809791733340571,0.042323578204402766,0.008628843375044852,6,-1.632664708005327e-06,0.15597234328073661,2.163078298791586e-05,0.0,0.0,nan,0,-0.07999721735434276,2.7861783414281567e-09,2.731132080608281e-07,-9.456376026670233e-12,2
3.52,4.0,6.251454214226091e-05,-0.0001342374587005216,19.619838183840766,0.04489076879856266,0.004576059025352764,4,-2.1860170867776807e-06,-0.007394601720487218,-9.24138707531823e-05,9.809838930986675,0.032589435727479715,0.006644234621332741,6,-1.6337252899747967e-06,0.15597299268042392,0.00021069218325292367,0.0,0.0,nan,0,-0.07999721629708773,-2.0309898468715688e-10,-5.723989822453243e-07,-9.461435090948846e-12,2
3.525,4.0,6.173623976545213e-05,-0.0001636113171421868,19.61986994669609,0.007942454836481361,0.0008096337904440432,4,-2.1860207580805258e-06,-0.007395272809227792,-0.00015817865587274067,9.809870715446223,0.007581038389918415,0.0015455939450826036,6,-1.6388303904282808e-06,0.15597436227590483,0.0003058308612313588,0.0,0.0,nan,0,-0.07999721118836325,-1.7085254748209002e-09,-1.359217021463642e-06,-9.461167749244517e-12,2
3.5300000000000002,4.0,6.100345965004666e-05,-0.00012172002186138683,19.62002582622259,0.04189874917903736,0.004271018759112822,4,-2.186036848692008e-06,-0.007396066268965166,-0.00014630731390888544,9.810025069151695,0.02755384475385201,0.0056174871235542476,6,-1.6465861346001698e-06,0.1559758087202932,0.00025206825840279974,0.0,0.0,nan,0,-0.07999720341657579,-4.056087136329635e-09,-1.5943616431213877e-06,-9.460848005013424e-12,2
3.535,4.0,6.0664799900625765e-05,-1.5681423028796127e-05,19.620229455448793,0.06828302506308502,0.006960471611010842,4,-2.1860580451116274e-06,-0.007396589908564357,-6.6488775446558e-05,9.810227015992986,0.043022310437204954,0.008770910268858902,6,-1.6531125387533874e-06,0.15597659122434948,6.621115552399582e-05,0.0,0.0,nan,0,-0.07999719686902251,-4.112566232396288e-09,-9.140634718399307e-07,-9.45967294496416e-12,2
3.54,4.0,6.090879179894792e-05,9.610740799093865e-05,19.620167967641184,0.05770185029666348,0.005881891571145466,4,-2.1860645374564835e-06,-0.0073966648943420595,2.945235003292966e-05,9.810165306169063,0.03930959584350462,0.008014053711976703,6,-1.6546407304862676e-06,0.15597634242310882,-0.00014151876655151674,0.0,0.0,nan,0,-0.07999719533438573,8.799507061326912e-10,1.2782126696391373e-07,-9.464507300102585e-12,2
3.545,4.0,6.157948831111565e-05,0.00015725884529245037,19.62016447185934,0.0301401962272754,0.003072369374936143,4,-2.1860600101404615e-06,-0.007396237301345519,0.00012620660520845363,9.8101634841389,0.022865938446688272,0.004661683464023405,6,-1.6518482559291225e-06,0.15597516433865222,-0.000299424424605901,0.0,0.0,nan,0,-0.07999719813143491,3.518094962559266e-10,9.237178547875552e-07,-9.459098293526609e-12,2
3.5500000000000003,4.0,6.239455540615657e-05,0.00015702424640930368,19.620061014811647,0.015685487448690066,0.001598923411792524,4,-2.1860558481502645e-06,-0.007395475860610862,0.0001620502473422166,9.810060851223104,0.009688236470767646,0.0019751633792485053,6,-1.6453571748328844e-06,0.15597350803604673,-0.00033503343343305723,0.0,0.0,nan,0,-0.0799972046267253,1.6409334425135017e-09,1.5208772040697278e-06,-9.466376027497628e-12,2
3.555,4.0,6.301235609681072e-05,8.662099503370553e-05,19.61990201170864,0.05760952373637426,0.005872559781592632,4,-2.1860427698548734e-06,-0.007394756839549134,0.00011641135502758718,9.809902838327172,0.03826423668219161,0.00780114488651074,6,-1.6377963518859895e-06,0.15597209141969065,-0.0002189912553202047,0.0,0.0,nan,0,-0.07999721220067386,3.3341700441099834e-09,1.3916730615452416e-06,-9.460165883987086e-12,2
3.56,4.0,6.312830372336588e-05,-3.0975712570450786e-05,19.619777637641928,0.06668143015907962,0.006797368593122747,4,-2.186022585993347e-06,-0.007394419546859265,2.5901657014614238e-05,9.809779521970063,0.0429235716451244,0.008751179687370632,6,-1.6332228151144657e-06,0.15597155838494262,-1.0884815275501534e-05,0.0,0.0,nan,0,-0.07999721679444183,3.5271134138356228e-09,4.3611819561666554e-07,-9.462564853898696e-12,2
3.565,4.0,6.269503575209312e-05,-0.00012443186361480918,19.619845043291015,0.04914687324641976,0.0050099145164477716,4,-2.1860168955729897e-06,-0.007394569055129137,-7.72250514405834e-05,9.809846058618087,0.03533388233540223,0.007203758779550046,6,-1.6336330775010288e-06,0.15597206136692424,0.00018569807865255366,0.0,0.0,nan,0,-0.07999721638991716,-1.9632968934067116e-10,-4.4966815044118303e-07,-9.464695593927556e-12,2
3.5700000000000003,4.0,6.19406708549251e-05,-0.00016344760198983542,19.61985404285468,0.013545023679544986,0.0013807466304243915,4,-2.1860194533707134e-06,-0.007395188705125204,-0.00015286340120111887,9.809854870625209,0.01134969715593212,0.0023139378320300823,6,-1.638140529940102e-06,0.15597335558773,0.00030035220121530867,0.0,0.0,nan,0,-0.07999721187995426,-1.2672614752587767e-09,-1.2602949152691984e-06,-9.466909822727869e-12,2
3.575,4.0,6.117692200812772e-05,-0.00013282912715325846,19.619999973990215,0.03506881147775871,0.003574802397986609,4,-2.1860337231019433e-06,-0.00739599015186543,-0.0001539100012867244,9.809999522741537,0.022796309833546947,0.004647565941405104,6,-1.6457183726822922e-06,0.15597484098940195,0.0002707803608973295,0.0,0.0,nan,0,-0.07999720428788912,-3.902640676346804e-09,-1.6145071856897384e-06,-9.462325045725375e-12,2
3.58,4.0,6.075727271619126e-05,-3.4893624181762726e-05,19.620207607569746,0.0675024565066849,0.006880911543529389,4,-2.18605486257753e-06,-0.007396574790622634,-8.00131124882709e-05,9.810205684200252,0.04266728291840019,0.008698550120537767,6,-1.6527631967952483e-06,0.1559757654837081,9.8948003562789e-05,0.0,0.0,nan,0,-0.07999719722197282,-4.383492196725937e-09,-1.090129565900554e-06,-9.4624929114467e-12,2
3.585,4.0,6.091425820534486e-05,8.160065207785293e-05,19.620182911085138,0.060536146234806,0.006170803453682779,4,-2.186065203999693e-06,-0.007396723459378131,1.3623680240057155e-05,9.81017994467544,0.04039262620917783,0.008234839001317459,6,-1.6550992172278955e-06,0.1559756773734035,-0.00011118303098936916,0.0,0.0,nan,0,-0.07999719487565829,3.5326970065776463e-10,-2.7560871920895945e-09,-9.466312966829833e-12,2
3.59,4.0,6.153660991929235e-05,0.00015136614786566668,19.62016664533331,0.03573320082588989,0.0036424971787269804,4,-2.186060329027739e-06,-0.007396370950654997,0.00011416738552598956,9.810165623233562,0.026710068834265185,0.005445385910918228,6,-1.6529181668736848e-06,0.15597462271956786,-0.0002814921976256535,0.0,0.0,nan,0,-0.07999719706163094,4.81273554396554e-10,7.974809791130754e-07,-9.465986117171383e-12,2
3.595,4.0,6.235049858182327e-05,0.0001618664129335691,19.62008530605523,0.00939020328891697,0.0009572031051280829,4,-2.186057107916861e-06,-0.007395638391194202,0.0001616879548202902,9.81008494284607,0.0062406134949263324,0.0012722853127744328,6,-1.6468869580774093e-06,0.15597299647821805,-0.0003395129975504248,0.0,0.0,nan,0,-0.07999720309610818,1.3096523812635918e-09,1.4737437097950734e-06,-9.462053263128952e-12,2
3.6,4.0,6.302151713617354e-05,0.00010155083173159431,19.619927907033947,0.05201893044606587,0.005302662751112,4,-2.186045313105206e-06,-0.007394885465181696,0.00012874722868848971,9.809928670860145,0.03442083483422025,0.007017550481578007,6,-1.6392261960596066e-06,0.15597149274059685,-0.00024625665577777066,0.0,0.0,nan,0,-0.07999721076871233,3.087064575578412e-09,1.4670385186372105e-06,-9.46931945078052e-12,2
3.605,4.0,6.322811964284107e-05,-1.259834398825473e-05,19.61977139456857,0.06785149232692228,0.0069166445380404295,4,-2.186025354684873e-06,-0.007394478304881197,4.066482417305397e-05,9.809773017799056,0.04329084976556683,0.008826065534242028,6,-1.6339178562432832e-06,0.15597079918490767,-4.4025041098286395e-05,0.0,0.0,nan,0,-0.0799972160970579,4.127708923161409e-09,6.092886388870302e-07,-9.464335881667583e-12,2
3.61,4.0,6.286819511103082e-05,-0.00011344763102437923,19.61984531798374,0.05275907372341516,0.005378133503943141,4,-2.186016718638134e-06,-0.007394548032445579,-6.0930255558292547e-05,9.809846685799775,0.037516906847586566,0.007648826337295178,6,-1.6336388075077757e-06,0.15597114904429393,0.00015841936010988647,0.0,0.0,nan,0,-0.07999721638479,1.3006860531648634e-11,-3.312404706211179e-07,-9.466974659752513e-12,2
3.615,4.0,6.214525124270794e-05,-0.00016150496862718064,19.61984228290039,0.019880528860834492,0.002026573768960549,4,-2.186018505500459e-06,-0.0073951075121641025,-0.0001454829290698339,9.809843127322726,0.015647090481504287,0.0031900796533480646,6,-1.637523375855321e-06,0.1559723516753432,0.0002910294056671646,0.0,0.0,nan,0,-0.07999721249848213,-8.787975138161225e-10,-1.1470736867307915e-06,-9.468920658670075e-12,2
3.62,4.0,6.135950866921624e-05,-0.0001423004953874552,19.619974833481013,0.02806094169634607,0.002860446247714931,4,-2.18603072767512e-06,-0.007395906012854506,-0.00015924887874523976,9.809974707076721,0.01795441283189429,0.0036604401882794524,6,-1.644819702217859e-06,0.15597385612624162,0.00028559091655065607,0.0,0.0,nan,0,-0.07999720518998096,-3.6672099685289634e-09,-1.612457109408559e-06,-9.467824646500165e-12,2
3.625,4.0,6.0865574484324065e-05,-5.361372343943169e-05,19.62016934384923,0.06559492271286035,0.006686478751869065,4,-2.1860514925926833e-06,-0.007396546577360134,-9.336804533537557e-05,9.810167657844485,0.04193653924001941,0.008549607040912451,6,-1.6522527511927954e-06,0.155974910832739,0.0001310233456378041,0.0,0.0,nan,0,-0.07999719773621441,-4.33157928364656e-09,-1.246375644117513e-06,-9.46866841599888e-12,2
3.63,4.0,6.093218615242063e-05,6.581765029893715e-05,19.620199372822356,0.06298123555256514,0.006420040322302324,4,-2.1860654041173933e-06,-0.007396767424476811,-1.8490797817307032e-06,9.810196148335608,0.041348131407557054,0.008429623787812266,6,-1.6554321210435208e-06,0.15597498527616663,-7.992695920355372e-05,0.0,0.0,nan,0,-0.07999719454298038,-3.772530731708038e-10,-1.4604372601907234e-07,-9.467913464342135e-12,2
3.6350000000000002,4.0,6.149946473745474e-05,0.00014408103710099624,19.6201637761913,0.04085176062770634,0.004164262958628223,4,-2.1860607689050404e-06,-0.007396493100708717,0.00010059246515815664,9.810162677978015,0.030132020887887252,0.006143021655599661,6,-1.6538694958892486e-06,0.15597406388196483,-0.00026063185649330173,0.0,0.0,nan,0,-0.07999719611028805,7.441456553721956e-10,6.694075170205387e-07,-9.466112238506983e-12,2
3.64,4.0,6.230373384749784e-05,0.0001648488875366843,19.620108227039808,0.0057431599269169645,0.0005854361107959562,4,-2.186058100331345e-06,-0.007395799104305047,0.00015927762609393756,9.81010770117186,0.005558132683403035,0.001133144069914562,6,-1.6483638031958292e-06,0.15597248582477471,-0.0003400848334133099,0.0,0.0,nan,0,-0.07999720161869667,9.835865908955006e-10,1.406382442898192e-06,-9.467729611409257e-12,2
3.645,4.0,6.301980140678378e-05,0.00011507885113321687,19.61995325511602,0.04587369934707293,0.004676229219364841,4,-2.186047669640312e-06,-0.007395022804571168,0.00013923088843664148,9.809953945424528,0.03020159707013073,0.006157337177758534,6,-1.64070522427201e-06,0.15597091366597735,-0.00027026802489656213,0.0,0.0,nan,0,-0.07999720928775361,2.8517768342880766e-09,1.5209533778481234e-06,-9.473421946901115e-12,2
3.65,4.0,6.331384051640127e-05,6.218466502820682e-06,19.619774290779073,0.0683587368046173,0.0069683509903316915,4,-2.186028571014853e-06,-0.0073945484492243495,5.496270943329833e-05,9.809775528143739,0.04340633483264586,0.008849608170567274,6,-1.6347441790451334e-06,0.15597006548018905,-7.713942680746289e-05,0.0,0.0,nan,0,-0.07999721526794484,4.485926707485621e-09,7.857573385223096e-07,-9.473551620950392e-12,2
3.6550000000000002,4.0,6.303266148443234e-05,-0.0001013191672793491,19.619837147246457,0.05604087324676547,0.005712674659445939,4,-2.186016732453472e-06,-0.00739454041489258,-4.429515932358732e-05,9.80983875647129,0.038898678780031365,0.00793054396625448,6,-1.6337378618211384e-06,0.15597025883372967,0.0001296561101913134,0.0,0.0,nan,0,-0.07999721628614799,4.220841614540824e-10,-2.1262996590804965e-07,-9.473771889198477e-12,2
3.66,4.0,6.234803911518362e-05,-0.00015796940581991944,19.61983440627625,0.0261484487592227,0.002665511667199188,4,-2.1860178285315612e-06,-0.00739503410191249,-0.00013646707275040204,9.809835237669224,0.01993458282601529,0.004064203392421434,6,-1.6370032390120026e-06,0.15597135735213152,0.00027847829661588645,0.0,0.0,nan,0,-0.07999721301972207,-5.62347921952179e-10,-1.0271452029416249e-06,-9.473393525191684e-12,2
3.665,4.0,6.1548980184959e-05,-0.00015014705414202303,19.61994951135476,0.021113356860043127,0.002152233556750396,4,-2.1860279157438767e-06,-0.007395820780596117,-0.0001626064783013213,9.809949688656886,0.013272276082049854,0.002705880560712031,6,-1.6439443101742834e-06,0.15597286329893037,0.0002967953849496149,0.0,0.0,nan,0,-0.07999720606861108,-3.337048011199696e-09,-1.5933493649996177e-06,-9.474798623451646e-12,2
3.67,4.0,6.098782388786934e-05,-7.150187306198396e-05,19.620126176249457,0.062459248586765125,0.0063668549351505455,4,-2.186048179277783e-06,-0.007396511137881726,-0.00010642566921183112,9.810124400958847,0.0407874834094283,0.008315385563396466,6,-1.6516551322662276e-06,0.15597403502187035,0.00016196942924022594,0.0,0.0,nan,0,-0.07999719833757282,-4.235534022124822e-09,-1.37415356937327e-06,-9.474889217650458e-12,2
3.6750000000000003,4.0,6.0961995750900864e-05,4.898135384911621e-05,19.620215988182483,0.06510586104280257,0.006636610023255269,4,-2.1860650667761272e-06,-0.007396802064627698,-1.688909404366277e-05,9.810212605820961,0.04214100405877615,0.008591251943667659,6,-1.6556820132268557e-06,0.15597427198628291,-4.8050338377422784e-05,0.0,0.0,nan,0,-0.07999719429385174,-1.2568201829835433e-09,-3.005859182703786e-07,-9.474429141229055e-12,2
3.68,4.0,6.146789214660114e-05,0.00013552775553159308,19.62015703507191,0.04544548958635402,0.0046325306678349385,4,-2.1860614162518e-06,-0.007396606686824858,8.598643078929649e-05,9.810155703220387,0.03316569321876836,0.006761501901112749,6,-1.6547462797986134e-06,0.15597349092178633,-0.00023747223042578681,0.0,0.0,nan,0,-0.07999719523328305,1.0673259920864977e-09,5.446106104766601e-07,-9.469990025487396e-12,2
3.685,4.0,6.225494337760828e-05,0.00016609407279883024,19.620128265608184,0.00888693519779693,0.0009058998063101046,4,-2.1860588537807313e-06,-0.007395959078555935,0.00015514227935786498,9.810127607187683,0.008307406828633096,0.0016936388926371206,6,-1.6498059063133064e-06,0.15597197647216063,-0.0003371943617942486,0.0,0.0,nan,0,-0.07999720017626635,7.041571060114817e-10,1.322841974024037e-06,-9.468685291388855e-12,2
3.69,4.0,6.300810509883658e-05,0.0001271863542715454,19.61997725083281,0.039360157683827064,0.0040122531418487085,4,-2.1860498512007998e-06,-0.0073951687142751405,0.00014797395089342992,9.80997780852066,0.025656578418765504,0.005230710796609744,6,-1.6422360325299423e-06,0.15597035315620522,-0.00029111828033358077,0.0,0.0,nan,0,-0.07999720775519006,2.6301014922055713e-09,1.556934310358905e-06,-9.4699678210269e-12,2
3.6950000000000003,4.0,6.338534659291187e-05,2.521246483167051e-05,19.619790017131812,0.0680490107006708,0.006936772579242801,4,-2.186032010336597e-06,-0.007394629693244857,6.91222356453278e-05,9.809790847205333,0.04323984185419348,0.008815650104611942,6,-1.635713945152828e-06,0.15596935710389984,-0.00011029264117472408,0.0,0.0,nan,0,-0.07999721429516568,4.497837149895734e-09,9.596145468206315e-07,-9.47400192740918e-12,2
3.7,4.0,6.318800199970234e-05,-8.772285488647228e-05,19.61982468106977,0.05914200529214719,0.006028800588540476,4,-2.186017091329595e-06,-0.007394545042940735,-2.785782453241114e-05,9.809826489895448,0.04003775730020203,0.008162786027141801,6,-1.6339294206454968e-06,0.15596939000858023,9.962277319420962e-05,0.0,0.0,nan,0,-0.07999721609465657,9.869195603514846e-10,-8.570153455240633e-08,-9.475425677415958e-12,2
3.705,4.0,6.254820433511672e-05,-0.00015290405320345554,19.61983053845184,0.03210126267309908,0.0032723282303774807,4,-2.1860173955688678e-06,-0.00739496633432478,-0.00012556284384246882,9.80983133018757,0.024026910001118857,0.004898536823397033,6,-1.6365685377439654e-06,0.15597037130819258,0.0002625090252957058,0.0,0.0,nan,0,-0.07999721345528261,-3.358250201826785e-10,-8.995640150829091e-07,-9.47535639949922e-12,2
3.71,4.0,6.174460759560694e-05,-0.00015628201382406417,19.61992424976743,0.014334449844225104,0.0014612135767440612,4,-2.1860253697110477e-06,-0.007395730904591348,-0.00016372919353955872,9.809924677977921,0.009051719769532724,0.0018454208501422493,6,-1.6430681262918911e-06,0.1559718596859347,0.00030405337008807193,0.0,0.0,nan,0,-0.07999720694776731,-2.9220104779695615e-09,-1.5528162750378487e-06,-9.474903428505173e-12,2
3.715,4.0,6.112409129986785e-05,-8.785591935875897e-05,19.62009732089542,0.057288444992313406,0.005839771745810981,4,-2.1860449017363504e-06,-0.0073964629403516936,-0.00011950840082630434,9.810095858522068,0.03811862400993727,0.007771305104388654,6,-1.6509377571069517e-06,0.1559731324488992,0.00019140651738372362,0.0,0.0,nan,0,-0.07999719905865185,-4.277644855167663e-09,-1.4689549262979043e-06,-9.475392814814427e-12,2
3.72,4.0,6.1005391516178936e-05,3.114778204474411e-05,19.620230023187048,0.06677731978383132,0.006806986432362348,4,-2.1860639730711395e-06,-0.007396823141027518,-3.167970382460861e-05,9.810226659933559,0.04270426300952577,0.008706070611790531,6,-1.6557874538900008e-06,0.15597353156043953,-1.542584654731433e-05,0.0,0.0,nan,0,-0.07999719418993115,-2.2249290622681024e-09,-4.6971857270945347e-07,-9.475676143730313e-12,2
3.725,4.0,6.144322991744398e-05,0.00012568898026880734,19.620150578961624,0.04944238874619483,0.005039960172294612,4,-2.1860623140475266e-06,-0.0073967074557997935,7.024040484457356e-05,9.81014878089347,0.03569956066295782,0.007278087511269414,6,-1.6555117273095443e-06,0.1559728982480637,-0.00021188711895956522,0.0,0.0,nan,0,-0.07999719446736411,1.2943904304493408e-09,4.241313670211754e-07,-9.470794715135642e-12,2
3.73,4.0,6.22052310366008e-05,0.00016551680377913168,19.62014411563235,0.014888917795979213,0.0015177174752877037,4,-2.1860594017868162e-06,-0.00739611490792117,0.00014904992820693124,9.810143325123338,0.012368537465972796,0.0025215813991825227,6,-1.6511735620797219e-06,0.1559714639104915,-0.0003305244313491538,0.0,0.0,nan,0,-0.07999719880848899,4.924064205810345e-10,1.2227641268724345e-06,-9.48056556593076e-12,2
3.735,4.0,6.29868685335141e-05,0.00013777183803698927,19.620000959766422,0.03256788079168713,0.0033198653617267566,4,-2.1860518723271216e-06,-0.0073953209858002465,0.0001545971687577456,9.810001334126602,0.02091887286446046,0.004264805304702417,6,-1.6437910529340516e-06,0.15596980856247167,-0.00030832667167387466,0.0,0.0,nan,0,-0.07999720619857498,2.396721225982021e-09,1.573370754569027e-06,-9.477398321686112e-12,2
3.74,4.0,6.344192151496989e-05,4.403690971828768e-05,19.61981960555549,0.06679028938404388,0.006808450916147235,4,-2.1860354455401076e-06,-0.007394722262243408,8.289228827404463e-05,9.809820214645224,0.04274159344578568,0.008714042155834035,6,-1.636817180447614e-06,0.1559686749977038,-0.00014288682838642554,0.0,0.0,nan,0,-0.07999721318892164,4.192787302291465e-09,1.120104837081627e-06,-9.483282503716625e-12,2
3.745,4.0,6.333249124954787e-05,-7.269282847025929e-05,19.61980989205738,0.06172686065201094,0.006292299567795467,4,-2.18601788650602e-06,-0.007394563422758468,-1.204890952669062e-05,9.809811848912556,0.04106671532942308,0.008372579609460183,6,-1.6342246217035394e-06,0.15596854580042718,6.878414208926354e-05,0.0,0.0,nan,0,-0.07999721579908681,1.668388150353991e-09,4.980069393771939e-08,-9.47701285225196e-12,2
3.75,4.0,6.27443119585609e-05,-0.00014636270449613315,19.619829913403063,0.037629360397165634,0.0038358498073889588,4,-2.186017115161226e-06,-0.007394909197518846,-0.00011325397503124485,9.809830634112162,0.02778100897350444,0.005663912051019576,6,-1.6362446033160727e-06,0.1559693999665938,0.00024365911810785864,0.0,0.0,nan,0,-0.07999721377992394,-2.100873519054002e-10,-7.708890054683548e-07,-9.480947482651231e-12,2
3.755,4.0,6.194488942984025e-05,-0.00016058995934432847,19.619900276872176,0.008387989714884326,0.0008550491691104097,4,-2.1860231508886996e-06,-0.007395643107199249,-0.0001630081666305366,9.809900900982468,0.00606415202636501,0.0012363329839056134,6,-1.6422454493791871e-06,0.1559708535110907,0.00030764059904395233,0.0,0.0,nan,0,-0.07999720777308955,-2.4520560106281263e-09,-1.4944971640512107e-06,-9.482402318902702e-12,2
3.7600000000000002,4.0,6.127299198682416e-05,-0.00010259266478402504,19.620067755133075,0.051463756978296964,0.005246032543881794,4,-2.1860416105391745e-06,-0.007396407804116537,-0.00013171529333704494,9.81006656843726,0.03413875394614106,0.006959943382235244,6,-1.6501772411234295e-06,0.1559722103179112,0.0002183504656792839,0.0,0.0,nan,0,-0.07999719982288556,-4.235914581708669e-09,-1.5426974738586664e-06,-9.481086038484708e-12,2
3.765,4.0,6.106286755715381e-05,1.2589840519371144e-05,19.62023862882382,0.06791832505613861,0.00692329245744858,4,-2.186062182607529e-06,-0.007396835405648095,-4.597443485687995e-05,9.81023547841865,0.043032927740099446,0.00877306723875625,6,-1.6557916262052719e-06,0.15597276825650505,1.742713638427319e-05,0.0,0.0,nan,0,-0.0799971941879758,-3.1572893472456653e-09,-6.479656842264913e-07,-9.476894724522142e-12,2
3.77,4.0,6.142685487526943e-05,0.00011479234963930223,19.62015427697072,0.052891224629186676,0.005391519748778743,4,-2.1860633566440912e-06,-0.007396798023407598,5.380552762214494e-05,9.81015212364068,0.037586089981831716,0.0076626925878664175,6,-1.6562085860538645e-06,0.15597228709975156,-0.00018455530071922186,0.0,0.0,nan,0,-0.07999719376988933,1.2823012572312967e-09,3.084745579242e-07,-9.481119789264657e-12,2
3.775,4.0,6.215713596196184e-05,0.0001633604003502809,19.620156164622845,0.0212086051714569,0.002161920118627617,4,-2.186059793959222e-06,-0.007396267370717773,0.00014118219406311156,9.810155271586625,0.016701012687555784,0.0034048416615641763,6,-1.652482076897055e-06,0.15597094637895262,-0.0003204999833757477,0.0,0.0,nan,0,-0.07999719750000858,3.585105501898911e-10,1.1117495301224314e-06,-9.484771978926463e-12,2
3.7800000000000002,4.0,6.295882994420229e-05,0.0001467966883334887,19.6200247650622,0.02569651135145344,0.002619416811054364,4,-2.1860537090939713e-06,-0.007395479212139366,0.0001592148671665215,9.810024908819994,0.016188764480489257,0.0033004532875210682,6,-1.6453718618761326e-06,0.15596927673954203,-0.00032196890996038266,0.0,0.0,nan,0,-0.07999720461635587,2.1322092003658498e-09,1.5723591491962242e-06,-9.481371143757432e-12,2
3.785,4.0,6.348508562691659e-05,6.214580715178024e-05,19.619858959643782,0.0642523657083553,0.006549727583721821,4,-2.1860385962073348e-06,-0.007394826031949103,9.664893039591599e-05,9.809859788513918,0.04175934817947758,0.008513750263458892,6,-1.6380539797217208e-06,0.15596801751699163,-0.00017475205750926598,0.0,0.0,nan,0,-0.07999721194939832,3.764955782746511e-09,1.2559442871406438e-06,-9.481863194601949e-12,2
3.79,4.0,6.346609767503503e-05,-5.653990239361187e-05,19.619794785303448,0.0640241197184148,0.006526482098209631,4,-2.1860192477539397e-06,-0.007394593684313325,3.596394174550128e-06,9.809796817642608,0.04196222342582553,0.008555166677939303,6,-1.6346309786863245e-06,0.1559677243708028,3.6986222759570977e-05,0.0,0.0,nan,0,-0.07999721539179525,2.428236712202732e-09,1.988278752708587e-07,-9.48156032576083e-12,2
3.795,4.0,6.293592181679414e-05,-0.00013845687786100342,19.61983354051611,0.04269572556694616,0.004352302528844291,4,-2.1860169237240823e-06,-0.007394860585225557,-9.944540871357046e-05,9.809834248902435,0.031150381845860685,0.006350847742273713,6,-1.6360151599906225e-06,0.15596844166124088,0.00022194503561706459,0.0,0.0,nan,0,-0.07999721400998538,-1.9186784688960803e-10,-6.400858314899545e-07,-9.482555085590894e-12,2
3.8000000000000003,4.0,6.214886398240878e-05,-0.00016309819853191698,19.619878189802183,0.006397553620130659,0.0006521501875027862,4,-2.186021286713219e-06,-0.007395554317979305,-0.00016027291221667862,9.809878937976288,0.006303861311686958,0.0012852067495518762,6,-1.6414557381175254e-06,0.1559698426656691,0.00030741389429510686,0.0,0.0,nan,0,-0.07999720856509168,-1.9555460592527256e-09,-1.4164673111397113e-06,-9.47403923090281e-12,2
3.805,4.0,6.14334727575353e-05,-0.00011597792185576077,19.620039301619226,0.04509033465991289,0.004596355182243862,4,-2.1860383377612924e-06,-0.007396341334684904,-0.00014211118564786722,9.810038390514018,0.029786840398656575,0.006072726571072232,6,-1.6493432740544156e-06,0.1559712652876122,0.0002421319255563971,0.0,0.0,nan,0,-0.07999720066055208,-4.1550918243330275e-09,-1.5929967242963123e-06,-9.481199725322432e-12,2
3.81,4.0,6.113494374114867e-05,-6.5472601701008275e-06,19.620236979252265,0.06836322818688999,0.006968644492844993,4,-2.1860596482251027e-06,-0.0073968349778746586,-6.0016803544918785e-05,9.810234254546996,0.043091455004016094,0.008785000212210715,6,-1.6556375799295364e-06,0.1559719776740035,5.060691627576652e-05,0.0,0.0,nan,0,-0.07999719434498315,-3.9033246758704926e-09,-8.330452754801802e-07,-9.481987539580705e-12,2
3.815,4.0,6.141877778865923e-05,0.00010249145142672199,19.620163159744248,0.05619571212776498,0.005728363385179668,4,-2.1860643587973128e-06,-0.007396874625897009,3.70929052101371e-05,9.810160640445796,0.03876468470954653,0.007902966348935338,6,-1.656803082707159e-06,0.155971653702336,-0.00015554146956764056,0.0,0.0,nan,0,-0.07999719317481721,1.0687244032511395e-09,1.881334170292145e-07,-9.481411111786318e-12,2
3.8200000000000003,4.0,6.211011509924261e-05,0.00015956089429994063,19.620164001562372,0.027374644653763245,0.002790460329646926,4,-2.186060100304449e-06,-0.00739641270881518,0.00013144055751581382,9.8101630285778,0.020957930134603814,0.004272697624606576,6,-1.6536964842356339e-06,0.15597042066247385,-0.0003069585302369001,0.0,0.0,nan,0,-0.0799971962857216,3.2335298621868037e-10,9.907699519102107e-07,-9.487647012471032e-12,2
3.825,4.0,6.292299292424924e-05,0.000154182014071537,19.620050008704318,0.01885514980551558,0.0019220287203295205,4,-2.1860553460796572e-06,-0.007395640238687533,0.0001616745414955307,9.810049940581658,0.011667938570794024,0.002378772512161586,6,-1.6469467633700718e-06,0.15596875552922398,-0.00033181359947771,0.0,0.0,nan,0,-0.07999720304024413,1.8211315282997876e-09,1.552217520403844e-06,-9.483010721120198e-12,2
3.83,4.0,6.351351641824711e-05,7.924740475686143e-05,19.61988847181952,0.06008766609935851,0.006125179170683233,4,-2.186041458733523e-06,-0.007394940188210705,0.00011005718973773904,9.809889353073762,0.03998166739428369,0.008151298338906567,6,-1.639389846354311e-06,0.1559673851701285,-0.00020526160389403286,0.0,0.0,nan,0,-0.07999721061109594,3.5022583917950956e-09,1.3624823019819278e-06,-9.488735919213585e-12,2
3.835,4.0,6.358662293605918e-05,-3.9329510115554035e-05,19.619780768645267,0.06595602757468001,0.0067234214645339515,4,-2.186021172488617e-06,-0.007394636552429929,1.8771944444311386e-05,9.809782766261945,0.04267678894660678,0.008700863202268226,6,-1.6351523263805068e-06,0.1559669286428778,4.600590787625787e-06,0.0,0.0,nan,0,-0.07999721486894959,3.2066066202859532e-09,3.580709090986078e-07,-9.488080443539847e-12,2
3.84,4.0,6.312099995876723e-05,-0.0001292007708918512,19.619840428925936,0.04721361451261973,0.004812843884602825,4,-2.1860167239255712e-06,-0.0073948240384700955,-8.462390588856298e-05,9.809841304606916,0.03410318051710953,0.006952850603422898,6,-1.6358930301843544e-06,0.1559675019671158,0.0001978677364141532,0.0,0.0,nan,0,-0.07999721413274177,-2.1940875244573015e-10,-5.141080593896276e-07,-9.488317587177903e-12,2
3.845,4.0,6.235446146226436e-05,-0.00016373533139322932,19.6198599884937,0.010703259196850569,0.0010910637693773168,4,-2.1860198129233788e-06,-0.007395469574443016,-0.00015573043142783552,9.809860802212187,0.009456822755048333,0.001928023841666695,6,-1.6407409781024618e-06,0.15596883425697833,0.00030350885697185375,0.0,0.0,nan,0,-0.0799972092817523,-1.4883525540368791e-09,-1.3226168297533858e-06,-9.48871460293151e-12,2
3.85,4.0,6.160427175241899e-05,-0.00012778175794178032,19.62001259563821,0.0383530178574789,0.003909581369586407,4,-2.18603513976387e-06,-0.0073962690148762274,-0.00015064217979548938,9.810011986861197,0.025094090372767896,0.00511601625082152,6,-1.648489550344634e-06,0.15597030410268709,0.0002624670664071231,0.0,0.0,nan,0,-0.07999720151790066,-4.025324217006614e-09,-1.622276737909999e-06,-9.488882468652834e-12,2
3.855,4.0,6.12222208579297e-05,-2.579214636374713e-05,19.62022226579672,0.06800793685405643,0.006932432867757304,4,-2.1860565905112983e-06,-0.0073968254612295226,-7.367970489254638e-05,9.810220079604589,0.04287789944159927,0.00874147554156145,6,-1.6553604336791428e-06,0.15597116281567314,8.351501444795874e-05,0.0,0.0,nan,0,-0.07999719462561403,-4.347930995631003e-09,-1.0154354780709907e-06,-9.488945529320631e-12,2
3.86,4.0,6.142117278982991e-05,8.871256541476433e-05,19.620176661895574,0.05928417655892592,0.00604318478681815,4,-2.1860651771218875e-06,-0.0073969397668737676,2.098129240496314e-05,9.810173810446933,0.03989510063872394,0.008133413619285587,6,-1.657319919322331e-06,0.1559709983852964,-0.00012565066010364022,0.0,0.0,nan,0,-0.0799971926575892,6.357431728262389e-10,6.122061897178119e-08,-9.486928476129493e-12,2
3.865,4.0,6.206747524362486e-05,0.00015436223257234827,19.62016765991377,0.03315072465903992,0.0033792498854911027,4,-2.1860603884142626e-06,-0.0073965515097745415,0.0001200417072538883,9.810166637988447,0.024950430354740007,0.005086647612717013,6,-1.6548299857643833e-06,0.1559698840418269,-0.00029036070758524596,0.0,0.0,nan,0,-0.0799971951523589,4.0256933347828346e-10,8.645233381844764e-07,-9.48563617652883e-12,2
3.87,4.0,6.288312740467537e-05,0.00015984172819742074,19.62007490050209,0.01223583106298616,0.0012472766923711427,4,-2.186056733577413e-06,-0.007395804032665278,0.00016213817019719308,9.810074622568315,0.007680554704925235,0.0015658504140745133,6,-1.6485167335864026e-06,0.15596824112881272,-0.00033793663162893074,0.0,0.0,nan,0,-0.07999720146931336,1.4871506115995603e-09,1.5126069094774556e-06,-9.49103008407167e-12,2
3.875,4.0,6.35302530222835e-05,9.472755911987541e-05,19.619914462191076,0.054749241131042375,0.005580986730247772,4,-2.186044129447867e-06,-0.007395065798707357,0.00012312250355418772,9.809915268390146,0.03630561329828476,0.007401819955625913,6,-1.64081807720734e-06,0.15596677598566597,-0.0002338067613829185,0.0,0.0,nan,0,-0.07999720918062131,3.2554907197209955e-09,1.4473806737386646e-06,-9.489233299128616e-12,2
3.88,4.0,6.369455727973873e-05,-2.132292185892514e-05,19.619771211973113,0.06738560863742975,0.006869153356518976,4,-2.186023727618336e-06,-0.007394691466423537,3.372927046510572e-05,9.809773016489972,0.043154360411034993,0.008798238315706926,6,-1.6358090466558894e-06,0.15596615756572613,-2.836301278392107e-05,0.0,0.0,nan,0,-0.07999721421010114,3.89913194093063e-09,5.293835627241859e-07,-9.489690711014763e-12,2
3.8850000000000002,4.0,6.329939424603021e-05,-0.00011875180302093583,19.619845780642652,0.05114810262630336,0.005213914849092967,4,-2.186016526656287e-06,-0.007394798844798706,-6.875792932432438e-05,9.80984704105497,0.03657685727690934,0.0074571717833789575,6,-1.6358698660470794e-06,0.15596658032390906,0.0001715531026994466,0.0,0.0,nan,0,-0.07999721415653016,-1.3042993790710926e-10,-3.917497455131015e-07,-9.488912666719106e-12,2
3.89,4.0,6.256081427463829e-05,-0.00016262394022003863,19.619845974779693,0.016900365792696943,0.001722782718520981,4,-2.1860186787646396e-06,-0.007395388055769484,-0.0001493217861119854,9.809846829809237,0.013619673135697681,0.0027767351258352994,6,-1.6400955291304142e-06,0.15596782833179798,0.0002959891312173115,0.0,0.0,nan,0,-0.07999720992876244,-1.0644787619710027e-09,-1.214397141091459e-06,-9.490933272623925e-12,2
3.895,4.0,6.178421505004617e-05,-0.00013808498269471072,19.619986819726048,0.031385953167448584,0.0031993857545197704,4,-2.1860320270836175e-06,-0.007396189778575851,-0.00015709964656176242,9.809986532031706,0.02025558613558755,0.004129584901966731,6,-1.6476093796582991e-06,0.15596932687094833,0.0002792280686734692,0.0,0.0,nan,0,-0.07999720240161107,-3.829304358883605e-09,-1.6311550462598336e-06,-9.491746844056371e-12,2
3.9,4.0,6.132422645178828e-05,-4.4893360665359366e-05,19.620191140430634,0.06667035568338944,0.006796096450457529,4,-2.1860532256959275e-06,-0.007396805010359161,-8.715356724218088e-05,9.810189371863395,0.04233715608355033,0.008631261737918644,6,-1.6549382831007597e-06,0.15597032230862196,0.00011609040186111682,0.0,0.0,nan,0,-0.07999719505155647,-4.431678683526657e-09,-1.1851133961185516e-06,-9.488949970212737e-12,2
3.9050000000000002,4.0,6.143383725049745e-05,7.34259821936654e-05,19.620192725936143,0.06186349221446913,0.0063061044382801724,4,-2.1860656244411525e-06,-0.007396992442881583,5.307071111354403e-06,9.810189583734076,0.04091338367961145,0.008340997557773698,6,-1.6577364169226283e-06,0.1559703203478104,-9.468954481350495e-05,0.0,0.0,nan,0,-0.07999719224107135,-6.410233179026049e-12,-7.729402437279642e-08,-9.496346720091998e-12,2
3.91,4.0,6.202794827178575e-05,0.00014768277765164566,19.620167346238773,0.038525147945338185,0.0039270967739960215,4,-2.186060756886876e-06,-0.007396681326468975,0.00010713423402408076,9.810166286450958,0.028590784166017926,0.005828807245704959,6,-1.6558683008441322e-06,0.1559693353380139,-0.00027077346864540577,0.0,0.0,nan,0,-0.07999719411410244,6.028918449460143e-10,7.350820180677582e-07,-9.491473285103104e-12,2
3.915,4.0,6.283783544118983e-05,0.00016371236815176457,19.620098967518985,0.006778975853605325,0.0006910236145931678,4,-2.186057878970221e-06,-0.007395967854568779,0.00016072290190513808,9.810098502344198,0.0053721905495782585,0.0010952368211786115,6,-1.6500577102590563e-06,0.15596773219675447,-0.00034039169248753726,0.0,0.0,nan,0,-0.07999719992761842,1.1479331130645102e-09,1.4540722274071682e-06,-9.494941621832034e-12,2
3.92,4.0,6.353413493441419e-05,0.00010900616311642604,19.619940894490966,0.04883511738212254,0.0049781105503569414,4,-2.186046624587379e-06,-0.007395200944160188,0.000134576711370583,9.809941642078464,0.032248690400253306,0.006574695666267118,6,-1.642310473275177e-06,0.1559661892048355,-0.0002595392623743166,0.0,0.0,nan,0,-0.07999720768615726,3.00684456716462e-09,1.512975563376864e-06,-9.495712560700334e-12,2
3.9250000000000003,4.0,6.378810327381842e-05,-2.5749351438457283e-06,19.61976900846994,0.06823311475530726,0.006955547206070644,4,-2.186026778282224e-06,-0.007394757811633178,4.82839331875265e-05,9.809770478916716,0.04339401062087749,0.008847100085397604,6,-1.6365950444505173e-06,0.15596541232212463,-6.166535138684163e-05,0.0,0.0,nan,0,-0.07999721342147986,4.40179017507782e-09,7.073492500523828e-07,-9.495304886805692e-12,2
3.93,4.0,6.346958822456518e-05,-0.00010711813061593044,19.619840201599096,0.05453438247972728,0.0055591056725612376,4,-2.1860164145480476e-06,-0.007394786118655596,-5.21516796724187e-05,9.809841721028349,0.03836682588851539,0.007822109057330126,6,-1.635939440761125e-06,0.1559656793625246,0.00014331349149106066,0.0,0.0,nan,0,-0.07999721408749474,2.006726447775402e-10,-2.7304360267772255e-07,-9.49620283518801e-12,2
3.935,4.0,6.276630608404608e-05,-0.00015980229146610197,19.619836183063814,0.023260979830862734,0.0023711696279036234,4,-2.18601787427275e-06,-0.007395311686202745,-0.0001409938548443167,9.809837037268984,0.017957739521003692,0.0036611697937039426,6,-1.639535469284692e-06,0.1559668284307133,0.00028483986205844216,0.0,0.0,nan,0,-0.079997210490054,-7.092169961878487e-10,-1.0956518440188943e-06,-9.495916841736866e-12,2
3.94,4.0,6.197238511238492e-05,-0.00014669980628275923,19.619961584194584,0.024344695920320673,0.0024816252382402456,4,-2.1860290862658893e-06,-0.007396105578462858,-0.00016139052732747533,9.809961629356184,0.015439335730391579,0.0031476852435772156,6,-1.6467228252867172e-06,0.15596833646261882,0.00029213408390457095,0.0,0.0,nan,0,-0.07999720329153348,-3.5421679970851592e-09,-1.6196455473725476e-06,-9.495981678761504e-12,2
3.9450000000000003,4.0,6.144164186621179e-05,-6.326197970605962e-05,19.620147766082585,0.06411692647970495,0.006535825034971866,4,-2.1860498190563737e-06,-0.007396773811266329,-0.00010040955751881315,9.810146031063839,0.0413933812277373,0.008438891958726222,6,-1.6543844078079073e-06,0.15596945565751494,0.00014771532206825412,0.0,0.0,nan,0,-0.07999719560926566,-4.318214783917456e-09,-1.3290413943208378e-06,-9.494954056329912e-12,2
3.95,4.0,6.145942935948074e-05,5.7036755363987086e-05,19.62020964085717,0.0641579120988667,0.00653998232162251,4,-2.1860655477004554e-06,-0.007397032623262552,-1.0005371630410476e-05,9.810206281962737,0.04179018950189612,0.008519737159601321,6,-1.6580418213604786e-06,0.15596961690103714,-6.298756433723231e-05,0.0,0.0,nan,0,-0.07999719193617091,-8.323663020518396e-10,-2.2825871879190501e-07,-9.494191999245809e-12,2
3.955,4.0,6.199504855392095e-05,0.00013971173374465178,19.620161849100583,0.04337032296410536,0.0044209954329294705,4,-2.1860613010939167e-06,-0.007396800710521037,9.288240755247855e-05,9.810160638794326,0.031816610094291556,0.006486460572005849,6,-1.6568029639826842e-06,0.15596876958829314,-0.00024855028734752045,0.0,0.0,nan,0,-0.07999719317932238,9.173615121412966e-10,6.066007736215594e-07,-9.50126634035872e-12,2
3.96,4.0,6.279120764485638e-05,0.00016575929478765395,19.62012088181975,0.006721743268110143,0.0006851887721383607,4,-2.1860587473970794e-06,-0.007396130493338885,0.0001573184572453259,9.81012027627667,0.006754502033922367,0.0013770477514442807,6,-1.6515510675788048e-06,0.15596722343138486,-0.00033903386352858515,0.0,0.0,nan,0,-0.07999719843381997,8.346730658289789e-10,1.3760149572769522e-06,-9.495853781069069e-12,2
3.9650000000000003,4.0,6.35283492222593e-05,0.00012179529972901428,19.61996572232915,0.04243991516812563,0.004326196668103807,4,-2.1860489288622054e-06,-0.0073953453462877695,0.00014414700190596032,9.809966355070685,0.02782475452411027,0.00567275228415598,6,-1.6438566634233154e-06,0.1559656213622939,-0.00028189837857310704,0.0,0.0,nan,0,-0.07999720613809015,2.777586667389271e-09,1.557204820363525e-06,-9.496252573179513e-12,2
3.97,4.0,6.386773273652742e-05,1.640573852189466e-05,19.619778435705943,0.06832014157753218,0.006964415199836984,4,-2.1860302047531366e-06,-0.0073948360113887885,6.255031676304155e-05,9.809779475479061,0.04336433367793792,0.008841041490552003,6,-1.637528263334631e-06,0.155964692863591,-9.491209766418288e-05,0.0,0.0,nan,0,-0.07999721248526184,4.589175494783233e-09,8.860607393127911e-07,-9.496749064916125e-12,2
3.975,4.0,6.363089001254068e-05,-9.422354822098656e-05,19.61982971142291,0.05773777718464887,0.005885655281812483,4,-2.186016596572582e-06,-0.007394786884250679,-3.547522158613831e-05,9.809831468265521,0.03952662033677819,0.00805857276236508,6,-1.6361079755930485e-06,0.15596480079906,0.00011374276198815105,0.0,0.0,nan,0,-0.07999721391920525,6.981879812614389e-10,-1.4888001760200162e-07,-9.498330910681612e-12,2
3.98,4.0,6.29695313249142e-05,-0.000155431894985979,19.61983025472031,0.0294116127851617,0.0029981516051175417,4,-2.186017321548217e-06,-0.007395242938934065,-0.0001309762037595147,9.809831083532224,0.022179239637953888,0.004521839254742359,6,-1.6390730410778542e-06,0.155965838432487,0.00027045212548751975,0.0,0.0,nan,0,-0.0799972109534623,-4.3225626006480614e-10,-9.69959976329823e-07,-9.499148034827736e-12,2
3.985,4.0,6.216687799238099e-05,-0.0001536926051232937,19.619935542812776,0.017443869070661887,0.0017781780202689777,4,-2.1860263589336404e-06,-0.007396019747307718,-0.0001636181428405873,9.809935861297129,0.010942600505242374,0.0022309219264957515,6,-1.6458565838955996e-06,0.1559673381144219,0.00030135480926637195,0.0,0.0,nan,0,-0.07999720416092959,-3.157043851177749e-09,-1.5897931833944249e-06,-9.50031332491438e-12,2
3.99,4.0,6.157267632116121e-05,-8.053867639685673e-05,19.620112322744973,0.0598592671126394,0.006101827158578135,4,-2.186046494045968e-06,-0.007396734083309034,-0.00011350737786252025,9.810110697728586,0.03971132271062806,0.00809599890036363,6,-1.6537388364615269e-06,0.155968566872496,0.00017809015012259136,0.0,0.0,nan,0,-0.07999719625858939,-4.321672897712774e-09,-1.4402491823409328e-06,-9.502289521898215e-12,2
3.995,4.0,6.149701174427264e-05,3.956008533434066e-05,19.62022562104503,0.06607010856094259,0.006734897940222922,4,-2.186064825392825e-06,-0.007397062739982394,-2.4969316401558143e-05,9.81022218717285,0.042471890530533705,0.008658701040648588,6,-1.6582469782658316e-06,0.1559688914143206,-3.0546638502846897e-05,0.0,0.0,nan,0,-0.07999719173216374,-1.7835979803662967e-09,-3.9231176944804714e-07,-9.498679964800555e-12,2
4.0,4.0,6.196732865117419e-05,0.00013040232792912104,19.62015402824118,0.04769258928483502,0.004861591730236824,4,-2.1860620847517775e-06,-0.007396910576411622,7.762566983031833e-05,9.810152457397425,0.034623460520843335,0.007058699784983511,6,-1.6576577602303577e-06,0.15596818915459015,-0.00022398383276054138,0.0,0.0,nan,0,-0.07999719232416994,1.225237178435718e-09,4.820240124711527e-07,-9.501370257233826e-12,2
4.005,4.0,6.274192632074225e-05,0.00016603682448298847,19.62013892844239,0.012040179304128752,0.0012273286492048914,4,-2.18605940533953e-06,-0.007396291362012461,0.0001521855748969377,9.810138180665165,0.01043243079848841,0.002126867248220769,6,-1.6530003180900699e-06,0.15596671556344147,-0.0003341781998112034,0.0,0.0,nan,0,-0.07999719698433899,5.844490358882963e-10,1.28235546668625e-06,-9.500284015026534e-12,2
4.01,4.0,6.351186151342795e-05,0.00013318523827967734,19.619990019940072,0.035720360025067566,0.0036412210188450107,4,-2.1860510748955564e-06,-0.007395497292948273,0.000151903884174987,9.809990491111364,0.023124945986832016,0.004714570520284411,6,-1.6454459447132197e-06,0.15596507178027752,-0.00030104488831357703,0.0,0.0,nan,0,-0.07999720454709032,2.547659302241895e-09,1.58405075509476e-06,-9.50222024398148e-12,2
4.015,4.0,6.393235665720903e-05,3.550932891811014e-05,19.619801726173108,0.067524965908898,0.006883348450847869,4,-2.18603372387563e-06,-0.007394925132813159,7.662971290771275e-05,9.80980242390926,0.04302464278683255,0.008771765409254185,6,-1.638600985211236e-06,0.1559639993462644,-0.0001280947731115102,0.0,0.0,nan,0,-0.07999721140944835,4.4279590741255375e-09,1.0573367418855092e-06,-9.502544429104671e-12,2
4.0200000000000005,4.0,6.378235366997615e-05,-7.97105249393589e-05,19.619815352961034,0.06058074446509102,0.006175465301302965,4,-2.1860171731113986e-06,-0.007394800007810709,-1.9244875751321254e-05,9.80981727957909,0.04061715662714942,0.008280920116973307,6,-1.6363707634262092e-06,0.15596394444568784,8.299970397943017e-05,0.0,0.0,nan,0,-0.07999721365626841,1.3400390602144218e-09,-1.5375271124559584e-08,-9.503120856899054e-12,2
4.025,4.0,6.316978775138179e-05,-0.0001495167550644732,19.619828193552454,0.03516780465905786,0.0035849248334004114,4,-2.1860169794503392e-06,-0.007395180866734759,-0.00011912186619011367,9.809828961364097,0.026127520350034086,0.005326804463755084,6,-1.6387020009001052e-06,0.15596485809214206,0.0002526829591181361,0.0,0.0,nan,0,-0.07999721132527213,-2.5856128432897767e-10,-8.387585968197635e-07,-9.502493802934748e-12,2
4.03,4.0,6.236743281236117e-05,-0.00015885281059272995,19.619910511154416,0.010909913781264768,0.0011121267627660387,4,-2.1860239513768476e-06,-0.007395930306611753,-0.00016365766144079048,9.809911058552451,0.007178995491734095,0.0014636209133568692,6,-1.645000015780551e-06,0.15596633010874247,0.0003065548444722806,0.0,0.0,nan,0,-0.07999720502033283,-2.7006186832948358e-09,-1.537924144784439e-06,-9.502379227918607e-12,2
4.035,4.0,6.171795516094565e-05,-9.60427428676499e-05,19.620082325884724,0.054229764720602876,0.0055279854406174115,4,-2.1860431406589553e-06,-0.007396681562392909,-0.00012636257208406538,9.81008099929937,0.03603635317672922,0.007346800333106917,6,-1.6529863677630652e-06,0.1559676510641323,0.0002064497219644489,0.0,0.0,nan,0,-0.0799971970148391,-4.306040837621966e-09,-1.524460397297764e-06,-9.503497444549008e-12,2
4.04,4.0,6.154952384584923e-05,2.122012088907613e-05,19.620237351970545,0.06747436792186037,0.00687803788623216,4,-2.186063321290427e-06,-0.007397078831407182,-3.957260600237074e-05,9.810234040676514,0.042911901436747085,0.008748395045178327,6,-1.6582992713592981e-06,0.15596813698659182,2.3969267073584833e-06,0.0,0.0,nan,0,-0.07999719168180242,-2.764747503770964e-09,-5.690574019093315e-07,-9.508282061695932e-12,2
4.045,4.0,6.194831893091013e-05,0.00011995662065633016,19.620152551313467,0.05134401730955922,0.005233804087432746,4,-2.186063096158014e-06,-0.007397006258500049,6.13234576340973e-05,9.810150527422548,0.036836441247381134,0.007509862594750478,6,-1.6583945265033484e-06,0.1559675858409027,-0.00019723560211301432,0.0,0.0,nan,0,-0.07999719158681995,1.3218268515843464e-09,3.636998209765512e-07,-9.504790632328088e-12,2
4.05,4.0,6.269405686612755e-05,0.00016455575068656186,19.620152805362324,0.018338042088926348,0.001869306755237343,4,-2.18605985344289e-06,-0.007396446633018674,0.000145006290736148,9.810151943053175,0.014732473744964076,0.0030035159150407506,6,-1.6543569591673246e-06,0.15596620069996212,-0.0003255175306607337,0.0,0.0,nan,0,-0.07999719562767751,4.0783443472216005e-10,1.1734686426897928e-06,-9.506164644343363e-12,2
4.055,4.0,6.348780640408038e-05,0.00014292565338906222,19.620014133365682,0.028832807447391622,0.0029391219854789726,4,-2.186053030348717e-06,-0.0073956545522298285,0.0001573789109421184,9.810014389134253,0.018347598572368444,0.0037405854557543915,6,-1.647045942312908e-06,0.15596453509228422,-0.000316260018983285,0.0,0.0,nan,0,-0.079997202945565,2.2919486282732162e-09,1.5899454924223534e-06,-9.510061971249006e-12,2
4.0600000000000005,4.0,6.398271330987117e-05,5.40450796375029e-05,19.61983884823111,0.06561149797523275,0.006688281028480329,4,-2.1860370944086494e-06,-0.007395025459929835,9.03676010998859e-05,9.80983955409439,0.042296930724217474,0.008623368504852612,6,-1.6398060421266014e-06,0.1559633313159003,-0.00016036810080125935,0.0,0.0,nan,0,-0.07999721020144865,4.005093206470261e-09,1.2077374196161525e-06,-9.504793296863346e-12,2
4.065,4.0,6.392235459583837e-05,-6.402841758575144e-05,19.619799936172846,0.06302504255203384,0.00642463661781129,4,-2.186018270945028e-06,-0.007394826597932738,-3.52830838697203e-06,9.809801981562273,0.04157859600890173,0.008476949093783864,6,-1.636743889289749e-06,0.15596311303561203,5.160134049834973e-05,0.0,0.0,nan,0,-0.07999721328247247,2.0815511554958145e-09,1.2844888880818776e-07,-9.506868969830185e-12,2
4.07,4.0,6.336505653923887e-05,-0.00014220510170759418,19.619829605718323,0.04048280144557691,0.004126723040833947,4,-2.1860167531140284e-06,-0.00739513011819713,-0.0001060252282792232,9.80983031685037,0.02968469301885637,0.0060520298639349344,6,-1.6384429374557974e-06,0.1559638940771008,0.00023227497910147018,0.0,0.0,nan,0,-0.07999721158498968,-1.8806372898004227e-10,-7.075514707162815e-07,-9.508310483405358e-12,2
4.075,4.0,6.257135068027455e-05,-0.0001622095773120471,19.61988708412253,0.0064290202502748596,0.0006553575178806782,4,-2.18602188323605e-06,-0.007395844096813523,-0.0001619415616607855,9.809887793721861,0.005708584138152057,0.0011638429018128913,6,-1.644206106717061e-06,0.15596532198491683,0.000308195822675465,0.0,0.0,nan,0,-0.07999720581673783,-2.2063742352599167e-09,-1.4692492225501603e-06,-9.509733345233718e-12,2
4.08,4.0,6.187446254544774e-05,-0.00011013316555212946,19.62005274060461,0.048089049455244205,0.0049020306001238915,4,-2.1860398086714916e-06,-0.007396622997559795,-0.00013772422213760262,9.810051681516535,0.031848263875411044,0.006492985951423167,6,-1.6522037208852036e-06,0.15596671799731154,0.00023190210598288892,0.0,0.0,nan,0,-0.07999719780124578,-4.2414145715056036e-09,-1.5875768430209753e-06,-9.511472398579493e-12,2
4.085,4.0,6.161548970646703e-05,2.2132315768090258e-06,19.62024148291637,0.06827672202719186,0.006959824840753504,4,-2.1860611111521044e-06,-0.007397087247401889,-5.3749234203128655e-05,9.810238501340605,0.04310278962220543,0.008787307182453368,6,-1.6582514497168188e-06,0.15596736144367923,3.558075551523649e-05,0.0,0.0,nan,0,-0.079997191732262,-3.634621163985149e-09,-7.538033720296362e-07,-9.508422393886242e-12,2
4.09,4.0,6.193666787536247e-05,0.00010832822755446706,19.620159493268805,0.0547099792765743,0.005576914835513335,4,-2.1860641532915615e-06,-0.007397092595209546,4.453444321542559e-05,9.810157120300978,0.03823568223296796,0.007795121273612155,6,-1.6590747748956858e-06,0.1559669658371776,-0.00016881788328229876,0.0,0.0,nan,0,-0.07999719090594223,1.206928252504805e-09,2.451879014559359e-07,-9.502294850968731e-12,2
4.095,4.0,6.26466379369117e-05,0.000161499882005915,19.620162767366544,0.024638841416126954,0.0025115837934951064,4,-2.1860601930080714e-06,-0.007396598783699456,0.00013611496234466563,9.81016181525398,0.019072129167183014,0.003888239465638059,6,-1.6556616115118161e-06,0.15596568227963853,-0.0003135700222641816,0.0,0.0,nan,0,-0.07999719432311342,3.209198916040022e-10,1.055211818851533e-06,-9.505715226062995e-12,2
4.1,4.0,6.345575910383432e-05,0.0001511138887617674,19.62003922091143,0.02193761296404781,0.002236245576988069,4,-2.186054800453613e-06,-0.00739581764614416,0.0001609052460703076,9.810039247608323,0.013668447259617305,0.0027866243782765005,6,-1.6486744463875547e-06,0.15596401224512185,-0.0003279742781454595,0.0,0.0,nan,0,-0.07999720131571862,1.9936079108092843e-09,1.578979626749956e-06,-9.507814879847166e-12,2
4.105,4.0,6.401856524634655e-05,7.176190711214176e-05,19.619875472619313,0.062245878684646615,0.006345185908189314,4,-2.1860401333666235e-06,-0.007395137540654675,0.000104062133087934,9.809876414471898,0.04095205350251157,0.008349147689994863,6,-1.641140832606136e-06,0.1559626895578684,-0.00019177914891175274,0.0,0.0,nan,0,-0.07999720886404704,3.6528236782559377e-09,1.3299182612921862e-06,-9.509948284411286e-12,2
4.11,4.0,6.405028139833402e-05,-4.717855397507899e-05,19.619785006321713,0.06514726861352554,0.006640976809127558,4,-2.1860199537482305e-06,-0.0073948657431519935,1.1996611986135723e-05,9.809787074858889,0.04238422079481932,0.008641211164194204,6,-1.6372390115523827e-06,0.15596230626876534,1.9226867880901797e-05,0.0,0.0,nan,0,-0.07999721278609526,2.8710218452062824e-09,2.8578475488065957e-07,-9.509832821216724e-12,2
4.115,4.0,6.355489706927087e-05,-0.0001335095133354173,19.619835670944582,0.045264187094887186,0.004614124996155789,4,-2.18601656314793e-06,-0.007395089074061563,-9.145221141469931e-05,9.809836458601193,0.032846510119178614,0.006696647850918867,6,-1.6382877599599444e-06,0.15596294520872855,0.00020900668524585566,0.0,0.0,nan,0,-0.079997211740785,-2.15698614471112e-10,-5.764480642261412e-07,-9.509626763823355e-12,2
4.12,4.0,6.277820159844349e-05,-0.00016367741396344229,19.619866458936116,0.008323212502513002,0.0008484474162893284,4,-2.18602021723191e-06,-0.007395757636254342,-0.00015809015948817066,9.809867252122771,0.00784765773345665,0.0015999518712668582,6,-1.6434578071836126e-06,0.15596431069128983,0.0003058125685543108,0.0,0.0,nan,0,-0.07999720656713126,-1.7102759741219736e-09,-1.380022671566848e-06,-9.516906274151219e-12,2
4.125,4.0,6.20424744288955e-05,-0.0001227015552799522,19.620025020999876,0.04143914552858007,0.004224168469125454,4,-2.1860365230323697e-06,-0.00739655313384062,-0.0001471127918767345,9.81002426343122,0.027254909106741367,0.0055565426496118585,6,-1.6513527487244106e-06,0.15596576214111635,0.0002538593768678389,0.0,0.0,nan,0,-0.0799971986559315,-4.133656656914216e-09,-1.6258391393931353e-06,-9.511781484669549e-12,2
4.13,4.0,6.169725987998266e-05,-1.7117462767244642e-05,19.62023280963276,0.06828695735324146,0.0069608712613965775,4,-2.1860582037243337e-06,-0.00739708203736247,-6.76464693579919e-05,9.810230345044511,0.04300743723398313,0.008767875110232795,6,-1.6580316913455961e-06,0.1559665564844308,6.880899644653218e-05,0.0,0.0,nan,0,-0.07999719195535572,-4.232902662994239e-09,-9.40934411340087e-07,-9.514223975323724e-12,2
4.135,4.0,6.193513408723351e-05,9.513024625908567e-05,19.62017105940499,0.05792894300168035,0.00590503954591282,4,-2.1860650790545e-06,-0.007397163482479466,2.8063486556010277e-05,9.810168322727199,0.039396932217601426,0.008031856523058963,6,-1.6596392640386148e-06,0.15596632028075738,-0.00013914863388364112,0.0,0.0,nan,0,-0.07999719034095526,8.657770305661317e-10,1.2003097094231033e-07,-9.512278864584579e-12,2
4.14,4.0,6.260257357829559e-05,0.00015687845854703828,19.620168129415106,0.030622007247256076,0.003121482654508623,4,-2.1860604746612444e-06,-0.007396741909087432,0.00012533637980661588,9.810167112657311,0.023212946902000847,0.004732426397110188,6,-1.6568531958707777e-06,0.1559651514934641,-0.00029816970481225797,0.0,0.0,nan,0,-0.07999719313167539,3.4841275736576045e-10,9.287198060141016e-07,-9.514810173080723e-12,2
4.1450000000000005,4.0,6.341810517457437e-05,0.00015755641960770247,19.620064680091843,0.015134732334635354,0.0015427810847119497,4,-2.1860563265106714e-06,-0.0073959820077926786,0.00016219496954685453,9.810064489210662,0.009368243244362452,0.0019099249051147146,6,-1.6502788977787453e-06,0.15596349628633596,-0.00033570622100077276,0.0,0.0,nan,0,-0.07999719971016922,1.661562572029222e-09,1.5468562649713536e-06,-9.511943133141932e-12,2
4.15,4.0,6.404108180974015e-05,8.801390263980845e-05,19.619901415085323,0.0572313230811858,0.005834007202215793,4,-2.1860429355764766e-06,-0.007395259671537844,0.00011744532727378174,9.809902268395973,0.03802066281378237,0.007751486563993908,6,-1.6425605137704302e-06,0.1559620711993819,-0.000221414027142804,0.0,0.0,nan,0,-0.07999720744199171,3.4206876114425554e-09,1.4246304768389848e-06,-9.513189247464773e-12,2
4.155,4.0,6.416500972260185e-05,-2.944398244346428e-05,19.619772568312705,0.06682688875966818,0.006812198105455946,4,-2.1860222421850317e-06,-0.007394917122855065,2.70221470607125e-05,9.809774521364655,0.042975946716955794,0.008761862288141018,6,-1.6378546352571743e-06,0.15596152494889529,-1.3532927229825373e-05,0.0,0.0,nan,0,-0.07999721216861119,3.6351013808485636e-09,4.5323284409109017e-07,-9.514859911072227e-12,2
4.16,4.0,6.373770328899967e-05,-0.0001235422868576718,19.619842733764273,0.049482179970505476,0.005044095474358759,4,-2.1860163514214603e-06,-0.0073950606602545335,-7.606777792939636e-05,9.809843817091254,0.03555367784335785,0.007248571640134424,6,-1.638237832703171e-06,0.1559620160190105,0.00018365533679232226,0.0,0.0,nan,0,-0.07999721179135208,-2.0715729748409142e-10,-4.515664993556925e-07,-9.516347609925225e-12,2
4.165,4.0,6.298580013494469e-05,-0.000163331454502939,19.619850553023753,0.014079802485575681,0.0014352609310172085,4,-2.1860189142706987e-06,-0.0073956766769847455,-0.00015256903820245823,9.80985140880625,0.011710666043612549,0.002387531789339836,6,-1.642793989738156e-06,0.15596330416535,0.0002999457993307104,0.0,0.0,nan,0,-0.07999720723267978,-1.2621050684017273e-09,-1.2775611908589328e-06,-9.515937271495323e-12,2
4.17,4.0,6.221983289769796e-05,-0.0001337110342980791,19.61999856449656,0.03454114304112015,0.0035210138194020266,4,-2.1860333273247823e-06,-0.007396479321932942,-0.0001545866810299725,9.809998121987707,0.022453261545880544,0.004577628102813755,6,-1.6504991249208234e-06,0.1559647930041638,0.00027234305657624687,0.0,0.0,nan,0,-0.07999719951317912,-3.967912596659947e-09,-1.6449006475339302e-06,-9.521437760448526e-12,2
4.175,4.0,6.179371970391345e-05,-3.6411825633086266e-05,19.62020971235624,0.06744608214629944,0.00687516424493912,4,-2.1860549062509282e-06,-0.007397069075139666,-8.116218324966752e-05,9.810207776506445,0.04263163063932189,0.008691279860843809,6,-1.6577007487805773e-06,0.15596572909736578,0.00010161938475487988,0.0,0.0,nan,0,-0.07999719229002392,-4.491612825620369e-09,-1.1202798542420783e-06,-9.514217758074783e-12,2
4.18,4.0,6.19439150480666e-05,8.047134179976445e-05,19.620186456771105,0.06073668145553422,0.006191244062777338,4,-2.1860657382945237e-06,-0.00739722420178914,1.2221849645521572e-05,9.810183408173836,0.04046979061938873,0.008250567585855599,6,-1.660133581951606e-06,0.1559656542556457,-0.00010864778094929836,0.0,0.0,nan,0,-0.07999718984640627,3.1512975789817247e-10,-1.3259980272750053e-08,-9.518830956786704e-12,2
4.1850000000000005,4.0,6.256246346124988e-05,0.0001508767836091273,19.620169609886425,0.03618618515414171,0.0036886720016842075,4,-2.186060791584815e-06,-0.007396878437439651,0.0001130839212591342,9.810168560078834,0.027037473534373448,0.005512132308184555,6,-1.6579702083116543e-06,0.1559646101700307,-0.0002799152597476493,0.0,0.0,nan,0,-0.0799971920147742,4.947356684866932e-10,7.992422621835754e-07,-9.519221755291372e-12,2
4.19,4.0,6.33761391355876e-05,0.00016225324904100755,19.620089525051654,0.008898800179503952,0.0009071110677799543,4,-2.186057598014407e-06,-0.007396148447428114,0.00016165333187896788,9.810089131608004,0.006031937157188617,0.0012297415601972013,6,-1.6518751069991011e-06,0.15596298673166567,-0.0003398611011696164,0.0,0.0,nan,0,-0.0799971981131167,1.3144911097925514e-09,1.496244497824307e-06,-9.520733434961703e-12,2
4.195,4.0,6.405178976114697e-05,0.00010287698912873174,19.619928257281572,0.051560198968423135,0.005255900866945069,4,-2.1860455536350243e-06,-0.007395392886437567,0.00012969835584537522,9.809929044928925,0.0341278662397301,0.00695782122040361,6,-1.644064070965845e-06,0.15596147574754354,-0.0002485298305934995,0.0,0.0,nan,0,-0.07999720593624471,3.165161010675003e-09,1.500287481061392e-06,-9.518003174499546e-12,2
4.2,4.0,6.426640051814857e-05,-1.096053744202104e-05,19.619766599884578,0.0679476599586332,0.006926449365512118,4,-2.1860251212015014e-06,-0.007394980114083811,4.185091854035675e-05,9.809768274860573,0.043323764333764066,0.008832780371538354,6,-1.6386093086712128e-06,0.15596076859209992,-4.684483208603808e-05,0.0,0.0,nan,0,-0.07999721141148702,4.244923080652622e-09,6.313647068411546e-07,-9.516692223152066e-12,2
4.205,4.0,6.391313665721127e-05,-0.00011242577885157775,19.619842267587188,0.05306752223339402,0.005409576846707256,4,-2.186016175614175e-06,-0.007395043460708372,-5.96313218049745e-05,9.809843700342318,0.0377076864085302,0.007687724200379335,6,-1.6382828308542097e-06,0.1559611054304257,0.00015610268430069305,0.0,0.0,nan,0,-0.07999721174695804,2.1349020383435478e-11,-3.301913463634274e-07,-9.51691604411383e-12,2
4.21,4.0,6.319331881865795e-05,-0.00016125953090305226,19.6198386055068,0.020467553013374346,0.0020864140042038486,4,-2.1860179584519412e-06,-0.007395598469662288,-0.00014501733367267632,9.809839478447978,0.016049361730726533,0.0032720946690283077,6,-1.6421997565962965e-06,0.15596230048523166,0.0002903224828526132,0.0,0.0,nan,0,-0.07999720782829704,-8.659814518266884e-10,-1.1610729831382327e-06,-9.516191290523354e-12,2
4.215,4.0,6.240587841765227e-05,-0.0001431194182547533,19.619972821630842,0.027483189234787975,0.002801552222792889,4,-2.1860302601081627e-06,-0.007396397538144328,-0.00015982932830797787,9.809972713781208,0.017584627658742004,0.0035850512884788833,6,-1.6496127383178183e-06,0.15596380722230133,0.00028699439947765375,0.0,0.0,nan,0,-0.07999720040306124,-3.720182975842964e-09,-1.6420155757826502e-06,-9.51616908606286e-12,2
4.22,4.0,6.190548951788883e-05,-5.5224789981562843e-05,19.620169678380176,0.06544723044906706,0.006671423491427249,4,-2.186051442150394e-06,-0.007397043251798347,-9.458277206736082e-05,9.810167955142328,0.04188184121035205,0.008538455488603186,6,-1.6572056571531601e-06,0.15596487355321492,0.00013385324960190178,0.0,0.0,nan,0,-0.07999719278900796,-4.423080081696104e-09,-1.2787752269332694e-06,-9.522784238932788e-12,2
4.225,4.0,6.196444295827734e-05,6.449143978440285e-05,19.620203384759268,0.06317680343304619,0.006439974366638946,4,-2.1860659015215944e-06,-0.007397270902882091,-3.3351689069155888e-06,9.810200077394377,0.041416352416280416,0.008443528590556686,6,-1.660502782059592e-06,0.1559649624793913,-7.711054868536715e-05,0.0,0.0,nan,0,-0.07999718947747128,-4.4524785541986876e-10,-1.6053334666283746e-07,-9.52469737524882e-12,2
4.23,4.0,6.252696628625006e-05,0.00014341871265721035,19.62016618645434,0.04129625259615705,0.004209572151806519,4,-2.1860612450484707e-06,-0.007397004015533415,9.931588680880564e-05,9.810165053915266,0.030450471034308233,0.006207942652739641,6,-1.6589729754865057e-06,0.15596405329742083,-0.00025868884263378195,0.0,0.0,nan,0,-0.07999719101198194,7.706075529342472e-10,6.677896977872925e-07,-9.520418131622703e-12,2
4.235,4.0,6.33302195034563e-05,0.0001650918676834887,19.620112911669153,0.005746074779863256,0.0005857331000827983,4,-2.18605860668325e-06,-0.007396313524823399,0.0001590873233352928,9.810112353066785,0.0057030350458852335,0.0011626849603006597,6,-1.6534228482953384e-06,0.15596247978237304,-0.00034013339954270166,0.0,0.0,nan,0,-0.0799971965647951,9.770632676805591e-10,1.4253047698666214e-06,-9.520000687765448e-12,2
4.24,4.0,6.405051164674981e-05,0.00011638127692177693,19.61995431763188,0.045321261385450576,0.0046199150774496635,4,-2.1860479876706362e-06,-0.007395535109403603,0.0001401374030828416,9.809955018202585,0.02985031062359936,0.00608571814411207,6,-1.6456216679686109e-06,0.15596090130386261,-0.0002724728538831064,0.0,0.0,nan,0,-0.07999720437664204,2.9239524286780594e-09,1.5544398465109813e-06,-9.52221402838734e-12,2
4.245,4.0,6.435303544525899e-05,8.048914472106973e-06,19.619769815167608,0.06840945075806104,0.006973522258673516,4,-2.1860284400813945e-06,-0.0073950550594957185,5.61701892848625e-05,9.80977108623068,0.043421166901248656,0.008852636115473895,6,-1.6395006179129035e-06,0.15596003895938212,-8.017324298991184e-05,0.0,0.0,nan,0,-0.07999721051728731,4.6091540122902425e-09,8.124869056153518e-07,-9.523937094521555e-12,2
4.25,4.0,6.407959636767731e-05,-0.0001000967645750326,19.619833678777216,0.05635187846775134,0.0057443788148629615,4,-2.1860161882082674e-06,-0.007395040424221996,-4.2888371594492454e-05,9.809835364489558,0.03902724783555432,0.007956758984320642,6,-1.6384279086095743e-06,0.15596021799258508,0.00012703103158200301,0.0,0.0,nan,0,-0.07999721160229609,4.4585207886606217e-10,-2.0889685008535922e-07,-9.523591593116292e-12,2
4.255,4.0,6.339898952552389e-05,-0.00015753641454009456,19.61983093918453,0.026738928363962636,0.002725704257783375,4,-2.1860172958430846e-06,-0.007395528523487707,-0.0001357486070231271,9.809831795923373,0.0203435755242749,0.0041475890611557655,6,-1.6417116713574043e-06,0.1559613069282653,0.0002773309516219286,0.0,0.0,nan,0,-0.07999720831747334,-5.514026994460778e-10,-1.037498626955745e-06,-9.523843835787485e-12,2
4.26,4.0,6.259915816462257e-05,-0.0001508112659440806,19.619946848020138,0.020497158392168972,0.0020894203792644174,4,-2.1860274035598315e-06,-0.007396314693777357,-0.00016300097767050565,9.809947048619222,0.012890847344656477,0.0026281176199561447,6,-1.6487530322753519e-06,0.15596281315966143,0.0002978582083247025,0.0,0.0,nan,0,-0.07999720126605231,-3.371638180151058e-09,-1.620616226150794e-06,-9.530814260025292e-12,2
4.265,4.0,6.203203830360118e-05,-7.306966567122843e-05,19.620126528644832,0.06212487158999685,0.006332769719838074,4,-2.18604804228667e-06,-0.007397009833044377,-0.00010771707302926381,9.81012473777364,0.04065295507008942,0.008287958850014666,6,-1.6566199293258088e-06,0.15596399564870833,0.00016483273806389362,0.0,0.0,nan,0,-0.07999719337856416,-4.335530709499757e-09,-1.4066652101688105e-06,-9.522154520433215e-12,2
4.2700000000000005,4.0,6.199805779279892e-05,4.749242911207639e-05,19.62022031050151,0.0652769581873393,0.006654049460637353,4,-2.1860654901909027e-06,-0.007397307854442967,-1.8433820866894438e-05,9.810216851513955,0.04219334395073217,0.008601918711760323,6,-1.6607829913736771e-06,0.15596424788070984,-4.501257422810332e-05,0.0,0.0,nan,0,-0.07999718919810184,-1.3576349803826482e-09,-3.1951490852473087e-07,-9.52626412198117e-12,2
4.275,4.0,6.249844634680827e-05,0.00013473907380161728,19.620158717691105,0.0458408186090702,0.00467282851975468,4,-2.186061922357374e-06,-0.007397120623287217,8.445624240545189e-05,9.81015732141225,0.03344388417892778,0.006818215668352457,6,-1.6598953742827383e-06,0.15596348049126546,-0.00023514924753364718,0.0,0.0,nan,0,-0.07999719008933437,1.1033401766099692e-09,5.403821881390556e-07,-9.522943222869911e-12,2
4.28,4.0,6.32837121508671e-05,0.00016616022539275524,19.620132906159824,0.009412364848038842,0.0009594598459711544,4,-2.186059353589259e-06,-0.0073964778903710905,0.00015469971699544886,9.810132210154249,0.00866663999852968,0.0017668752699497839,6,-1.6549317239031303e-06,0.15596197272298395,-0.00033681383905724506,0.0,0.0,nan,0,-0.07999719505560116,6.922808655759458e-10,1.336987689963088e-06,-9.528729705274256e-12,2
4.285,4.0,6.404036856232846e-05,0.00012838123643186717,19.619979167678675,0.03873036960711508,0.00394805410098684,4,-2.1860502360387946e-06,-0.007395686456557813,0.00014872689788905687,9.809979724615385,0.025236599467085907,0.005145086977858223,6,-1.6472348009569093e-06,0.15596034486337118,-0.00029306199633001275,0.0,0.0,nan,0,-0.07999720276168928,2.6904769488397384e-09,1.58907666472723e-06,-9.526401789636222e-12,2
4.29,4.0,6.442591039823192e-05,2.7121181795420013e-05,19.6197872223713,0.06800929876896031,0.0069327254162484765,4,-2.186032002093191e-06,-0.0073951416426863625,7.040890400083805e-05,9.809788072825217,0.043219562952358424,0.008811518175827666,6,-1.6405475131153757e-06,0.15595933473844908,-0.00011348391314501461,0.0,0.0,nan,0,-0.07999720946725872,4.5944286473628264e-09,9.90578752368677e-07,-9.527552868868156e-12,2
4.295,4.0,6.423712619876138e-05,-8.629149180813807e-05,19.619820499516177,0.059417772115002467,0.006056912917879927,4,-2.1860165832637835e-06,-0.007395050033244082,-2.6384164288617795e-05,9.80982238678426,0.040157087277654255,0.00818711811372929,6,-1.6386723806424697e-06,0.15595935214416487,9.672186340975345e-05,0.0,0.0,nan,0,-0.07999721135785764,1.0389741298951885e-09,-7.80187541041357e-08,-9.52757063243655e-12,2
4.3,4.0,6.360226335033803e-05,-0.0001522929415737656,19.619827150678802,0.032699506544345926,0.0033333123980365544,4,-2.1860168638240807e-06,-0.007395464933364708,-0.0001246510754432975,9.809827967401691,0.02444214382366044,0.004983195200748129,6,-1.641313880092199e-06,0.15596032213826577,0.0002609902589888188,0.0,0.0,nan,0,-0.07999720871612528,-3.2543291611651783e-10,-9.064731137822903e-07,-9.52741164849942e-12,2
4.305,4.0,6.27986959062122e-05,-0.00015682094018410484,19.619920968204937,0.013700479700715475,0.0013965886736157385,4,-2.1860248085904532e-06,-0.0073962281847820156,-0.00016399711351687573,9.809921424761738,0.008705890288157325,0.0017749153966070167,6,-1.647899083925819e-06,0.15596180918843242,0.0003048643303372841,0.0,0.0,nan,0,-0.0799972021230243,-2.9401813552168855e-09,-1.5780965764216715e-06,-9.523037369782396e-12,2
4.3100000000000005,4.0,6.217246477742694e-05,-8.942538001902778e-05,19.620096864438295,0.05683295134187881,0.005793340546130467,4,-2.1860446642041342e-06,-0.007396964690183581,-0.00012085398161604218,9.810095392228455,0.03782355668709635,0.007711149621859973,6,-1.6559238050425917e-06,0.15596309215644127,0.00019432567293761052,0.0,0.0,nan,0,-0.0799971940784952,-4.368987271465052e-09,-1.5027582539549156e-06,-9.529829270157844e-12,2
4.315,4.0,6.204480826556947e-05,2.9439991329065715e-05,19.62023458164196,0.06692593063603035,0.0068221335843406125,4,-2.1860643234471178e-06,-0.007397332048841917,-3.3242322538721213e-05,9.810231150920997,0.04274372425093503,0.008714111541994031,6,-1.6609259014116473e-06,0.1559635074032633,-1.2151322818429226e-05,0.0,0.0,nan,0,-0.07999718905678724,-2.353392990651949e-09,-4.927570271194383e-07,-9.526405342349902e-12,2
4.32,4.0,6.247608410082365e-05,0.00012471977661098887,19.620152137055648,0.04981220749177162,0.005077657618943094,4,-2.186062853067744e-06,-0.007397224844657825,6.856092303822672e-05,9.810150250481714,0.035946776074899274,0.007328486344668199,6,-1.6607124425152553e-06,0.15596288915506915,-0.00020923431900662974,0.0,0.0,nan,0,-0.07999718927176416,1.3265610201970247e-09,4.179187896282032e-07,-9.5335738303753e-12,2
4.325,4.0,6.323543904124703e-05,0.00016541562403639596,19.6201488265782,0.015557690763024224,0.0015858891693980614,4,-2.1860599005441017e-06,-0.007396638055100274,0.0001484390459378691,9.810147997348373,0.012831103597910407,0.0026158837973450717,6,-1.6563674955297203e-06,0.15596146324256976,-0.00032980825465937286,0.0,0.0,nan,0,-0.07999719361971133,4.754138896431271e-10,1.2331501568684685e-06,-9.530623301665056e-12,2
4.33,4.0,6.401994138607037e-05,0.0001388937540423504,19.620003681795502,0.03187160506003583,0.003248888795021789,4,-2.1860523188310665e-06,-0.0073958436629587045,0.0001552664902310036,9.810004042142783,0.020458988625530028,0.004171045911426802,6,-1.648870486696541e-06,0.1559598045802553,-0.0003101137942837569,0.0,0.0,nan,0,-0.07999720112434953,2.4449444851456604e-09,1.60469468851614e-06,-9.530619748951376e-12,2
4.335,4.0,6.448333961988908e-05,4.606583914454036e-05,19.619818755543108,0.06664105150369587,0.006793238238744489,4,-2.1860355235922557e-06,-0.007395238957294984,8.42905643310187e-05,9.809819414126931,0.042692029929878604,0.008703937988582875,6,-1.6417252772446544e-06,0.15595865670870304,-0.00014630991881150335,0.0,0.0,nan,0,-0.07999720828640189,4.26839058326046e-09,1.1543264327970488e-06,-9.530330202786555e-12,2
4.34,4.0,6.438352189023071e-05,-7.102412998046758e-05,19.619805202270143,0.061992390375160404,0.00631936859067158,4,-2.1860174285563694e-06,-0.0073950725650622695,-1.0440296913014698e-05,9.80980723993554,0.04117668733014937,0.008395004371241844,6,-1.6390166642094028e-06,0.15595851036671868,6.55109462311997e-05,0.0,0.0,nan,0,-0.07999721101315761,1.7463220994259438e-09,6.221193643190024e-08,-9.530300892898705e-12,2
4.345,4.0,6.380128565810048e-05,-0.0001455593307483227,19.61982702511139,0.03821316168018531,0.003895361730893584,4,-2.1860165921143426e-06,-0.007395410647920128,-0.00011201370668463629,9.809827770185425,0.028184231824224873,0.005746121641377631,6,-1.6410207122966036e-06,0.15595935091850072,0.00024161959144597728,0.0,0.0,nan,0,-0.07999720900999363,-2.1221969776085318e-10,-7.736136403318598e-07,-9.530916400543559e-12,2
4.3500000000000005,4.0,6.300286715009597e-05,-0.00016094850444397471,19.61989648112417,0.007895116259723242,0.0008048071270221985,4,-2.186022568746726e-06,-0.007396141711467358,-0.00016301469130209934,9.809897134628653,0.005916268159139878,0.0012061835262789093,6,-1.6470848129765403e-06,0.15596080063342138,0.0003080097844375198,0.0,0.0,nan,0,-0.07999720293996396,-2.45194415876703e-09,-1.5157747489860754e-06,-9.530163225243653e-12,2
4.355,4.0,6.232580228849806e-05,-0.00010412252978531878,19.620066428556882,0.05088203084376912,0.005186733799199645,4,-2.1860412782216676e-06,-0.007396909971410234,-0.0001329705246523826,9.810065233638142,0.033763141851184945,0.006883367449058973,6,-1.6551604425860122e-06,0.15596216619126468,0.00022113967781051824,0.0,0.0,nan,0,-0.07999719484567255,-4.317262811194591e-09,-1.5757037909283727e-06,-9.53481639198446e-12,2
4.36,4.0,6.21063555932594e-05,1.0685650019805555e-05,19.620242718261903,0.06800872626075372,0.006932506109871245,4,-2.186062393026017e-06,-0.007397345159780753,-4.7620824889702234e-05,9.810239527575279,0.04304657777249125,0.00877584643096492,6,-1.6609387599106351e-06,0.1559627410595427,2.0981832926222925e-05,0.0,0.0,nan,0,-0.07999718904628808,-3.3022724225687445e-09,-6.761956503281257e-07,-9.531125122472185e-12,2
4.365,4.0,6.246265832278192e-05,0.00011364432226486437,19.620156948716623,0.05323326300148747,0.005426385032559031,4,-2.186063919908804e-06,-0.0073973168445030275,5.187009507080468e-05,9.810154714891205,0.037720881236022186,0.007690170508476127,6,-1.6614389602501167e-06,0.15596227667492116,-0.0001814677245941745,0.0,0.0,nan,0,-0.07999718854460852,1.2881632063795976e-09,2.9957896208736624e-07,-9.536128231510356e-12,2
4.37,4.0,6.318931908070772e-05,0.00016305075370459185,19.62016055142953,0.0219041989857056,0.002232825661980595,4,-2.1860602760041814e-06,-0.0073967935449089075,0.00014022864961057174,9.81015962309038,0.017190541712359543,0.003504640571168241,6,-1.6577246755786201e-06,0.15596094694812815,-0.00031923267588703706,0.0,0.0,nan,0,-0.07999719226258475,3.4466125425759184e-10,1.1169638714962247e-06,-9.53750401988247e-12,2
4.375,4.0,6.399288150732619e-05,0.00014776118648623086,19.620028407793846,0.024941258056273927,0.0025424283327098833,4,-2.186054199656423e-06,-0.007396006373816699,0.00015962759756239423,9.810028528651372,0.01569704642066065,0.0032002040309700493,6,-1.6505230453073283e-06,0.15595927644834184,-0.00032334202193227426,0.0,0.0,nan,0,-0.07999719947033904,2.161911403729353e-09,1.6004918807121412e-06,-9.532317057911422e-12,2
4.38,4.0,6.452705549453498e-05,6.418325250516794e-05,19.619859753578503,0.06394217045664313,0.006518106781571728,4,-2.1860387598368614e-06,-0.007395347803344027,9.805068383547772e-05,9.809860667016748,0.0416550808045708,0.008492491834185944,6,-1.6430386217888837e-06,0.15595800393778797,-0.00017818713953508288,0.0,0.0,nan,0,-0.07999720697025003,3.832848611882942e-09,1.2910284306883356e-06,-9.532030176281858e-12,2
4.385,4.0,6.45183897000444e-05,-5.4676181018606005e-05,19.619789580816004,0.06427041005864946,0.0065515901476835715,4,-2.1860188637728983e-06,-0.007395107932678877,5.208984885364515e-06,9.80979169143364,0.042056236289181315,0.00857433829627733,6,-1.6394795519444894e-06,0.15595769296699677,3.351402762793852e-05,0.0,0.0,nan,0,-0.07999721054926362,2.535327916551542e-09,2.153733693763159e-07,-9.533041811501898e-12,2
4.39,4.0,6.399518336078722e-05,-0.00013745441133919972,19.619831039498347,0.043254601224512544,0.00440927356993371,4,-2.186016395937934e-06,-0.007395366815284041,-9.806953148653794e-05,9.809831781708896,0.03153145843685163,0.006428542127632443,6,-1.6408345725749118e-06,0.15595839529019406,0.00021957080900955028,0.0,0.0,nan,0,-0.07999720919675848,-2.0271084183597595e-10,-6.403619753150948e-07,-9.534247069617429e-12,2
4.3950000000000005,4.0,6.321010838073725e-05,-0.00016326748246970027,19.619874083656445,0.006662938409186362,0.0006792029735539086,4,-2.1860206896977263e-06,-0.0073960569369506375,-0.00016014941806340516,9.809874858572481,0.006571874143305969,0.0013398487214264624,6,-1.6463245625514267e-06,0.15595979072126698,0.0003074638014090772,0.0,0.0,nan,0,-0.07999720370252245,-1.9445657306064093e-09,-1.4351247027598149e-06,-9.538743028777951e-12,2
4.4,4.0,6.249017549792505e-05,-0.00011743805813587693,19.620037631971563,0.044420037645440544,0.004528027772286887,4,-2.186037921760725e-06,-0.007396847015330627,-0.00014331790315962308,9.810036726489807,0.029349249056801256,0.005983514613671156,6,-1.65435075877296e-06,0.15596122096712953,0.00024480289686803916,0.0,0.0,nan,0,-0.07999719565914185,-4.231793869936874e-09,-1.6261306491605726e-06,-9.53560864713483e-12,2
4.405,4.0,6.218200219331204e-05,-8.629016709900128e-06,19.6202405059526,0.06839948765528975,0.006972339369085508,4,-2.1860597476212884e-06,-0.007397348278879016,-6.166826638065524e-05,9.810237763360009,0.04308303971300185,0.008783281456013538,6,-1.6608194788464425e-06,0.15596195063875584,5.4344253361877045e-05,0.0,0.0,nan,0,-0.07999718916864357,-4.053024171336895e-09,-8.655074007835714e-07,-9.531546119043123e-12,2
4.41,4.0,6.245711131115263e-05,0.0001011317873555535,19.620166283340787,0.05654120150107911,0.005763580255595231,4,-2.1860649372859586e-06,-0.007397397120584813,3.510837821191489e-05,9.810163672900353,0.03889491778481642,0.007929514548724594,6,-1.662086301652821e-06,0.1559616446062906,-0.00015219316059613628,0.0,0.0,nan,0,-0.07999718789667878,1.0548401752615945e-09,1.7666128898345995e-07,-9.536594525180695e-12,2
4.415,4.0,6.314400542596427e-05,0.00015909021952778744,19.62016810445563,0.028086439118606067,0.002863017173866904,4,-2.1860605794801757e-06,-0.007396943416218819,0.00013029126529974036,9.810167097054782,0.02146221896314904,0.004375505279536462,6,-1.6590060012214303e-06,0.1559604242429301,-0.00030533444515495314,0.0,0.0,nan,0,-0.07999719098138472,3.146722172261522e-10,9.922498148472905e-07,-9.537240230891816e-12,2
4.42,4.0,6.39580021351396e-05,0.00015503255568083128,19.620054456656614,0.018055937355463153,0.0018405593516930537,4,-2.186055875191134e-06,-0.00739617267782479,0.00016197624506423085,9.8100543565202,0.011179800907417305,0.002279253610860313,6,-1.652181835336275e-06,0.15595875974312068,-0.0003329617263697042,0.0,0.0,nan,0,-0.07999719781030257,1.834631482343318e-09,1.5781240537366295e-06,-9.537631917574903e-12,2
4.425,4.0,6.45561992576119e-05,8.12648358937977e-05,19.61988854836407,0.05955729794219523,0.006071114807342897,4,-2.186041702208902e-06,-0.007395467279041235,0.00011167269742027807,9.809889456499917,0.03963016614554963,0.008079635621029582,6,-1.6444579721691666e-06,0.15595737638268195,-0.00020889042423583148,0.0,0.0,nan,0,-0.07999720554838641,3.583442424624727e-09,1.3989218942473299e-06,-9.537362799513734e-12,2
4.43,4.0,6.464049988407809e-05,-3.719868967640662e-05,19.619775489851374,0.06616950072542485,0.00674518429221089,4,-2.186020900338259e-06,-0.007395155158065603,2.0572651079779407e-05,9.809777552895248,0.04275234080895761,0.008716271205627844,6,-1.6400610052466624e-06,0.1559569001967207,6.731823795732917e-07,0.0,0.0,nan,0,-0.0799972099662029,3.333743914755947e-09,3.810833109298313e-07,-9.53767277378221e-12,2
4.4350000000000005,4.0,6.418308358528411e-05,-0.00012798641325790754,19.619838501921862,0.04773634989855202,0.004866130767985272,4,-2.1860161872923334e-06,-0.00739533322830743,-8.285183489187463e-05,9.809839447647933,0.034452893429942136,0.007024150316385203,6,-1.6407479829574911e-06,0.15595745591907564,0.00019488542664075715,0.0,0.0,nan,0,-0.0799972092839859,-2.329141208249249e-10,-5.103717323489791e-07,-9.542415646543406e-12,2
4.44,4.0,6.341962327673629e-05,-0.0001636875483764683,19.61985585856138,0.011431992285406704,0.0011653492632993229,4,-2.18601921908243e-06,-0.0073959731583561,-0.000155244019514124,9.809856703882273,0.009938567841391313,0.0020262411860630138,6,-1.6456192703448447e-06,0.1559587795454208,0.00030297878109030693,0.0,0.0,nan,0,-0.07999720440971445,-1.4668855054536987e-09,-1.3358205284317963e-06,-9.538880696433002e-12,2
4.445,4.0,6.26656497872019e-05,-0.00012915980897491877,19.6200102214534,0.037561926163494026,0.003828940529543877,4,-2.1860346355352667e-06,-0.007396774235542701,-0.0001516500069237662,9.810009629459286,0.024563108970949186,0.005007764497434662,6,-1.6534868606463138e-06,0.15596025483225837,0.0002648570638090093,0.0,0.0,nan,0,-0.07999719652675538,-4.0876908497536795e-09,-1.6530131874733063e-06,-9.542335710485635e-12,2
4.45,4.0,6.227382714927246e-05,-2.8047960288099616e-05,19.620223605792592,0.067930986240187,0.006924588384418956,4,-2.186056528508812e-06,-0.0073973384119278085,-7.542933234864677e-05,9.810221425191614,0.042824606012791505,0.008730609464700244,6,-1.6605322493284946e-06,0.15596113106761644,8.752457525786943e-05,0.0,0.0,nan,0,-0.07999718945952142,-4.466937586879207e-09,-1.0518249975646872e-06,-9.544670731551026e-12,2
4.455,4.0,6.246272535972019e-05,8.704375802060478e-05,19.620180609127356,0.05959191144899566,0.006074552791962919,4,-2.1860657327121835e-06,-0.007397462416916029,1.8896402061902858e-05,9.810177663972574,0.0400177730628184,0.00815841963999935,6,-1.6626183017912077e-06,0.15596098641090275,-0.0001218928427509261,0.0,0.0,nan,0,-0.07999718736431245,5.818966260492488e-10,4.5603901713753684e-08,-9.536876077739739e-12,2
4.46,4.0,6.310338192325835e-05,0.00015365423784583464,19.620170972737935,0.03384510817851414,0.0034500319314792554,4,-2.18606086125131e-06,-0.007397083892061438,0.00011851192059979514,9.810169921793918,0.025443399953383065,0.005187147655181574,6,-1.6601713648256577e-06,0.15595988746616674,-0.0002881188064005855,0.0,0.0,nan,0,-0.0799971898161686,4.13538266795476e-10,8.612613077333856e-07,-9.541796586184877e-12,2
4.465,4.0,6.391895476700787e-05,0.0001604720333642333,19.620079960254493,0.011435628831976477,0.0011657066490189925,4,-2.1860572746272566e-06,-0.007396339938647095,0.00016212563248859107,9.81007964404618,0.007254657002420766,0.0014790210203489385,6,-1.6538109080324603e-06,0.15595824817676435,-0.0003385502790901082,0.0,0.0,nan,0,-0.07999719618025972,1.4831807551559763e-09,1.5335702855480584e-06,-9.542961876271525e-12,2
4.47,4.0,6.457308373718295e-05,9.66930173061355e-05,19.619915704658574,0.05408504849154947,0.005513280414217831,4,-2.186044455718128e-06,-0.00739559755360421,0.00012459008717183453,9.809916534223976,0.03586877558283786,0.007312758565825106,6,-1.6459584011238593e-06,0.1559567718997806,-0.0002372356829970693,0.0,0.0,nan,0,-0.07999720404563324,3.3243031554705085e-09,1.4832662493288632e-06,-9.54321411894272e-12,2
4.4750000000000005,4.0,6.474910342024063e-05,-1.897945267130459e-05,19.61976593206997,0.06755121515698916,0.006886036805013219,4,-2.186023569102774e-06,-0.007395215020921833,3.5469210263942713e-05,9.80976778713791,0.043208273646893655,0.008809234751417101,6,-1.6407776455423795e-06,0.15595613358461805,-3.2442301394524984e-05,0.0,0.0,nan,0,-0.07999720924732315,4.044241579902141e-09,5.566950938000084e-07,-9.54413160725027e-12,2
4.48,4.0,6.436332520744259e-05,-0.00011731204526527255,19.61984363054499,0.05162757464139141,0.005262791652530343,4,-2.186015976794048e-06,-0.007395313052543437,-6.690774284022662e-05,9.809844988436616,0.03688121453234101,0.0075192247330747525,6,-1.6407705700285935e-06,0.1559565376318289,0.00016826727902479157,0.0,0.0,nan,0,-0.07999720926203868,-1.294946167532561e-10,-3.86649215774981e-07,-9.54218116744061e-12,2
4.485,4.0,6.362894544386241e-05,-0.0001623498184692052,19.619841828641807,0.01773826279040426,0.0018081963091577278,4,-2.186018088913555e-06,-0.007395895952369789,-0.0001486757537264189,9.809842714542649,0.014187664269609688,0.0028925365436445003,6,-1.6450082932703558e-06,0.15595777514896894,0.00029507309783824095,0.0,0.0,nan,0,-0.07999720502225105,-1.0373194684901609e-09,-1.2249909241697884e-06,-9.543815415732856e-12,2
4.49,4.0,6.284951597839534e-05,-0.0001393267741940279,19.619983940389282,0.03053986439356692,0.003113138572014649,4,-2.1860314569459305e-06,-0.007396698658749621,-0.00015799225955265267,9.80998368072801,0.019698124244344816,0.004015934151458853,6,-1.6526318601245427e-06,0.15595927752253794,0.00028136659411403874,0.0,0.0,nan,0,-0.07999719738536387,-3.877690478883189e-09,-1.6612107227532253e-06,-9.546346724229002e-12,2
4.495,4.0,6.237994657012066e-05,-4.725452890431846e-05,19.620190625523453,0.06650137282484887,0.006778871224455768,4,-2.186053060210247e-06,-0.007397321532663152,-8.890754235724888e-05,9.810188851356298,0.04226864156873444,0.008617294164095655,6,-1.6601384271106023e-06,0.15596029020375707,0.00012020966635373785,0.0,0.0,nan,0,-0.07999718985724136,-4.526859385069238e-09,-1.2241523844077167e-06,-9.548638224551828e-12,2
4.5,4.0,6.247854215078858e-05,7.154229771271921e-05,19.620197220101197,0.06216347527935531,0.006336681999879987,4,-2.1860661537469184e-06,-0.007397518731598531,3.185010843558762e-06,9.810193981113432,0.04102421292066512,0.008363588528350174,6,-1.6630836346467892e-06,0.1559603090451827,-9.067967873891164e-05,0.0,0.0,nan,0,-0.079997186898988,-9.180393417828157e-11,-9.650632834718937e-08,-9.54249735895802e-12,2
4.505,4.0,6.306609366062523e-05,0.00014680547367088804,19.620169796977166,0.03918605907928021,0.003994466865961325,4,-2.1860612411661595e-06,-0.007397218165316709,0.0001053450778679277,9.81016870304012,0.029055898246734897,0.005923628660479738,6,-1.6612712675709296e-06,0.15595934116563565,-0.00026810288699160906,0.0,0.0,nan,0,-0.07999718871631536,6.35647993850418e-10,7.285782764993483e-07,-9.551646484859353e-12,2
4.51,4.0,6.387494737718188e-05,0.00016414425790140628,19.62010450283891,0.006310535199135968,0.0006432723330523415,4,-2.1860584206445655e-06,-0.007396509515646209,0.0001604844165432542,9.810104000225902,0.005322815694546342,0.0010851700847256606,6,-1.6554351673706003e-06,0.15595774390066686,-0.0003405809751658946,0.0,0.0,nan,0,-0.07999719455528384,1.1304009382414705e-09,1.4707006094295987e-06,-9.548592927452424e-12,2
4.515,4.0,6.45775336694468e-05,0.00011088319226521762,19.61994285483482,0.04805656221296669,0.00489874639987796,4,-2.186047020225762e-06,-0.0073957393269989714,0.00013594376381552512,9.809943614605235,0.03173848547439531,0.006470676432256438,6,-1.6475452422753945e-06,0.15595619136431926,-0.0002627792220701535,0.0,0.0,nan,0,-0.07999720245665709,3.0706106369223876e-09,1.5483354511209197e-06,-9.546806800650408e-12,2
4.5200000000000005,4.0,6.484339116376966e-05,-3.861955086162174e-08,19.6197648526999,0.06830965357818927,0.006963350895491401,4,-2.1860267635821773e-06,-0.007395287435886257,5.015428372574239e-05,9.809766346381652,0.04341458197989727,0.008851297869273064,6,-1.6416470087834978e-06,0.15595539385447776,-6.60678954322447e-05,0.0,0.0,nan,0,-0.07999720837519497,4.532982206538426e-09,7.404888588615107e-07,-9.544773760247716e-12,2
4.525,4.0,6.453550543366286e-05,-0.00010547528172194834,19.619836632884365,0.054982174753934424,0.0056047535749385435,4,-2.1860158832369414e-06,-0.007395305589195383,-4.998442358050527e-05,9.809838236629268,0.03854595123777155,0.007858631367404936,6,-1.6408961413111323e-06,0.15595564013245625,0.00013950750878012055,0.0,0.0,nan,0,-0.0799972091369905,2.372576198269684e-10,-2.6408474566237333e-07,-9.543481460647054e-12,2
4.53,4.0,6.383753756172001e-05,-0.00015929115787882112,19.619832236657935,0.02412760076188003,0.0024595114240375335,4,-2.1860173077814515e-06,-0.007395822946768734,-0.00013994853136588042,9.809833118043805,0.01855487096579677,0.003782912663757287,6,-1.6444829956871465e-06,0.15595677569701447,0.0002832875274595716,0.0,0.0,nan,0,-0.0799972055487593,-6.808756988788588e-10,-1.101036655144782e-06,-9.550593105253592e-12,2
4.535,4.0,6.304187407177954e-05,-0.00014777563094197326,19.619957936195085,0.02343564281802585,0.002388959537450542,4,-2.186028461057671e-06,-0.007396616095090715,-0.00016197793814627307,9.809958014829176,0.014852891905931644,0.003028125478922405,6,-1.6517567903093222e-06,0.155958284748113,0.0002938014420427391,0.0,0.0,nan,0,-0.07999719826385915,-3.5682748613111618e-09,-1.646233302722799e-06,-9.544986034890024e-12,2
4.54,4.0,6.250199190851953e-05,-6.564741242101587e-05,19.62014534589082,0.0637320317434786,0.006496591194399734,4,-2.1860495604542063e-06,-0.00739729134842698,-0.00010221815971024469,9.810143552185993,0.04125098830459076,0.0084098643582843,6,-1.65958592329013e-06,0.15595942012307282,0.00015191347982468196,0.0,0.0,nan,0,-0.07999719041367451,-4.404029051609295e-09,-1.3671047036004187e-06,-9.547170065624065e-12,2
4.545,4.0,6.250771659135469e-05,5.486784500235015e-05,19.620214583919715,0.06442930396653454,0.006567645189705452,4,-2.186065983879326e-06,-0.00739756014194209,-1.2182363304859937e-05,9.81021113714515,0.04188036868309145,0.008538117701568445,6,-1.663410561798806e-06,0.15595960343153908,-5.86375392632204e-05,0.0,0.0,nan,0,-0.07999718657266033,-9.614862407928325e-10,-2.524124086125787e-07,-9.550997226434553e-12,2
4.55,4.0,6.303536386486975e-05,0.00013857494251800568,19.620163376614425,0.043986376537430906,0.0044837930952052055,4,-2.1860618185827463e-06,-0.0073973395491727075,9.081785482177015e-05,9.810162106948816,0.032243953355907226,0.006573582170078091,6,-1.6622429926532734e-06,0.15595877543130393,-0.0002453448201607054,0.0,0.0,nan,0,-0.0799971877444425,9.675664447969058e-10,5.9724003382049e-07,-9.549049451160149e-12,2
4.555,4.0,6.382918354249811e-05,0.00016593346709147983,19.62012654000245,0.007285633858065099,0.0007426694056443318,4,-2.1860592821533464e-06,-0.0073966757080929455,0.000156784249849806,9.810125896637873,0.007184979676027413,0.00146480886213496,6,-1.6569880839992224e-06,0.15595723801052797,-0.0003386697050165506,0.0,0.0,nan,0,-0.07999719300193533,8.10423826767779e-10,1.3876313374627137e-06,-9.550789392684342e-12,2
4.5600000000000005,4.0,6.457166347570679e-05,0.00012354770068223267,19.619968444429226,0.041554354970407326,0.004235924750654328,4,-2.1860493883210652e-06,-0.0073958885343727776,0.00014533279890296708,9.809969075410699,0.02722486566505747,0.00555044882522582,6,-1.64916738464721e-06,0.15595562859702977,-0.00028483245291334805,0.0,0.0,nan,0,-0.07999720083257625,2.83196243083673e-09,1.591021461210196e-06,-9.550746760120196e-12,2
4.565,4.0,6.492308621017785e-05,1.9126871381556957e-05,19.619775419650846,0.06830812657929927,0.006963191485961961,4,-2.186030307306519e-06,-0.0073953708288436275,6.436429360936232e-05,9.809776462214325,0.043350034223052246,0.008838128858497354,6,-1.6426512640180246e-06,0.15595467970909507,-9.94430835730393e-05,0.0,0.0,nan,0,-0.07999720736782565,4.704449868829462e-09,9.230989044308081e-07,-9.551640267610414e-12,2
4.57,4.0,6.469816753343429e-05,-9.227756192768273e-05,19.619825234797023,0.05817029016752468,0.005929746006539949,4,-2.186016084267106e-06,-0.007395311767120065,-3.33464352947636e-05,9.809827077375676,0.03969632597084169,0.008093175477556174,6,-1.64111657233873e-06,0.15595476580655088,0.00010967211338633171,0.0,0.0,nan,0,-0.07999720891678813,7.633824959371135e-10,-1.3736607219867463e-07,-9.55088353959683e-12,2
4.575,4.0,6.404335953220816e-05,-0.00015466104556281028,19.619826741662706,0.030254159194028792,0.0030840393844848873,4,-2.186016775745231e-06,-0.00739575867418896,-0.00012966732089391285,9.8098275936902,0.022761035796879072,0.004640455824426363,6,-1.6440621506061404e-06,0.15595578776229738,0.0002683765173731507,0.0,0.0,nan,0,-0.07999720597056614,-4.1274081302865724e-10,-9.72267590390552e-07,-9.5542319722391e-12,2
4.58,4.0,6.324032285617619e-05,-0.00015452087437109227,19.61993140551188,0.016524168011509598,0.0016844266852907976,4,-2.1860257124091398e-06,-0.007396533460789373,-0.00016395946211156836,9.809931760783094,0.010397635539996793,0.0021198181177086565,6,-1.6509148691654096e-06,0.15595728582642399,0.0003025285221530437,0.0,0.0,nan,0,-0.0799971991089587,-3.162678457736869e-09,-1.613418756929286e-06,-9.554029467559408e-12,2
4.585,4.0,6.263789173698742e-05,-8.282679711757019e-05,19.620110756971606,0.05920791924214174,0.006035431703269404,4,-2.1860461523470764e-06,-0.007397254037684483,-0.00011528929043726529,9.810109131452974,0.03945540587267771,0.008043826086740785,6,-1.6589566908045694e-06,0.15595852907546223,0.00018216430798024494,0.0,0.0,nan,0,-0.07999719104674487,-4.416904719252481e-09,-1.4773161771664656e-06,-9.55598346008275e-12,2
4.59,4.0,6.254971880670392e-05,3.721261898790237e-05,19.62023078118065,0.06630014833700902,0.006758345411574145,4,-2.1860651698395184e-06,-0.0073975923994465086,-2.7090890866942078e-05,9.810227270846049,0.0425388147732867,0.008672340323797226,6,-1.6636456654020582e-06,0.1559588758513522,-2.6073472940295046e-05,0.0,0.0,nan,0,-0.07999718633880054,-1.945251606851098e-09,-4.20400176141933e-07,-9.551847213182209e-12,2
4.595,4.0,6.301121107866061e-05,0.00012914071792103406,19.620155284265095,0.04821125369370225,0.004914461990254129,4,-2.186062649234266e-06,-0.007397451794666949,7.532741846942486e-05,9.810153610878478,0.034966600859267644,0.0071286551151438,6,-1.6631392148122592e-06,0.1559581939956722,-0.00022041984645052978,0.0,0.0,nan,0,-0.07999718684781951,1.2687558426635132e-09,4.71764801560126e-07,-9.551485724565393e-12,2
4.6000000000000005,4.0,6.37825549150053e-05,0.00016596953560525123,19.6201441374181,0.012896651452554102,0.001314633711376111,4,-2.186059910053856e-06,-0.007396840470744161,0.0001513415556341503,9.810143347910616,0.011021970116080982,0.0022470558737408184,6,-1.658496672767018e-06,0.15595673156945836,-0.00033326276653934336,0.0,0.0,nan,0,-0.07999719149314849,5.597526442898767e-10,1.2889536310442425e-06,-9.551381807690287e-12,2
4.605,4.0,6.455662301208541e-05,0.00013472347103982737,19.619993474095914,0.0347816266538882,0.003545528870823534,4,-2.1860515761647215e-06,-0.0073960458803645004,0.00015280480722716958,9.809993930252082,0.022490401362670817,0.004585201891576072,6,-1.6508368826106956e-06,0.1559550831527007,-0.0003034799188062041,0.0,0.0,nan,0,-0.07999719916132031,2.5883506281062595e-09,1.615152768914263e-06,-9.557756264208474e-12,2
4.61,4.0,6.498833683582248e-05,3.820157332438864e-05,19.61980164673978,0.06736094002433012,0.00686662803602028,4,-2.186033921811048e-06,-0.007395465652170173,7.849807218972263e-05,9.809802369805837,0.04296148663033943,0.008758889325349324,6,-1.6438088264666972e-06,0.15595399145257555,-0.00013265125129288764,0.0,0.0,nan,0,-0.07999720620707859,4.49186645839895e-09,1.0965788584062385e-06,-9.556161095766691e-12,2
4.615,4.0,6.485088302390013e-05,-7.755750946401895e-05,19.619810311840734,0.06094128543593159,0.006212219635900656,4,-2.1860167353539295e-06,-0.007395330397265218,-1.708524266289324e-05,9.809812326638777,0.04076635857707417,0.008311343218335005,6,-1.6414395961200645e-06,0.1559539138935492,7.869118110820976e-05,0.0,0.0,nan,0,-0.07999720859354317,1.4373443324985439e-09,8.069814427135429e-10,-9.554913205087013e-12,2
4.62,4.0,6.424581934241857e-05,-0.00014854205627696124,19.61982501777792,0.03597570005445302,0.003667280418847233,4,-2.1860164470498267e-06,-0.007395701162941528,-0.00011754441066960482,9.809825806973075,0.02668503928621041,0.00544047158660901,6,-1.6437350539230677e-06,0.1559548099651475,0.00025013493069440083,0.0,0.0,nan,0,-0.07999720629842143,-2.472684314539427e-10,-8.374320713711692e-07,-9.550672153132946e-12,2
4.625,4.0,6.344419170789757e-05,-0.00015946360640219765,19.619905931247498,0.010083141786158944,0.0010278481274571356,4,-2.1860232849064964e-06,-0.007396447228475447,-0.0001637503596486391,9.809906516634557,0.0067955042983514355,0.0013854371164145896,6,-1.6500830205753991e-06,0.15595627790073027,0.0003072624645661824,0.0,0.0,nan,0,-0.07999719994366469,-2.688602292745582e-09,-1.558118992164581e-06,-9.554135160791359e-12,2
4.63,4.0,6.27872612508586e-05,-9.817530210903294e-05,19.620080032938805,0.053478914856183536,0.005451447167024952,4,-2.1860427097362967e-06,-0.007397203703135069,-0.00012812757221050322,9.81007870707855,0.03554324526337001,0.007246271171651959,6,-1.6582192161676557e-06,0.15595761154843515,0.00021035140760483517,0.0,0.0,nan,0,-0.07999719178809206,-4.3883189419516775e-09,-1.5607325480891499e-06,-9.557726954320628e-12,2
4.635,4.0,6.260595859103668e-05,1.8647421417582887e-05,19.620242027612747,0.06763276802750548,0.006894182847726528,4,-2.1860635187644084e-06,-0.007397610911123661,-4.172268177102666e-05,9.810238670808701,0.04294560321063338,0.008755261650956997,6,-1.6637224547685903e-06,0.1559581203018456,7.123828410351699e-06,0.0,0.0,nan,0,-0.07999718626409222,-2.943225186181945e-09,-6.023445655623627e-07,-9.555010904713184e-12,2
4.64,4.0,6.299455443224653e-05,0.00011843289930635547,19.62015516322121,0.05181093091108863,0.0052813986923212885,4,-2.186063692927176e-06,-0.007397550201290319,5.885776346866335e-05,9.81015305205429,0.03712151757622548,0.007567979292321452,6,-1.6639205533339196e-06,0.15595759123910696,-0.0001932420599440677,0.0,0.0,nan,0,-0.07999718606586725,1.3344880845352979e-09,3.511617622173225e-07,-9.554787083751422e-12,2
4.6450000000000005,4.0,6.37357327253128e-05,0.00016423241443643056,19.620157820513352,0.019279376995877305,0.0019652621729393275,4,-2.186060356054731e-06,-0.00739699965895526,0.00014389106993969376,9.810156916408054,0.015385954843726322,0.0031367398044352224,6,-1.659915253811317e-06,0.1559562197615886,-0.0003240748467719209,0.0,0.0,nan,0,-0.07999719007455146,3.854209405503926e-10,1.175663054080167e-06,-9.560365732405561e-12,2
4.65,4.0,6.453250522249284e-05,0.00014430385719475033,19.620018388304352,0.02782750161538416,0.002836643785407699,4,-2.186053581265668e-06,-0.007396208178574201,0.00015808146545296308,9.81001861355502,0.017679087569622547,0.0036042923598930627,6,-1.6525171546641348e-06,0.15595455175199402,-0.00031833665026782614,0.0,0.0,nan,0,-0.07999719747947318,2.3179126565339236e-09,1.6189049538237077e-06,-9.55749958064519e-12,2
4.655,4.0,6.503837028096142e-05,5.683929318747001e-05,19.619840716259127,0.06530518352090675,0.006657055423165368,4,-2.1860373657610344e-06,-0.007395571414280005,9.22276011987249e-05,9.809841491149566,0.04220330808590622,0.008604279309504038,6,-1.6450950951207854e-06,0.15595332936609888,-0.0001650181872317426,0.0,0.0,nan,0,-0.07999720491779602,4.053940924340868e-09,1.2485170658137922e-06,-9.558195024347815e-12,2
4.66,4.0,6.499173949722936e-05,-6.15943444642777e-05,19.61979434279511,0.06336868344313913,0.006459668469094808,4,-2.1860178985519396e-06,-0.0073953624384851145,-1.3480457198406344e-06,9.80979647466118,0.04171040504781367,0.008503826793053686,6,-1.6418722626684867e-06,0.15595308726471913,4.6991132113465375e-05,0.0,0.0,nan,0,-0.07999720816014347,2.2065882952490085e-09,1.4891578228952707e-07,-9.558165714459967e-12,2
4.665,4.0,6.44432825687132e-05,-0.00014097102106450305,19.619827422842036,0.04122513348413081,0.00420239511751619,4,-2.1860162228992674e-06,-0.007395654989475166,-0.00010413017762407747,9.809828166541543,0.03019091729185872,0.006155238762454804,6,-1.6435229499775494e-06,0.155953848516443,0.00022914997539749788,0.0,0.0,nan,0,-0.07999720651117961,-2.022881959177143e-10,-7.033965714720702e-07,-9.559273272949332e-12,2
4.67,4.0,6.365176915196027e-05,-0.00016251084035519525,19.619882301111865,0.006246998337573608,0.0006368028351749683,4,-2.1860212368919607e-06,-0.007396363809262601,-0.00016168885603404373,9.809883041908583,0.005828178160540882,0.0011882258199496266,6,-1.6493145976390067e-06,0.15595526909362642,0.0003082485078805597,0.0,0.0,nan,0,-0.07999720071456579,-2.1789242125605997e-09,-1.4846792525469832e-06,-9.561341840488815e-12,2
4.675,4.0,6.294869572331279e-05,-0.00011207078892723688,19.620050093285908,0.047201937397304945,0.004811602128728276,4,-2.186039305473314e-06,-0.007397146416947011,-0.00013926853753629375,9.81004904589183,0.03126636436141072,0.006374354341175121,6,-1.6574445977982077e-06,0.15595667501889254,0.00023538817273942818,0.0,0.0,nan,0,-0.07999719256654483,-4.3145833509853264e-09,-1.621313474321995e-06,-9.563053360303579e-12,2
4.68,4.0,6.26771323132668e-05,-4.7131797389125275e-07,19.620245062597302,0.06833908073210057,0.006966180138328398,4,-2.18606114580841e-06,-0.007397620457381792,-5.587721573914215e-05,9.810242071478639,0.0430975881976379,0.008786243577604616,6,-1.6636849957604727e-06,0.1559573408670644,4.0397414774427653e-05,0.0,0.0,nan,0,-0.07999718630435435,-3.811245664787956e-09,-7.913357034821766e-07,-9.557705638038567e-12,2
4.6850000000000005,4.0,6.298716374863652e-05,0.00010662115452236776,19.62016266680503,0.05516980098130641,0.005623786297617921,4,-2.1860647581826986e-06,-0.007397637635768854,4.197396927985442e-05,9.810160191947599,0.0384065662423262,0.007829957001895071,6,-1.6646305365658476e-06,0.15595696825851701,-0.0001645462079536792,0.0,0.0,nan,0,-0.07999718535524897,1.1927057955149018e-09,2.3004722915247478e-07,-9.559800850930641e-12,2
4.69,4.0,6.369170267884908e-05,0.00016095669501346813,19.62016705501221,0.025545914864981197,0.0026040466213517978,4,-2.1860606721317566e-06,-0.0073971544278728235,0.00013462730703491004,9.810166067070048,0.01971192696026212,0.004018673450682855,6,-1.6612633792975617e-06,0.15595570075636567,-0.00031153505141202345,0.0,0.0,nan,0,-0.0799971887265401,3.115323954902087e-10,1.052711804047468e-06,-9.55847568872845e-12,2
4.695,4.0,6.450253122935125e-05,0.0001522344839454309,19.62004427715115,0.020915705837029012,0.0021320752941813436,4,-2.186055367378592e-06,-0.007396375673587253,0.00016126024596849146,9.810044268173367,0.013005538865849505,0.002651474042383937,6,-1.654214943726251e-06,0.1559540314183784,-0.00032944574448793917,0.0,0.0,nan,0,-0.07999719578032823,1.999686158936318e-09,1.603604947933923e-06,-9.558433056164304e-12,2
4.7,4.0,6.507516949777059e-05,7.436213096042313e-05,19.619876226422026,0.0616295559185778,0.00628235929802467,4,-2.1860404520630816e-06,-0.007395688881696247,0.00010598895087027686,9.80987719424469,0.04070651020428812,0.00829908660389144,6,-1.6465120353456597e-06,0.15595269223324182,-0.0001963020616145147,0.0,0.0,nan,0,-0.07999720349819972,3.7290276360665375e-09,1.368445391114625e-06,-9.559408276069135e-12,2
4.705,4.0,6.512082849710444e-05,-4.457805786623602e-05,19.61977918816883,0.06543464108643182,0.00667027293822862,4,-2.1860197109077606e-06,-0.007395406820845983,1.4195881657356103e-05,9.809781328426634,0.042486770717416654,0.008662123913873419,6,-1.6424317444765912e-06,0.155952284758589,1.4431231214085297e-05,0.0,0.0,nan,0,-0.07999720759927956,3.0230973751529474e-09,3.1167548607962076e-07,-9.55972357940813e-12,2
4.71,4.0,6.463533946574247e-05,-0.00013205695415099272,19.619833838816476,0.045955699843259624,0.004684616620181509,4,-2.1860160291480024e-06,-0.007395618784223912,-8.938025541743209e-05,9.80983468330318,0.0333096814786602,0.006791079065859268,6,-1.6434141456231344e-06,0.155952902456369,0.00020548629936852292,0.0,0.0,nan,0,-0.079997206620608,-2.321534404173738e-10,-5.696226084442427e-07,-9.566140668490462e-12,2
4.715,4.0,6.386201438537219e-05,-0.00016373228354592988,19.619861705003306,0.009095162790395347,0.0009271383180112803,4,-2.1860195705859786e-06,-0.007396281082928206,-0.00015762428562158555,9.809862531380947,0.008376268208604005,0.0017077238711162381,6,-1.6485960575088332e-06,0.15595425832569837,0.00030540569376543087,0.0,0.0,nan,0,-0.07999720143520249,-1.6762187397559776e-09,-1.3919138796872457e-06,-9.561674019217788e-12,2
4.72,4.0,6.312104761108378e-05,-0.00012450521539131672,19.620021960503387,0.04047144379892571,0.0041255248215723555,4,-2.1860359405920238e-06,-0.007397079307320961,-0.00014850397457232776,9.810021225326722,0.026602095885031284,0.005423453277828214,6,-1.656612339674679e-06,0.1559557177625841,0.0002570583493609013,0.0,0.0,nan,0,-0.07999719340259812,-4.19726723416424e-09,-1.6585127668589774e-06,-9.557546654101439e-12,2
4.7250000000000005,4.0,6.276324737014623e-05,-1.9970997106635933e-05,19.620234765012036,0.06824786633813838,0.006956885802390298,4,-2.1860580988533607e-06,-0.007397617940403143,-6.97813007817276e-05,9.810232318948195,0.04296721059494382,0.00875967239062297,6,-1.6634867091927519e-06,0.15595653444179994,7.380149208598206e-05,0.0,0.0,nan,0,-0.07999718650611815,-4.386219734033073e-09,-9.822738886249962e-07,-9.566583869521887e-12,2
4.73,4.0,6.298869326512116e-05,9.311780176666587e-05,19.6201751680036,0.05837129448065726,0.005950129800660356,4,-2.1860656778394105e-06,-0.007397711288885807,2.548491858314282e-05,9.810172328343548,0.039558303076034834,0.008064751923214028,6,-1.665238210678266e-06,0.1559563225904543,-0.00013455349135033654,0.0,0.0,nan,0,-0.0799971847470855,8.138693959310961e-10,1.0168771196654698e-07,-9.564771097367278e-12,2
4.735,4.0,6.364941420514863e-05,0.00015608205089086673,19.62017190763936,0.031523706401138094,0.0032133975736332813,4,-2.1860609561302757e-06,-0.007397301242745651,0.00012359894474717293,9.8101708566546,0.023849222498057498,0.004862142127092454,6,-1.6625120544608296e-06,0.15595517206961482,-0.0002956317318349839,0.0,0.0,nan,0,-0.07999718747801127,3.5124648439655784e-10,9.223867990854504e-07,-9.56501001736218e-12,2
4.74,4.0,6.446543096084855e-05,0.00015846858015423811,19.62007043676978,0.014097124664905984,0.001437010607106354,4,-2.186056915258472e-06,-0.00739654486889546,0.0001623493796654867,9.810070202813348,0.008763095449403688,0.0017865510171151666,6,-1.6558972690747242e-06,0.15595351992542367,-0.0003367686612132958,0.0,0.0,nan,0,-0.07999719409688533,1.6517422425906891e-09,1.5680419985592441e-06,-9.565077518922076e-12,2
4.745,4.0,6.509762583611568e-05,9.053430780625786e-05,19.61990326313818,0.05643955975379039,0.0057532964354446,4,-2.1860433318983408e-06,-0.0073958164788585174,0.00011943988054627266,9.809904138938103,0.037494110301234916,0.007644133881474107,6,-1.6480153003997633e-06,0.1559520795871002,-0.000225924854940514,0.0,0.0,nan,0,-0.0799972019924852,3.484200513047217e-09,1.463925756770279e-06,-9.5695645962984e-12,2
4.75,4.0,6.523627494970285e-05,-2.6551447022206483e-05,19.61976699600412,0.06705659099637375,0.006835615429075268,4,-2.18602213128416e-06,-0.007395463138754974,2.931735283901611e-05,9.809769000731354,0.04305184796697296,0.008777341844392725,6,-1.6431135986885725e-06,0.15595150784464587,-1.871653759644134e-05,0.0,0.0,nan,0,-0.07999720691543535,3.798451595980698e-09,4.853026492287914e-07,-9.566666470114918e-12,2
4.755,4.0,6.48203450587526e-05,-0.00012183932285159096,19.619840895750936,0.05009177984415565,0.005106237110720303,4,-2.186015799359592e-06,-0.00739559434859452,-7.362244187122107e-05,9.809842085374989,0.035943104200902846,0.007327967950572549,6,-1.643407894325044e-06,0.15595197523131318,0.00017951116775319652,0.0,0.0,nan,0,-0.07999720662751948,-2.0676550866049185e-10,-4.421719387631252e-07,-9.570405701261857e-12,2
4.76,4.0,6.407321687459918e-05,-0.00016307877823106394,19.619846036180064,0.015090110570499674,0.0015382496419872702,4,-2.186018299026732e-06,-0.007396201947448953,-0.0001516764153198446,9.809846923299581,0.012394379589105846,0.002526926196914997,6,-1.647952748144721e-06,0.15595325020546263,0.0002988046313915508,0.0,0.0,nan,0,-0.07999720208021383,-1.2225310256922443e-09,-1.2837924656279978e-06,-9.569059222777591e-12,2
4.765,4.0,6.330332768434472e-05,-0.00013531404898763574,19.619994909437644,0.033471443617791995,0.0034119727117453537,4,-2.186032680259048e-06,-0.007397005419384888,-0.00015565357076471434,9.809994499964912,0.021732126045554793,0.004430609221163687,6,-1.6557546264964196e-06,0.15595474381387375,0.00027501709240427066,0.0,0.0,nan,0,-0.07999719426400209,-4.012235439833414e-09,-1.673878220720249e-06,-9.566016323511698e-12,2
4.7700000000000005,4.0,6.28651662294313e-05,-3.93283634539796e-05,19.620208148884206,0.06723178824464109,0.006853320590124783,4,-2.1860546501398237e-06,-0.007397604650736093,-8.338190912475748e-05,9.81020621870666,0.04253024962014886,0.00867061276225769,6,-1.6631422743093593e-06,0.15595570145413884,0.00010675978004210916,0.0,0.0,nan,0,-0.07999718685443225,-4.5870224027481e-09,-1.1635629412614758e-06,-9.569432257713864e-12,2
4.775,4.0,6.300180404970431e-05,7.815799895590792e-05,19.620191264632926,0.06111598613388231,0.006229907273539082,4,-2.186066274428161e-06,-0.007397772059424091,9.569019345992205e-06,9.810188110249674,0.04061411006950259,0.008279985992739327,6,-1.665745269233132e-06,0.15595565247263962,-0.00010367747602355626,0.0,0.0,nan,0,-0.07999718423986088,2.134800052829942e-10,-3.658839103943832e-08,-9.572044390446203e-12,2
4.78,4.0,6.361233802544153e-05,0.00014982109778455006,19.620172240970103,0.03703051051890332,0.0037747385766142873,4,-2.1860612802251933e-06,-0.0073974392940202175,0.0001109140383912028,9.810171157682552,0.027627017942556148,0.005632321291544612,6,-1.663657857191303e-06,0.15595462942106716,-0.00027668555908006885,0.0,0.0,nan,0,-0.07999718633231495,5.275039809945576e-10,7.885555895869478e-07,-9.570246717324727e-12,2
4.785,4.0,6.442502087180314e-05,0.00016286134136664338,19.62009570623183,0.008024700521914804,0.0008180082953791056,4,-2.186058176503053e-06,-0.0073967150512229355,0.0001613914174186508,9.81009526792036,0.00569668694242227,0.0011613927870916404,6,-1.6575522177875168e-06,0.15595301274340476,-0.000340203146871915,0.0,0.0,nan,0,-0.07999719244110592,1.288745638260101e-09,1.5112505129712292e-06,-9.57038172044452e-12,2
4.79,4.0,6.51087322503385e-05,0.00010524121636924692,19.619931142004177,0.05061951872621367,0.005160009824687171,4,-2.1860460150367744e-06,-0.007395955207223776,0.00013143380656176462,9.809931950009359,0.0335048730360816,0.00683080641268865,6,-1.649598230082927e-06,0.15595148943618237,-0.0002526253761989853,0.0,0.0,nan,0,-0.07999720040730296,3.218548269733011e-09,1.5372398350638638e-06,-9.569777759119123e-12,2
4.795,4.0,6.533805835252521e-05,-7.897406417934003e-06,19.619761750991877,0.06808836206749505,0.006940793974121815,4,-2.1860251659920615e-06,-0.007395531874408833,4.409886186337561e-05,9.809763449064477,0.04336257212119653,0.008840696790773659,6,-1.6439417370728293e-06,0.15595075702559466,-5.2151773890401106e-05,0.0,0.0,nan,0,-0.07999720608469287,4.408035148505084e-09,6.682439811715344e-07,-9.572833092882894e-12,2
4.8,4.0,6.49973910994314e-05,-0.0001104683943045643,19.619838753755225,0.05361151521933577,0.005465031175047202,4,-2.1860156276358456e-06,-0.007395582989525611,-5.710381458775928e-05,9.809840277263406,0.038031511371488746,0.007753747318319881,6,-1.6435074856116505e-06,0.1559510690564681,0.00015162192527151365,0.0,0.0,nan,0,-0.07999720652853054,5.999046154138032e-11,-3.19092605733773e-07,-9.574509973739285e-12,2
4.805,4.0,6.428368612010628e-05,-0.00016073335994554321,19.61983424747731,0.021529498445587936,0.002194666700444339,4,-2.186017358116188e-06,-0.007396128699908699,-0.00014389416700281952,9.809835149676548,0.016773983499285584,0.0034198298428773618,6,-1.6474013756692663e-06,0.15595224872050817,0.00028867727815274773,0.0,0.0,nan,0,-0.07999720263295784,-8.251853013688705e-10,-1.16428308479295e-06,-9.572145642786045e-12,2
4.8100000000000005,4.0,6.349360449760885e-05,-0.00014452283435475373,19.61996862626427,0.02636988161884864,0.0026880656255024384,4,-2.1860295568373878e-06,-0.007396927609987193,-0.0001607025568606179,9.809968563490791,0.01685253921595572,0.00343579882175665,6,-1.6548977737826376e-06,0.15595375796106095,0.0002892751772450013,0.0,0.0,nan,0,-0.07999719512440887,-3.744599206657918e-09,-1.6694222594793696e-06,-9.568993497574528e-12,2
4.815,4.0,6.298165398826548e-05,-5.820751710812952e-05,19.620166077269538,0.06509289552224905,0.006635305253369983,4,-2.186051095160596e-06,-0.007397582375535834,-9.677392107457743e-05,9.810164316847752,0.041756812324092195,0.008512968993267523,6,-1.6626738544162079e-06,0.15595484492614486,0.00013903125903852814,0.0,0.0,nan,0,-0.07999718732683778,-4.498460681236261e-09,-1.3227414855723875e-06,-9.572359693785193e-12,2
4.82,4.0,6.302600054708616e-05,6.191599353237435e-05,19.620208721311805,0.06353300794513768,0.006476282576558632,4,-2.186066380135271e-06,-0.007397822162074846,-5.981027133625874e-06,9.810205311501784,0.041540851107200856,0.008468905550528509,6,-1.6661603604306574e-06,0.1559549606153251,-7.188511071235396e-05,0.0,0.0,nan,0,-0.07999718382509464,-5.848259787014539e-10,-1.8783262389805426e-07,-9.571873860189618e-12,2
4.825,4.0,6.35792490878064e-05,0.00014212790712111296,19.62016796624412,0.04209894626661065,0.0042913950929513505,4,-2.1860617600566457e-06,-0.007397568780466718,9.693608248752272e-05,9.810166786304643,0.03100671355886882,0.006321342793509962,6,-1.6647186517268486e-06,0.15595407423455052,-0.0002550140990899512,0.0,0.0,nan,0,-0.07999718527147129,8.232947026883926e-10,6.545091916142943e-07,-9.572079917582987e-12,2
4.83,4.0,6.438029738159274e-05,0.00016545301596097517,19.620119306346545,0.005938648294378374,0.0006053631174869963,4,-2.186059178965055e-06,-0.007396885228420469,0.00015861576345076484,9.810118705280782,0.00603814122551204,0.0012310026834357695,6,-1.6591777467767077e-06,0.1559525098837589,-0.0003400188540613587,0.0,0.0,nan,0,-0.07999719081500523,9.448895790783558e-10,1.4359195087136235e-06,-9.575993231700186e-12,2
4.835,4.0,6.510776458489995e-05,0.00011862886599180147,19.619957704924666,0.04426650020717745,0.004512395069645479,4,-2.1860485109256866e-06,-0.007396103387735648,0.0001417756318130477,9.809958405221348,0.029137725568159533,0.005940438147556464,6,-1.6512456477088544e-06,0.15595092082559328,-0.0002763545376223054,0.0,0.0,nan,0,-0.07999719875782021,2.9736200373705716e-09,1.5906334090544539e-06,-9.573064019272018e-12,2
4.84,4.0,6.542512954682939e-05,1.1334733434793168e-05,19.619767087601502,0.06841926623953742,0.0069745237987839555,4,-2.1860286325142697e-06,-0.007395612034250105,5.8622133731442494e-05,9.809768352894288,0.04341462359035019,0.008851304542281281,6,-1.6449149972189159e-06,0.15595003235704252,-8.590687214732276e-05,0.0,0.0,nan,0,-0.07999720510839697,4.7287819234228644e-09,8.553351787227601e-07,-9.571475068079175e-12,2
4.845,4.0,6.516591245240463e-05,-9.782312879505802e-05,19.619829341436223,0.05690055004130783,0.005800310395273047,4,-2.186015688403209e-06,-0.007395584114721682,-4.004971746903093e-05,9.80983112722395,0.0392405170546641,0.008000243132782376,6,-1.6437004899602647e-06,0.15595018390467943,0.00012192287612072258,0.0,0.0,nan,0,-0.0799972063358962,5.198346571518954e-10,-1.9223911125527713e-07,-9.577696757909177e-12,2
4.8500000000000005,4.0,6.449282678587485e-05,-0.00015670869522213282,19.619827084432377,0.027811727921809058,0.0028350635102056183,4,-2.186016730475887e-06,-0.007396060404616762,-0.00013408741143814535,9.809827965704207,0.02108599511007835,0.004298953087413225,6,-1.6469367105850785e-06,0.1559512535304861,0.0002748461713557669,0.0,0.0,nan,0,-0.07999720309868139,-5.169034506550163e-10,-1.0344259843522834e-06,-9.578539639229471e-12,2
4.855,4.0,6.369179354588305e-05,-0.00015197969692851452,19.619941847955005,0.019317745013845113,0.0019691949307034883,4,-2.186026661177981e-06,-0.007396844019625214,-0.0001634495334807694,9.809942094504747,0.012142997735151663,0.002475651256280876,6,-1.6540298697839684e-06,0.15595275842915388,0.0002994793299446088,0.0,0.0,nan,0,-0.07999719599563937,-3.3687940747554225e-09,-1.6426238511203068e-06,-9.579534399059536e-12,2
4.86,4.0,6.311384596557507e-05,-7.59831823319819e-05,19.62012403540612,0.06138575081708873,0.006257427395088137,4,-2.186047597215607e-06,-0.007397547198615711,-0.00011003066189429635,9.810122256164075,0.04034629293230892,0.008225441412202137,6,-1.6620611881720815e-06,0.15595395980631818,0.00017006397860545627,0.0,0.0,nan,0,-0.07999718794343282,-4.43692788104776e-09,-1.4470619421736554e-06,-9.575863557650917e-12,2
4.865,4.0,6.306421278558028e-05,4.45786238109957e-05,19.620225873078315,0.06558328891354252,0.006685273588366986,4,-2.186065813640503e-06,-0.007397857823653189,-2.117215183303446e-05,9.81022233301149,0.04228851849508673,0.008621317042486483,6,-1.6664329233403996e-06,0.15595424031530333,-3.935630275367508e-05,0.0,0.0,nan,0,-0.07999718355352911,-1.5472204468195308e-09,-3.531563509947102e-07,-9.57407920720574e-12,2
4.87,4.0,6.355363599700179e-05,0.00013314827807580428,19.620159457452978,0.04655734285968152,0.004745867938600886,4,-2.1860624926511862e-06,-0.007397685191296097,8.16614637229735e-05,9.81015795772191,0.03392678889953731,0.006916665163955364,6,-1.665652720146682e-06,0.15595349851067677,-0.00023075953772836122,0.0,0.0,nan,0,-0.07999718433710118,1.1655482366465074e-09,5.246111499658699e-07,-9.57830871284035e-12,2
4.875,4.0,6.433504936467824e-05,0.00016617160847286238,19.620138875316396,0.010423448458041532,0.001062525451453864,4,-2.1860598943546083e-06,-0.0073970517938351,0.00015375083085400248,9.810138129960599,0.009347421193344772,0.0019056655613843665,6,-1.660725721226719e-06,0.1559520039509643,-0.0003358722004106747,0.0,0.0,nan,0,-0.07999718926674629,6.587351606953782e-10,1.3406840378894946e-06,-9.577723403261767e-12,2
4.88,4.0,6.509743425910507e-05,0.0001304138416358668,19.619983360006945,0.03755380303458657,0.003828117725230658,4,-2.1860508099651177e-06,-0.007396259098158567,0.00014999397004374245,9.809983900421344,0.024433124528911422,0.004981277192078166,6,-1.6529259509803773e-06,0.15595036912168372,-0.0002963575379173537,0.0,0.0,nan,0,-0.07999719707564878,2.726532095263756e-09,1.621383228605544e-06,-9.579036130966085e-12,2
4.885,4.0,6.549751082349218e-05,3.053631194174612e-05,19.61978675038592,0.06788831079900148,0.0069203923225787485,4,-2.186032320113107e-06,-0.007395703944779995,7.272444316313092e-05,9.80978758933067,0.04316510568825295,0.008800415971330557,6,-1.6460354449673864e-06,0.15594933414320541,-0.00011921044649227778,0.0,0.0,nan,0,-0.07999720398469257,4.675323118928608e-09,1.0358439391586094e-06,-9.583359783513182e-12,2
4.89,4.0,6.53242048672746e-05,-8.368525870878085e-05,19.619815202471337,0.059885258143293235,0.006104569031389247,4,-2.1860161343763285e-06,-0.007395599661358822,-2.3674421932345322e-05,9.809817186618098,0.04034958321204109,0.008226368023877818,6,-1.6440005313339556e-06,0.15594932341737938,9.141002410631646e-05,0.0,0.0,nan,0,-0.07999720603583982,1.147243916808881e-09,-5.872519236478359e-08,-9.577008419633907e-12,2
4.8950000000000005,4.0,6.469833841476963e-05,-0.00015116368091172992,19.619823795222814,0.03373447252163968,0.0034388150346032777,4,-2.1860163169594438e-06,-0.007396002317155625,-0.00012279444899891166,9.809824634012092,0.02515320036202144,0.005128165140651267,6,-1.646587734847882e-06,0.15595027219144186,0.00025800850822822285,0.0,0.0,nan,0,-0.07999720344850161,-3.028446559652965e-10,-9.012730262137448e-07,-9.577960546899824e-12,2
4.9,4.0,6.389514056660601e-05,-0.0001576958878474923,19.619915559141187,0.0125759910274954,0.001281961789242877,4,-2.1860240578368273e-06,-0.007396761939607961,-0.00016422852778407395,9.809916061551169,0.008094189594892741,0.0016502056784393866,6,-1.6532104925789937e-06,0.1559517552637298,0.00030597482880591364,0.0,0.0,nan,0,-0.07999719681805091,-2.9165708159154437e-09,-1.5974017846456914e-06,-9.583645776964324e-12,2
4.905,4.0,6.325918779134374e-05,-9.214640426185086e-05,19.62009354718574,0.0559109449299497,0.0056993555912957855,4,-2.186044134662446e-06,-0.007397505643471091,-0.00012320219258917339,9.810092083693299,0.03721108408118769,0.007586286400520407,6,-1.6613924065309038e-06,0.15595305517252991,0.0001993990448831099,0.0,0.0,nan,0,-0.07999718861610804,-4.452472220196948e-09,-1.5426627118636075e-06,-9.577925907941453e-12,2
4.91,4.0,6.311539042951873e-05,2.6299899392951113e-05,19.620240041669973,0.06716952074953665,0.006846962178534033,4,-2.186064525296072e-06,-0.0073978853612087295,-3.5925980654820395e-05,9.810236552550728,0.042806913556809226,0.00872698906443375,6,-1.666614232502528e-06,0.1559534989399654,-6.3234358468084465e-06,0.0,0.0,nan,0,-0.07999718337393932,-2.568605556642392e-09,-5.309412950989638e-07,-9.586300542260806e-12,2
4.915,4.0,6.353450201973383e-05,0.00012294246471537487,19.6201539221687,0.05043003829006346,0.005140636356892475,4,-2.18606347239525e-06,-0.007397792902775045,6.55430187885523e-05,9.810151922796816,0.03633414918347255,0.007407459021921834,6,-1.6665230988185953e-06,0.15595290762245184,-0.00020443496575263154,0.0,0.0,nan,0,-0.07999718346617382,1.3597587376609293e-09,4.012008443653899e-07,-9.582092352908267e-12,2
4.92,4.0,6.428885997872738e-05,0.00016515584565951626,19.620154420012636,0.01670544694434858,0.0017028863878164953,4,-2.1860604148375706e-06,-0.00739721699758485,0.00014715160075262575,9.810153544723576,0.013623951523037216,0.0027775205476503278,6,-1.6622315932648957e-06,0.1559514976119873,-0.0003282568938003554,0.0,0.0,nan,0,-0.07999718776078485,4.439696779642371e-10,1.231903500602249e-06,-9.578928661377294e-12,2
4.925,4.0,6.507773963900918e-05,0.00014069677942798927,19.620008632009025,0.03063656576839014,0.0031229920784446724,4,-2.186052929002702e-06,-0.007396422864256949,0.00015624726004022935,9.810008959643064,0.019623819997055123,0.0040007751425680926,6,-1.6546543775072808e-06,0.15594983485185804,-0.0003128934519952521,0.0,0.0,nan,0,-0.07999719534553434,2.4652859070258908e-09,1.6339314271035956e-06,-9.579524629096913e-12,2
4.93,4.0,6.555487483870035e-05,4.947496649297652e-05,19.619821931695387,0.06628500895841916,0.006756942972182351,4,-2.186035904468142e-06,-0.007395808027038957,8.67569549438731e-05,9.809822660072989,0.04256181838765194,0.008677387932991495,6,-1.6473138713460345e-06,0.1559486631324736,-0.00015218129910216937,0.0,0.0,nan,0,-0.07999720270311295,4.299141702244999e-09,1.2001574694241894e-06,-9.583517879271884e-12,2
4.9350000000000005,4.0,6.547159438594546e-05,-6.811594322575665e-05,19.619799291725407,0.062426763319638805,0.0063636495349845,4,-2.186017097057652e-06,-0.0073956283226775,-7.59590960191603e-06,9.809801421191377,0.041348604566331784,0.008430059445853715,6,-1.6444160382544926e-06,0.15594848696177246,5.9762510029523635e-05,0.0,0.0,nan,0,-0.07999720561980136,1.893595204248374e-09,8.79367962981927e-08,-9.581451088089242e-12,2
4.94,4.0,6.489974475619246e-05,-0.00014415042052130997,19.619824442129946,0.03919529861012679,0.003995479034558753,4,-2.186016064369828e-06,-0.007395952474414917,-0.00010968612246742464,9.809825210233107,0.028851680564847545,0.005882200741915554,6,-1.6463442931505257e-06,0.1559493032165215,0.00023788723506027026,0.0,0.0,nan,0,-0.07999720369262708,-2.0967656672176501e-10,-7.63709302062333e-07,-9.582912141589651e-12,2
4.945,4.0,6.410323795959149e-05,-0.00016151469425653686,19.619890744859084,0.0071527519724752945,0.000729132701653754,4,-2.186021825514861e-06,-0.0073966775232622425,-0.00016280160210736135,9.809891440976156,0.005747469606086006,0.0011717702771059596,6,-1.6524169020107338e-06,0.1559507450257217,0.00030836702330547185,0.0,0.0,nan,0,-0.07999719761430499,-2.4080454296707613e-09,-1.5291433595335367e-06,-9.585486082649941e-12,2
4.95,4.0,6.341755738468175e-05,-0.00010671026286618185,19.62006239036136,0.04980597194002737,0.005077045215156429,4,-2.18604065721148e-06,-0.00739745107314729,-0.00013503124809524015,9.81006120625596,0.03305187618404936,0.006738362888698777,6,-1.6606277639941158e-06,0.15595212450991225,0.00022579227277600943,0.0,0.0,nan,0,-0.07999718938465922,-4.388356648678308e-09,-1.6124191826126358e-06,-9.581895177299094e-12,2
4.955,4.0,6.318178117779825e-05,7.279711024185963e-06,19.620246828223443,0.06813747184980294,0.006945628405835157,4,-2.1860623834989157e-06,-0.00739789881529235,-5.033096405838057e-05,9.81024362890262,0.04306044028959043,0.008778668893140874,6,-1.6666275662949315e-06,0.1559527282821692,2.7102049720893234e-05,0.0,0.0,nan,0,-0.07999718336317857,-3.5178167809305425e-09,-7.199859556335632e-07,-9.586635385525033e-12,2
4.96,4.0,6.352416844882608e-05,0.00011154823140717598,19.62016010351508,0.053823957700824,0.005486597195624422,4,-2.1860645608197393e-06,-0.007397885539365561,4.8617566507303604e-05,9.810157756117393,0.03793739828983817,0.007734309525487756,6,-1.6672743740689389e-06,0.1559522928730507,-0.00017611496635175868,0.0,0.0,nan,0,-0.07999718271424139,1.2800135147913518e-09,2.8010037497521043e-07,-9.585368843098541e-12,2
4.965,4.0,6.424416013386506e-05,0.00016244403766228188,19.620165508829487,0.023082120773396542,0.002352897661643996,4,-2.1860607729434767e-06,-0.007397374905719528,0.00013852174853495595,9.810164537751847,0.0180120553790578,0.003672120953678835,6,-1.6636309064441135e-06,0.15595098250197334,-0.00031691491975956556,0.0,0.0,nan,0,-0.0799971863615448,3.246619134075269e-10,1.1103694627145207e-06,-9.585827143163108e-12,2
4.97,4.0,6.505045948758846e-05,0.00014929773463222745,19.620034337287755,0.02365073675087356,0.0024108761834249677,4,-2.1860548365705557e-06,-0.007396589930960776,0.00016023852421051017,9.810034417577402,0.014845205075442536,0.0030265347589083333,6,-1.6563763177157576e-06,0.15594931148228897,-0.0003254853575303651,0.0,0.0,nan,0,-0.07999719362211782,2.161067588045358e-09,1.6254847379403736e-06,-9.585766747030565e-12,2
4.9750000000000005,4.0,6.559760714482009e-05,6.760405544610601e-05,19.61986401612497,0.06336853055086822,0.0064596299443041546,4,-2.1860391986351646e-06,-0.007395922374290682,0.0001004143376764763,9.809865035720824,0.04146372362485965,0.008453474838619513,6,-1.6487081755528488e-06,0.15594801703256414,-0.00018396745693416086,0.0,0.0,nan,0,-0.07999720130594587,3.868708565112018e-09,1.3356269571921808e-06,-9.59250890941451e-12,2
4.98,4.0,6.560657294013904e-05,-5.146228494519506e-05,19.61978321053817,0.06466360896734709,0.006591674155972834,4,-2.186018631167297e-06,-0.007395669736663745,7.967259966905154e-06,9.809785404802401,0.04219841366449618,0.008603330638372141,6,-1.6449434171936228e-06,0.15594767568391874,2.754599604902041e-05,0.0,0.0,nan,0,-0.07999720509131966,2.711273923648678e-09,2.4519532375515293e-07,-9.588080451813887e-12,2
4.985,4.0,6.509535283709385e-05,-0.00013573326445298333,19.61982948856008,0.04414439805634853,0.004499977747725915,4,-2.186015860008994e-06,-0.007395914400560892,-9.550667275252077e-05,9.80983028188611,0.03212742915997162,0.006550047908432226,6,-1.6462133316172411e-06,0.15594835182287023,0.00021529094315903748,0.0,0.0,nan,0,-0.07999720382422434,-2.229533179757209e-10,-6.290670093605633e-07,-9.589745786350825e-12,2
4.99,4.0,6.431395584971771e-05,-0.00016344990985925147,19.619868496041725,0.007274670350154001,0.0007415615809679512,4,-2.1860199873359465e-06,-0.007396596896015086,-0.0001596016112955183,9.809869302708636,0.007078293275363297,0.001443096346535195,6,-1.6516947455788578e-06,0.1559497359704375,0.00030710256199330824,0.0,0.0,nan,0,-0.07999719833873101,-1.8926641195974254e-09,-1.4439584479014178e-06,-9.589704041965098e-12,2
4.995,4.0,6.358706211724444e-05,-0.00011974221307106735,19.62003355215016,0.043227659580192646,0.00440648171832054,4,-2.186037240659716e-06,-0.007397390622427975,-0.0001451210260614269,9.810032676344823,0.028533042723735517,0.0058171147161493065,6,-1.6598381736218637e-06,0.15595117684588297,0.000248914314856924,0.0,0.0,nan,0,-0.07999719017809759,-4.292256343187188e-09,-1.6599657001686429e-06,-9.590883542906461e-12,2
5.0,4.0,6.3263076709472e-05,-1.213452509819708e-05,19.620243018942908,0.0684058302243848,0.006972985009241781,4,-2.186059572622384e-06,-0.007397903920521271,-6.428701958694954e-05,9.810240307406053,0.043051016736007267,0.00877675069865653,6,-1.666525286471432e-06,0.1559519343848586,6.047265529733373e-05,0.0,0.0,nan,0,-0.07999718346870072,-4.248234644900533e-09,-9.127126453048589e-07,-9.588456151285421e-12,2
5.005,4.0,6.352322139019533e-05,9.877157093190476e-05,19.620170230068624,0.05711141364743524,0.0058217041929544446,4,-2.186065575393581e-06,-0.007397967382459379,3.1925981220634004e-05,9.810167495810287,0.03910031135823502,0.007971385070628799,6,-1.6679573272490589e-06,0.155951657957765,-0.00014664640665003857,0.0,0.0,nan,0,-0.0799971820307051,1.0080202166847864e-09,1.547320267178293e-07,-9.587649685280332e-12,2
5.01,4.0,6.42024873128043e-05,0.00015823652044207414,19.620171981762027,0.029191640851820005,0.0029756763476849394,4,-2.186061051578231e-06,-0.007397527799919846,0.000128183860891199,9.810170941412768,0.022242453440801904,0.004534570003649449,6,-1.6649579531041736e-06,0.1559504593651263,-0.0003023692009443723,0.0,0.0,nan,0,-0.079997185034651,3.187659496902763e-10,9.81377347210865e-07,-9.586310312223428e-12,2
5.015,4.0,6.501762832196743e-05,0.00015623724075130294,19.62006092204723,0.016774593349342014,0.0017099430441107613,4,-2.1860565031991963e-06,-0.0073967613111290765,0.00016216887129537978,9.810060773427587,0.010388748965840668,0.0021179785132382804,6,-1.6581089923514702e-06,0.15594879799132425,-0.00033435489676569374,0.0,0.0,nan,0,-0.07999719188820809,1.814617128613423e-09,1.5977119275227152e-06,-9.586848548345764e-12,2
5.0200000000000005,4.0,6.562727059641672e-05,8.434338958888951e-05,19.619891204690944,0.05861730175666229,0.005975293251641213,4,-2.186042183747322e-06,-0.007396048404147522,0.00011412959771385023,9.809892133661776,0.03899643383171877,0.007950430708184028,6,-1.650219643406503e-06,0.1559473956982406,-0.00021442173713294584,0.0,0.0,nan,0,-0.07999719979192443,3.637330798388023e-09,1.4404450211601853e-06,-9.588336247198761e-12,2
5.025,4.0,6.572913983039465e-05,-3.380736364796341e-05,19.619769416229154,0.06647321737968835,0.006776146647748346,4,-2.1860208440187268e-06,-0.0073957232866629094,2.334904105158563e-05,9.809771534829547,0.04285264321999529,0.008736726042568307,6,-1.6456048477914154e-06,0.15594688896786885,-5.490392334472232e-06,0.0,0.0,nan,0,-0.07999720442810772,3.525309142436657e-09,4.1718515560000775e-07,-9.588827409864857e-12,2
5.03,4.0,6.528488716320211e-05,-0.00012602550545369026,19.61983725331599,0.04853262293426288,0.004947301275504748,4,-2.1860156462043256e-06,-0.007395886609420878,-8.002525883382089e-05,9.809838298562466,0.0349731510006599,0.007130219670549485,6,-1.646185240435083e-06,0.1559474167998153,0.00019010208425420045,0.0,0.0,nan,0,-0.07999720385296083,-2.4455580666248746e-10,-4.966055107232365e-07,-9.58659630567457e-12,2
5.035,4.0,6.452652931562896e-05,-0.0001635471286434412,19.61985065566843,0.012602584092259254,0.0012846768625752209,4,-2.186018543622742e-06,-0.007396517192077258,-0.00015434043057728635,9.809851537735279,0.010717166619322078,0.0021849803899878927,6,-1.6510280550219303e-06,0.15594872599701506,0.0003019389140876054,0.0,0.0,nan,0,-0.07999719900729677,-1.4113197046042791e-09,-1.3398456757707903e-06,-9.594627214945499e-12,2
5.04,4.0,6.376700148728057e-05,-0.0001312423488642753,19.620005760975488,0.03628885008608938,0.0036991681376840877,4,-2.186033889264166e-06,-0.00739732016805935,-0.00015312151916762614,9.810005210099042,0.02369762956936558,0.004831318447205254,6,-1.6589927755369938e-06,0.15595020875769586,0.0002684152577994032,0.0,0.0,nan,0,-0.07999719102727856,-4.133104090033085e-09,-1.683870338782989e-06,-9.592052385706789e-12,2
5.045,4.0,6.335991727790595e-05,-3.166804829525466e-05,19.620222741956088,0.06776712836340852,0.006907885731439184,4,-2.1860561989668625e-06,-0.0073978960293159405,-7.805518279208184e-05,9.810220601565232,0.04273437773941315,0.008712215448568981,6,-1.6662473210013462e-06,0.1559511119602066,9.37746557561119e-05,0.0,0.0,nan,0,-0.07999718375047138,-4.598036701554447e-09,-1.1012928326932903e-06,-9.591962679686399e-12,2
5.05,4.0,6.353243352748075e-05,8.429592173033734e-05,19.620185639401896,0.06007153007229809,0.006123441559254208,4,-2.1860663216959064e-06,-0.00739803465265998,1.573239690106905e-05,9.810182575684731,0.04020167396138278,0.008195907395449627,6,-1.6685236896019084e-06,0.1559509983245204,-0.0001159768590594813,0.0,0.0,nan,0,-0.07999718146402798,4.811435810311354e-10,1.9321502434599456e-08,-9.591735306010956e-12,2
5.055,4.0,6.416372595297562e-05,0.00015246210575417998,19.620174160487245,0.03491524753615209,0.0035591169834228433,4,-2.1860613496627046e-06,-0.007397671179616067,0.00011609701888864822,9.810173077603041,0.026192162835344073,0.005339796276406514,6,-1.6661714982504905e-06,0.15594992381644482,-0.00028450763016451424,0.0,0.0,nan,0,-0.07999718382123933,4.3678022981630904e-10,8.46765761347057e-07,-9.59797742394461e-12,2
5.0600000000000005,4.0,6.49787440521875e-05,0.0001613593249711449,19.62008694995548,0.01023020435590506,0.0010428296655360413,4,-2.186057905431693e-06,-0.007396933063514585,0.00016202876993235457,9.810086581640272,0.0066460776245148645,0.0013549478017764085,6,-1.6598100865058973e-06,0.15594829093981252,-0.0003393365655181167,0.0,0.0,nan,0,-0.07999719018614329,1.449139502672454e-09,1.548466411838745e-06,-9.59287927981553e-12,2
5.065,4.0,6.564327195385478e-05,9.96568401072186e-05,19.619919395139597,0.05299839881337121,0.005402509332072016,4,-2.186044998755965e-06,-0.007396184413056172,0.00012688441116975158,9.809920244571645,0.0351448066820501,0.007165156455068553,6,-1.6518049670635748e-06,0.15594679801919537,-0.00024248968698297938,0.0,0.0,nan,0,-0.07999719820421738,3.369337638280075e-09,1.5239042203917699e-06,-9.59601987870759e-12,2
5.07,4.0,6.583746315786949e-05,-1.5280241117962174e-05,19.619760509147394,0.06776624456038319,0.006907958384995401,4,-2.1860236611680184e-06,-0.0073957888373665705,3.824347772149651e-05,9.80976239170971,0.04326978188778557,0.008821779806685864,6,-1.6463956688320125e-06,0.15594612851021922,-3.8911637399278195e-05,0.0,0.0,nan,0,-0.07999720363490118,4.234769462262097e-09,5.984674530125524e-07,-9.598775896343919e-12,2
5.075,4.0,6.546658799453747e-05,-0.00011505887760510344,19.619840286523335,0.05229488271215722,0.005330816352065622,4,-2.1860154191880032e-06,-0.007395871699753655,-6.375589455650437e-05,9.809841737097633,0.0372774739504839,0.007600015362024161,6,-1.6462609303477538e-06,0.15594650250586164,0.0001628664062767872,0.0,0.0,nan,0,-0.0799972037779296,-9.232652148504534e-11,-3.715804746480921e-07,-9.599704042792505e-12,2
5.08,4.0,6.473902464731707e-05,-0.00016182230160918828,19.619837193220548,0.01899600397490554,0.00193640791081278,4,-2.1860174708940305e-06,-0.007396443010996424,-0.00014726744343314876,9.809838107907753,0.015044898605265105,0.003067308234809165,6,-1.6504517435442234e-06,0.1559477216387182,0.0002931414140675562,0.0,0.0,nan,0,-0.07999719958511269,-9.846417929352179e-10,-1.2234503415811783e-06,-9.592274430311716e-12,2
5.085,4.0,6.395595352214341e-05,-0.00014107771283127497,19.619979024433043,0.029190351341032324,0.0029755741639357677,4,-2.1860306766152693e-06,-0.007397245241619227,-0.00015901172087701514,9.809978816475553,0.01879048140816804,0.0038308913321219436,6,-1.658143475753715e-06,0.15594922719890728,0.0002841411376467136,0.0,0.0,nan,0,-0.07999719188022272,-3.898078972443312e-09,-1.6870748446756292e-06,-9.597691430493467e-12,2
5.09,4.0,6.347232300766561e-05,-5.081305841675905e-05,19.620185925147695,0.06611059589116411,0.0067390386761247215,4,-2.1860526082870257e-06,-0.0073978788259961275,-9.150723385009287e-05,9.810184136431516,0.04211153742508956,0.008585269519804907,6,-1.6658403453398418e-06,0.15595026467241435,0.00012637203112087758,0.0,0.0,nan,0,-0.07999718416146946,-4.5995458667916695e-09,-1.2726014893614358e-06,-9.594437144763685e-12,2
5.095,4.0,6.35537411654476e-05,6.854069578704832e-05,19.62020290313252,0.0626014937476361,0.006381329903335636,4,-2.1860666469739054e-06,-0.007398090436880767,4.955253155735804e-08,9.810199550515037,0.04118209780397347,0.008395771684748534,6,-1.6689965531488382e-06,0.15595031512393148,-8.453847454974856e-05,0.0,0.0,nan,0,-0.07999718099127096,-2.4748014832020427e-10,-1.2737889599085976e-07,-9.600351524860468e-12,2
5.1000000000000005,4.0,6.413070491573665e-05,0.0001453661171490671,19.62017138361854,0.040149307824958055,0.004092656179189127,4,-2.186061754484714e-06,-0.007397805888743402,0.0001025325695872276,9.810170241536833,0.029720513015374102,0.00605912278454368,6,-1.6672900696387827e-06,0.15594937387100874,-0.00026384687804526446,0.0,0.0,nan,0,-0.07999718270269493,6.970569810790323e-10,7.112767901410907e-07,-9.596571437506225e-12,2
5.105,4.0,6.493738230071401e-05,0.0001646566102454472,19.620111557460337,0.005832781479475484,0.0005945716936821016,4,-2.1860590124003765e-06,-0.007397105410131768,0.00015991515066955114,9.81011100739111,0.0053891211623373885,0.0010986870909568973,6,-1.6614809811507647e-06,0.15594778697415163,-0.0003405199173034969,0.0,0.0,nan,0,-0.07999718851457349,1.0856729062965825e-09,1.4788513189200486e-06,-9.596754402260681e-12,2
5.11,4.0,6.56486735898505e-05,0.00011355630547105363,19.619947014938003,0.04682879801626683,0.004773590670822187,4,-2.1860476013511876e-06,-0.007396331197981931,0.00013786664516836702,9.809947777960302,0.030920689003239615,0.006303945689233564,6,-1.6534648022356602e-06,0.15594622173002676,-0.0002673710721041571,0.0,0.0,nan,0,-0.07999719654221146,3.1104172651382837e-09,1.5849901407804395e-06,-9.597019079429753e-12,2
5.115,4.0,6.59319307101289e-05,3.729407957419488e-06,19.619761217384436,0.06838472898920618,0.006971005225956847,4,-2.1860270292863027e-06,-0.007395866598944001,5.2885887983072306e-05,9.809762697933893,0.04342464432255342,0.008853352656879133,6,-1.6473415575118944e-06,0.15594539413335728,-7.256338248072717e-05,0.0,0.0,nan,0,-0.07999720268607621,4.690765639080115e-09,7.867168432299949e-07,-9.596184191715234e-12,2
5.12,4.0,6.563998974982321e-05,-0.00010297891678720082,19.619832402744585,0.055621071530754115,0.005669882432122446,4,-2.1860153660499537e-06,-0.007395869802379556,-4.677203363851193e-05,9.80983411360726,0.038789426428022494,0.007908273672888622,6,-1.6464398593166174e-06,0.15594560953741649,0.0001338028988103459,0.0,0.0,nan,0,-0.07999720359948567,3.103688186997325e-10,-2.4600504798473255e-07,-9.599105410537627e-12,2
5.125,4.0,6.495022448324171e-05,-0.00015846185211614174,19.619827940432604,0.02538563783394451,0.0025877533596132827,4,-2.1860167124000685e-06,-0.007396374635164572,-0.00013827288440809634,9.809828848551167,0.019417945945162485,0.003958875581816162,6,-1.6499680859510812e-06,0.15594672439530602,0.0002807867198331201,0.0,0.0,nan,0,-0.07999720006996067,-6.321975253867826e-10,-1.0962943858644052e-06,-9.601977779546937e-12,2
5.13,4.0,6.415245715335459e-05,-0.00014926286278542787,19.619952294203216,0.022080808420285748,0.0022508524066910804,4,-2.1860276430384074e-06,-0.007397166002834824,-0.0001627209048255627,9.809952425408289,0.013974633657417763,0.0028490726664938213,6,-1.6572932108049887e-06,0.15594823379031875,0.00029603578585031467,0.0,0.0,nan,0,-0.07999719273395317,-3.562749160525339e-09,-1.6695480285207737e-06,-9.597573302763645e-12,2
5.135,4.0,6.359946787808262e-05,-6.915916074280387e-05,19.620139611027703,0.0631105602251991,0.00643324272674667,4,-2.186049042198629e-06,-0.0073978512727810265,-0.00010483131140042056,9.8101377516449,0.041033931980113236,0.008365617898328275,6,-1.6653027172658375e-06,0.1559493923097275,0.00015804252531325882,0.0,0.0,nan,0,-0.07999718470309555,-4.479375831091584e-09,-1.413351945722519e-06,-9.60041014463617e-12,2
5.14,4.0,6.358706748173367e-05,5.157043033068012e-05,19.620220617965895,0.06481775167186571,0.006607239840362776,4,-2.186066364137651e-06,-0.007398134415417604,-1.531463680459279e-05,9.810217073041239,0.04200724410799637,0.008563978512449739,6,-1.6693565998912585e-06,0.15594960811312236,-5.220370542698173e-05,0.0,0.0,nan,0,-0.07999718063193897,-1.1605807603302022e-09,-2.884406962511804e-07,-9.599442918337114e-12,2
5.1450000000000005,4.0,6.41025242790767e-05,0.0001368304498229857,19.62016413021042,0.04488483242959611,0.004575377874692094,4,-2.186062376428183e-06,-0.0073979302991906346,8.777346167308526e-05,9.810162780348648,0.03285427633050571,0.0066980083951956775,6,-1.6683100704101284e-06,0.15594880880063455,-0.00024055178846223445,0.0,0.0,nan,0,-0.07999718168250416,1.0421849410676775e-09,5.776150747297976e-07,-9.599882566654864e-12,2
5.15,4.0,6.489258685397335e-05,0.00016611739911129598,19.620133256394475,0.00825440863146878,0.0008414222802262112,4,-2.186059859955042e-06,-0.007397276101926405,0.00015593476140303563,9.810132557879088,0.007875678920948795,0.0016056213052133286,6,-1.6631029772160022e-06,0.15594728480150669,-0.00033800000254787123,0.0,0.0,nan,0,-0.07999718689216187,7.678630327675538e-10,1.3906235517879169e-06,-9.602712303100029e-12,2
5.155,4.0,6.5642514630614e-05,0.00012604147996801566,19.619973273764035,0.04021959100114588,0.0040998619559719585,4,-2.186050023018221e-06,-0.007396486185346338,0.00014705949052334054,9.809973890967514,0.026309425687821096,0.005363811561628185,6,-1.655173580680791e-06,0.1559456652180359,-0.00028904877758582437,0.0,0.0,nan,0,-0.07999719483144334,2.8641228562705865e-09,1.625854293704143e-06,-9.605823592104242e-12,2
5.16,4.0,6.601123116253554e-05,2.3102495651765216e-05,19.619774861407805,0.06821741896752058,0.006953945134376091,4,-2.1860307045755423e-06,-0.007395955500483098,6.723352923173711e-05,9.809775882387656,0.04329902652017775,0.00882773001938123,6,-1.6484320046333822e-06,0.15594468607770132,-0.0001062837970385909,0.0,0.0,nan,0,-0.07999720159238585,4.797442126279424e-09,9.738563910614448e-07,-9.606910722489955e-12,2
5.165,4.0,6.58040497973274e-05,-8.93510612301281e-05,19.619819800419176,0.05879197595294032,0.005993120890099534,4,-2.186015636906208e-06,-0.007395880821975108,-3.0001146118068857e-05,9.809821744939063,0.039932717965153165,0.008141374839100345,6,-1.6467136022685347e-06,0.15594473884179388,0.0001034044701324458,0.0,0.0,nan,0,-0.0799972033259039,8.810288419355344e-10,-1.1376631339905551e-07,-9.605247164309857e-12,2
5.17,4.0,6.515911467504442e-05,-0.00015347009230831876,19.61982327936179,0.031477761533411364,0.00320877115815034,4,-2.1860162247415438e-06,-0.007396312755980875,-0.00012740803227985741,9.809824151222436,0.023607940617318395,0.00481312208116932,6,-1.6495795208959496e-06,0.1559457359723319,0.00026493042231283805,0.0,0.0,nan,0,-0.07999720045944544,-3.812515396176481e-10,-9.616922303593127e-07,-9.604195561060933e-12,2
5.175,4.0,6.435586475259271e-05,-0.00015566354272609467,19.619925300394883,0.015145241918494076,0.0015438633620270975,4,-2.1860248907573654e-06,-0.007397082966656202,-0.00016417621520807023,9.80992571030078,0.009579460628360913,0.0019530138986276176,6,-1.656449164368079e-06,0.15594722969451447,0.00030389209060407524,0.0,0.0,nan,0,-0.07999719358118398,-3.1298345488109878e-09,-1.6300713023589935e-06,-9.603237216546077e-12,2
5.18,4.0,6.374163297954265e-05,-8.60780855552303e-05,19.620106496713383,0.058145699962022436,0.0059271543680726275,4,-2.1860455309066773e-06,-0.007397811892099917,-0.00011802505606532702,9.810104893639323,0.038741368606797374,0.00789825777131425,6,-1.6646460798200313e-06,0.15594849311349063,0.00018815550923337977,0.0,0.0,nan,0,-0.07999718536367639,-4.499834256267758e-09,-1.5190725151049249e-06,-9.599686279224117e-12,2
5.1850000000000005,4.0,6.36347728472014e-05,3.360362855698214e-05,19.6202365174947,0.06660091958173042,0.006789002724033896,4,-2.1860653375699313e-06,-0.0073981650010813745,-3.0282711688845086e-05,9.810232947894587,0.04262276115889771,0.008689449350546798,6,-1.669575976782911e-06,0.15594887334453866,-1.926851430632579e-05,0.0,0.0,nan,0,-0.0799971804140208,-2.186371624136922e-09,-4.632770712660996e-07,-9.607196715941105e-12,2
5.19,4.0,6.408235615226146e-05,0.0001271005784827869,19.62015602121384,0.04897576397386146,0.004992392916846079,4,-2.1860632771972255e-06,-0.007398041755249689,7.185096578018541e-05,9.810154198097607,0.035459976946487504,0.007229239465647529,6,-1.6692122982234214e-06,0.15594822277751078,-0.0002148991067546729,0.0,0.0,nan,0,-0.07999718077980776,1.3179216962741006e-09,4.50652388532524e-07,-9.60617353440161e-12,2
5.195,4.0,6.484817596231537e-05,0.00016574895841244756,19.62015028501743,0.014207930322966677,0.0014482998464916247,4,-2.1860604439462306e-06,-0.007397442776065275,0.00014992617051509265,9.8101494442374,0.01192163222966,0.0024304690356501983,6,-1.6646435403860904e-06,0.1559467782408,-0.00033162265647351715,0.0,0.0,nan,0,-0.07999718535144687,5.199673590014011e-10,1.2845814788617238e-06,-9.60658476100993e-12,2
5.2,4.0,6.562782277723663e-05,0.00013690605013678611,19.61999903627685,0.03334474003284202,0.0033990562355470546,4,-2.186052241791997e-06,-0.007396648146039277,0.0001540285899050731,9.809999459806244,0.02150891638927377,0.004385100422767727,6,-1.6569097495838792e-06,0.15594512422641738,-0.0003068821326366915,0.0,0.0,nan,0,-0.07999719309348785,2.6039436181165623e-09,1.6445069479093409e-06,-9.608890472187473e-12,2
5.205,4.0,6.60758900414543e-05,4.219456130972537e-05,19.619804659568178,0.06707139301111333,0.006837111191971422,4,-2.1860344248461616e-06,-0.007396056181917617,8.124389150647707e-05,9.809805393299506,0.042852845023336264,0.008736737031013173,6,-1.6496728599060817e-06,0.15594400445766465,-0.00013938591045692958,0.0,0.0,nan,0,-0.07999720034824251,4.522849852027451e-09,1.1477418033127184e-06,-9.607195827762687e-12,2
5.21,4.0,6.595722096171024e-05,-7.431905368826949e-05,19.61980417234947,0.061464065688757924,0.006265512657397498,4,-2.1860163830940416e-06,-0.007395905923763848,-1.3862699957620535e-05,9.809806290100676,0.04097320106598441,0.008353518887999145,6,-1.6471001400286678e-06,0.15594389313139864,7.223433095919145e-05,0.0,0.0,nan,0,-0.07999720293905219,1.59356878098727e-09,2.8129959837186465e-08,-9.60878033806343e-12,2
5.215,4.0,6.536367675496539e-05,-0.00014701414082402686,19.619822046126266,0.03714084680756954,0.003786053382161294,4,-2.186015910145972e-06,-0.007396261456032354,-0.00011509459075325501,9.809822852940764,0.027481937532072752,0.005602942671657784,6,-1.6493083270299747e-06,0.15594476247085648,0.0002461613438467337,0.0,0.0,nan,0,-0.07999720073138615,-2.3032566870561652e-10,-8.250041091704796e-07,-9.612280649215467e-12,2
5.22,4.0,6.456362485509968e-05,-0.00016025340775176506,19.6198995144704,0.008935170406028207,0.0009108273362397385,4,-2.186022470589133e-06,-0.007397001771703058,-0.00016373426707057186,9.809900148629849,0.0063141012191345255,0.0012872916387464796,6,-1.6556585953411695e-06,0.1559462231015845,0.00030804032205006195,0.0,0.0,nan,0,-0.07999719437460545,-2.6361453863713524e-09,-1.5715762515052357e-06,-9.606195738862101e-12,2
5.2250000000000005,4.0,6.389621344338547e-05,-0.00010123616444114055,19.62007519889021,0.05228376151329973,0.005329618870804033,4,-2.18604201350156e-06,-0.007397765444518273,-0.00013070453852606534,9.810073889496536,0.03474942229829568,0.007084436404806541,6,-1.6639397459189409e-06,0.15594757444914376,0.00021599338515528773,0.0,0.0,nan,0,-0.07999718607395999,-4.461381131139248e-09,-1.6010559351611998e-06,-9.613945983752405e-12,2
5.23,4.0,6.36958916546535e-05,1.4790334038798825e-05,19.620247140927287,0.06784427449014939,0.00691574107123535,4,-2.1860635333673106e-06,-0.0073981871328598955,-4.48421825508285e-05,9.810243758685543,0.04298702999746675,0.008763702728468494,6,-1.6696905402249773e-06,0.15594811672278128,1.4104565660207449e-05,0.0,0.0,nan,0,-0.07999718030169387,-3.196895732972322e-09,-6.499274139242897e-07,-9.610732554229928e-12,2
5.235,4.0,6.406909238229447e-05,0.00011614502153279252,19.62015804401543,0.05249879127977662,0.00535151563631669,4,-2.1860643600081497e-06,-0.00739814372402283,5.519459646116132e-05,9.810155817453133,0.03748213894634203,0.007641497167589937,6,-1.67004890852529e-06,0.15594762037689838,-0.00018728686588414292,0.0,0.0,nan,0,-0.07999717994254701,1.3413550466453478e-09,3.2878315284106095e-07,-9.614621887529792e-12,2
5.24,4.0,6.480334451765661e-05,0.00016370351466036526,19.620163377684406,0.020642221628471936,0.002104184479110913,4,-2.186060865421585e-06,-0.007397607045206052,0.0001421045636123015,9.81016242597003,0.016332069670170986,0.003329622683297431,6,-1.6661318837304928e-06,0.15594626970980288,-0.0003217552911995529,0.0,0.0,nan,0,-0.07999718386311444,3.549136416410907e-10,1.1665018959884808e-06,-9.611904061565507e-12,2
5.245,4.0,6.560410819315969e-05,0.00014621676519957266,19.62002473739194,0.02634306451647081,0.0026853242917952154,4,-2.186054272226845e-06,-0.007396817156033855,0.00015898662352972087,9.810024912469487,0.016682444284163482,0.003401101308715024,6,-1.6586842137358837e-06,0.15594459932098664,-0.0003211505666931019,0.0,0.0,nan,0,-0.07999719131742568,2.314441431448771e-09,1.6446666911404286e-06,-9.612183837767713e-12,2
5.25,4.0,6.612534642968971e-05,6.077274392203672e-05,19.619846215121065,0.06467196385350164,0.006592504665368763,4,-2.1860378903032496e-06,-0.007396169050900339,9.518221986563473e-05,9.80984711443496,0.04196359558912655,0.008555402566341345,6,-1.6510652960030625e-06,0.15594335024182293,-0.00017190210678392188,0.0,0.0,nan,0,-0.07999719895277338,4.077210052298668e-09,1.297518701238665e-06,-9.606144224513751e-12,2
5.255,4.0,6.6098688538687e-05,-5.798387842600123e-05,19.619787756372126,0.06383858027924762,0.006507570935217083,4,-2.1860177087280885e-06,-0.007395944214263162,2.0456976516070624e-06,9.809789975282479,0.04188791916596326,0.008540023644034656,6,-1.6476098135057016e-06,0.15594307232745797,3.9991072747136545e-05,0.0,0.0,nan,0,-0.07999720242848551,2.4012960820315493e-09,1.8396837153671358e-07,-9.611291218455913e-12,2
5.26,4.0,6.556347462090235e-05,-0.00013910527983439688,19.619825731429913,0.04230917658297938,0.004312900345001774,4,-2.186015699862792e-06,-0.007396219552130789,-0.00010110004045784423,9.809826513938672,0.03092497722154955,0.006304897885321131,6,-1.6491480649763468e-06,0.15594380314379944,0.00022425824723583572,0.0,0.0,nan,0,-0.07999720089229095,-2.1368832831136376e-10,-6.860481421158804e-07,-9.61381719788154e-12,2
5.265,4.0,6.477542179167001e-05,-0.00016291017883168177,19.619875782414262,0.0063008503480124515,0.0006422925830814939,4,-2.186020457969895e-06,-0.007396919545362995,-0.00016108616717165397,9.80987656368216,0.006153795771931537,0.0012546122740654947,6,-1.6549075653807255e-06,0.15594521145459178,0.00030804930791731867,0.0,0.0,nan,0,-0.07999719512808053,-2.108195263640696e-09,-1.4904730390189025e-06,-9.613382878634307e-12,2
5.2700000000000005,4.0,6.406337485628508e-05,-0.00011492389429504725,19.620044944592255,0.04581330311253488,0.0046700507814241374,4,-2.1860385222075007e-06,-0.0073977068045004216,-0.00014145447612947293,9.810043932650741,0.03034384943892601,0.006186282069121559,6,-1.663151134402574e-06,0.15594663102557038,0.00024043136731330753,0.0,0.0,nan,0,-0.07999718686649532,-4.374416649301267e-09,-1.6564805583304088e-06,-9.612841977976706e-12,2
5.275,4.0,6.377291229355659e-05,-4.58452773744275e-06,19.620247651162426,0.06838715318757273,0.006971079509643299,4,-2.186060904876136e-06,-0.007398195354314311,-5.903207621568724e-05,9.810244697539675,0.043074777962766424,0.008781590936986354,6,-1.6696318800926702e-06,0.15594733030302763,4.7669635817433365e-05,0.0,0.0,nan,0,-0.07999718036341501,-4.034938924259208e-09,-8.442845052545999e-07,-9.611485729529825e-12,2
5.28,4.0,6.406557213616259e-05,0.00010390488150561523,19.62016669976241,0.0558490932428317,0.005693029432161553,4,-2.1860654222279063e-06,-0.007398230052267892,3.8178376755390706e-05,9.810164089696478,0.03865233542395313,0.007880058900248023,6,-1.6707663786363902e-06,0.1559469926063941,-0.0001580301914195283,0.0,0.0,nan,0,-0.07999717922444718,1.145013206081629e-09,2.0395171503755376e-07,-9.610102835730353e-12,2
5.285,4.0,6.476127979106411e-05,0.00016001822887534153,19.620171560488963,0.026891975041043924,0.002741257889426298,4,-2.186061159779873e-06,-0.007397762880599018,0.00013231053775089884,9.81017053049561,0.020653517755711087,0.00421063378898627,6,-1.6675040480848558e-06,0.1559457499925007,-0.000308275664807622,0.0,0.0,nan,0,-0.07999718249108825,3.030517197729669e-10,1.0377987611553286e-06,-9.61058422843383e-12,2
5.29,4.0,6.557403621994148e-05,0.0001537887308020768,19.620051506045755,0.01938469950298436,0.0019760090331068835,4,-2.1860560597448953e-06,-0.007396988302647685,0.00016165376536866075,9.810051443432114,0.012036917021088389,0.002453996717651705,6,-1.6604400634723238e-06,0.1559440829237257,-0.0003313893593742419,0.0,0.0,nan,0,-0.07999718956022098,1.974256939317414e-09,1.6231779165966522e-06,-9.611976892195921e-12,2
5.295,4.0,6.616080119039947e-05,7.81817384494725e-05,19.619879540556695,0.06060931188810859,0.006178357187445694,4,-2.1860410277865783e-06,-0.0073962919946070045,0.00010878764347683619,9.80988052563345,0.040303133363223845,0.008216844895900782,6,-1.6525609702264243e-06,0.15594272011649465,-0.00020291621014869636,0.0,0.0,nan,0,-0.07999719745439424,3.782722243937614e-09,1.413917718568292e-06,-9.614581919500902e-12,2
5.3,4.0,6.622728399664632e-05,-4.066153738156093e-05,19.619772375127937,0.06583784557979537,0.006711377106827016,4,-2.1860196557400846e-06,-0.007395994967293847,1.742331460844973e-05,9.809774584925917,0.04262323490860689,0.008689951953453328,6,-1.6482377618101673e-06,0.1559422768723304,7.291429533834589e-06,0.0,0.0,nan,0,-0.07999720179902278,3.2429983117240386e-09,3.5083665867945456e-07,-9.61592662162833e-12,2
5.305,4.0,6.575676586000318e-05,-0.00012985266470889458,19.619832929666902,0.04693078528681322,0.004784014772709891,4,-2.1860154877616222e-06,-0.007396189920684003,-8.61889263326216e-05,9.809833859820536,0.033950348041405294,0.006921696845541968,6,-1.6490995889684168e-06,0.15594286260998727,0.0002000948327864895,0.0,0.0,nan,0,-0.07999720094141168,-2.5378993212676305e-10,-5.521132776687529e-07,-9.610085960340382e-12,2
5.3100000000000005,4.0,6.498883666064239e-05,-0.000163702030541826,19.61985591354337,0.010318927011585115,0.0010518861154797854,4,-2.186018844139298e-06,-0.007396841996235117,-0.0001567104781858574,9.809856781154412,0.009194349123560635,0.0018745124069953353,6,-1.6542366625335592e-06,0.1559442028810427,0.0003044657854606113,0.0,0.0,nan,0,-0.07999719580102982,-1.6066037664145214e-09,-1.3935859796541768e-06,-9.616854768076914e-12,2
5.315,4.0,6.424079632778252e-05,-0.00012703067169745868,19.620016611526953,0.03900170909784937,0.003975706022077013,4,-2.186035106935963e-06,-0.00739764317986475,-0.00015037788139269447,9.81001592234188,0.025597829388684504,0.005218713117557042,6,-1.6623486582476033e-06,0.155945672371485,0.0002614618648114557,0.0,0.0,nan,0,-0.07999718767281938,-4.2411567777192955e-09,-1.6907874956906925e-06,-9.613127083249433e-12,2
5.32,4.0,6.386485362416933e-05,-2.4166858393272308e-05,19.620235013461766,0.06815189194935543,0.006947102509485263,4,-2.1860577000612502e-06,-0.007398195582351048,-7.280687107396753e-05,9.81023263584281,0.042891872001015505,0.008744312921653893,6,-1.6694554002341655e-06,0.15594652098332978,8.10270761796175e-05,0.0,0.0,nan,0,-0.07999718054353236,-4.566379619265529e-09,-1.0376317327763334e-06,-9.614962948042952e-12,2
5.325,4.0,6.407180534558131e-05,9.010131536205282e-05,19.620180315760425,0.05901315898601568,0.00601555725138895,4,-2.186066318594221e-06,-0.007398305832006424,2.1804708191669123e-05,9.810177345848148,0.03978593837607676,0.00811115578719174,6,-1.6714144795218489e-06,0.15594634454809356,-0.00012785264184894153,0.0,0.0,nan,0,-0.07999717857588262,7.189451416963564e-10,7.291244627898383e-08,-9.615659279923998e-12,2
5.33,4.0,6.472254016122667e-05,0.00015487395137431245,19.620175127593015,0.03277801847504995,0.0033412564629917373,4,-2.1860614321245198e-06,-0.007397912972621763,0.00012089771824907555,9.810174041477305,0.024728611094335676,0.005041421485446311,6,-1.668800810684934e-06,0.15594522122089793,-0.0002917182529266827,0.0,0.0,nan,0,-0.07999718119448601,3.745844541754946e-10,9.039657939641682e-07,-9.62142533422469e-12,2
5.335,4.0,6.553873766388602e-05,0.00015964141665270116,19.620078084250725,0.012636720339335161,0.0012881416969975068,4,-2.1860575815067784e-06,-0.007397162855182134,0.00016232799445040137,9.810077792507323,0.007925825011137316,0.0016158536514747825,6,-1.6621981428002752e-06,0.15594357517313542,-0.0003379159594148087,0.0,0.0,nan,0,-0.07999718780105261,1.607743029428907e-09,1.581771282329548e-06,-9.619814178571354e-12,2
5.34,4.0,6.618338209088213e-05,9.39980189180949e-05,19.619907731177594,0.05523492361792024,0.005630497795883877,4,-2.1860439500219486e-06,-0.00739642674214053,0.00012217175084553618,9.809908626467472,0.036684353305226514,0.007479040774396382,6,-1.65416071502833e-06,0.1559421146830215,-0.00023211628307854957,0.0,0.0,nan,0,-0.07999719585215995,3.5192992094409488e-09,1.5067846681270822e-06,-9.616381368979215e-12,2
5.345,4.0,6.63426132024858e-05,-2.2432388668407142e-05,19.619761200580413,0.06733723937887912,0.006864226194240027,4,-2.1860222858931244e-06,-0.007396057952616725,3.260291445330218e-05,9.809763233245034,0.04313588722329659,0.008794480804003543,6,-1.6490091569176801e-06,0.15594150692991576,-2.6117004101435975e-05,0.0,0.0,nan,0,-0.07999720102543026,4.013764249909077e-09,5.314586658233155e-07,-9.619673846381047e-12,2
5.3500000000000005,4.0,6.59430596749253e-05,-0.00011936678419795856,19.61983945594641,0.05093779701153037,0.005192478473221357,4,-2.1860152557492962e-06,-0.0073961714116660806,-7.006695012067338e-05,9.80984079013926,0.03647509956133203,0.00743643048682225,6,-1.6491559957712565e-06,0.15594194021019733,0.00017348729100130476,0.0,0.0,nan,0,-0.07999720088566967,-1.9077744267825025e-10,-4.221852116284664e-07,-9.620977692301164e-12,2
5.355,4.0,6.520298031489479e-05,-0.000162664647422606,19.619840635468073,0.016542906424042495,0.0016863446275029164,4,-2.1860176220682426e-06,-0.007396766408247273,-0.00015025178895867525,9.80984155734299,0.013378992620916838,0.0027276674231098506,6,-1.6536328572916426e-06,0.15594319555401823,0.00029697002806282943,0.0,0.0,nan,0,-0.07999719640648995,-1.1505083463162401e-09,-1.279439996579711e-06,-9.621184637872954e-12,2
5.36,4.0,6.44278254852484e-05,-0.00013753632001441035,19.619989162485826,0.031920266631195404,0.0032538516068325034,4,-2.1860317959178366e-06,-0.00739757037896997,-0.0001570570038819576,9.809988812440713,0.020679481511334336,0.004216005116154523,6,-1.6615009379022938e-06,0.15594469494762522,0.0002786469505816744,0.0,0.0,nan,0,-0.07999718852428356,-4.0336055801574094e-09,-1.7012127870337892e-06,-9.620570906584937e-12,2
5.365,4.0,6.397253818719041e-05,-4.3562567553409686e-05,19.620203472196412,0.0668859511271003,0.006818069060484892,4,-2.1860541063178918e-06,-0.0073981826828585255,-8.643746714991329e-05,9.810201569394403,0.042382967668080786,0.008640590586906187,6,-1.6691002423172008e-06,0.15594568280704155,0.00011405369639289516,0.0,0.0,nan,0,-0.07999718090271685,-4.676818566141985e-09,-1.218636957615992e-06,-9.621130458989348e-12,2
5.37,4.0,6.408925389698799e-05,7.473137125210072e-05,19.620197219332717,0.0616524787593004,0.006284593174073833,4,-2.186066811852433e-06,-0.007398367056381369,5.883473454697618e-06,9.810193937279337,0.0408122166474815,0.008320368977088736,6,-1.6719379722432426e-06,0.15594567073325927,-9.656114801012582e-05,0.0,0.0,nan,0,-0.0799971780523295,5.372003647331204e-11,-7.107567456616691e-08,-9.621431551473628e-12,2
5.375,4.0,6.46877764534002e-05,0.00014821726441048333,19.62017440676206,0.038218196810728924,0.003895806022759623,4,-2.1860617844746133e-06,-0.007398052569642341,0.00010781684947244014,9.810173285361335,0.028442751836917888,0.005798623736720317,6,-1.6699780144638354e-06,0.15594467799254363,-0.0002719803821777309,0.0,0.0,nan,0,-0.07999718001736278,5.802121157402281e-10,7.665299803509172e-07,-9.621816132729359e-12,2
5.38,4.0,6.54985590572909e-05,0.00016362259073168968,19.620103637311235,0.006947551280131463,0.000708207398753941,4,-2.1860588231212286e-06,-0.00739733677471009,0.00016094998738009215,9.810103142695919,0.0053913647351193535,0.0010991453722142518,6,-1.6639126853359998e-06,0.15594307168376229,-0.000340518811396754,0.0,0.0,nan,0,-0.07999718608570135,1.233860280667973e-09,1.5186660618759405e-06,-9.616895624284222e-12,2
5.385,4.0,6.619320913036103e-05,0.00010850085150159972,19.619936353298872,0.0492399299876215,0.005019377137718631,4,-2.18604668141692e-06,-0.00739657111654182,0.00013388029374906908,9.809937173530333,0.03258359178388967,0.006642976648578007,6,-1.6558251833484472e-06,0.1559415316444508,-0.00025832734352473924,0.0,0.0,nan,0,-0.07999719418539314,3.248708846879897e-09,1.5771891434798637e-06,-9.622932573002925e-12,2
5.39,4.0,6.644340853113504e-05,-3.4821480200150808e-06,19.619757229197432,0.0682435567647956,0.006956615820224109,4,-2.1860254855662897e-06,-0.0073961328130669616,4.7291313002199e-05,9.809758919061995,0.043395006868845246,0.008847313624501316,6,-1.6499168712172385e-06,0.15594076341068008,-5.975532824376386e-05,0.0,0.0,nan,0,-0.07999720011494925,4.604098315984192e-09,7.192770610250822e-07,-9.62401259796128e-12,2
5.3950000000000005,4.0,6.612104048204676e-05,-0.00010765705852695705,19.619834801560057,0.05437177359085839,0.005542531233396018,4,-2.186015092706106e-06,-0.007396166353597961,-5.333717624583227e-05,9.809836438571892,0.038354678804846144,0.00781963675847582,6,-1.6493145745463678e-06,0.15594103958854016,0.00014504810652475543,0.0,0.0,nan,0,-0.0799972007276869,1.2862839154771028e-10,-2.977004932177106e-07,-9.624584584863567e-12,2
5.4,4.0,6.541632519569092e-05,-0.0001598875934399117,19.619829662400445,0.02299232083988197,0.002343783940585844,4,-2.1860167447526613e-06,-0.007396697547216545,-0.00014198355673326172,9.80983059061922,0.017775411704780857,0.0036239997297769504,6,-1.6531282458001617e-06,0.15594219576690013,0.00028592505693800127,0.0,0.0,nan,0,-0.07999719691241171,-7.641005632122923e-10,-1.1552513127027307e-06,-9.618944651898471e-12,2
5.405,4.0,6.462321373790306e-05,-0.00014634341995248414,19.61996246902804,0.02477674002914906,0.002525666404129109,4,-2.1860286589237e-06,-0.0073974945726422905,-0.00016162328381790755,9.809962474772856,0.015793791439039907,0.0032199494095222015,6,-1.6606629604579148e-06,0.15594370617341374,0.00029202064554819117,0.0,0.0,nan,0,-0.079997189365831,-3.736503182362509e-09,-1.691649518161874e-06,-9.622793128991034e-12,2
5.41,4.0,6.409569210115283e-05,-6.230398488416809e-05,19.620158418703404,0.06446412255279976,0.006571213257008948,4,-2.1860504663337443e-06,-0.007398161093292926,-9.977136335925298e-05,9.810156600761019,0.041524902215999915,0.008465696095570715,6,-1.6686281874914166e-06,0.15594482048550634,0.00014612932503870436,0.0,0.0,nan,0,-0.07999718137884468,-4.5555743603556895e-09,-1.3742605129250619e-06,-9.623516994403087e-12,2
5.415,4.0,6.411941769340282e-05,5.8220300566237306e-05,19.620215188368753,0.06400756913108728,0.006524655159646997,4,-2.18606678847183e-06,-0.007398417408800845,-9.587077982672425e-06,9.810211665362228,0.041702863608145055,0.008501929424293463,6,-1.6723664240589353e-06,0.1559449733454023,-6.457921076756262e-05,0.0,0.0,nan,0,-0.07999717762433409,-8.003168189843969e-10,-2.2714162166599298e-07,-9.627867292302776e-12,2
5.42,4.0,6.465934009771233e-05,0.00014027118055227018,19.620168324914538,0.04313621785075347,0.004397130252545004,4,-2.1860623145124325e-06,-0.007398183030172142,9.343579337756008e-05,9.810167061811743,0.031715529940161774,0.006465849101310726,6,-1.6710622571455835e-06,0.1559441193145247,-0.0002496529270912105,0.0,0.0,nan,0,-0.0799971789330231,9.11333241813923e-10,6.309464221702541e-07,-9.624373198399676e-12,2
5.425,4.0,6.545673293681555e-05,0.00016578633304923946,19.62012687568692,0.0065472376597633265,0.0006674001346929721,4,-2.1860597658324155e-06,-0.007397510479019275,0.0001576402673532486,9.810126225810944,0.006621442300749266,0.0013499198987527627,6,-1.6655886847169454e-06,0.15594256964086325,-0.0003393725185393639,0.0,0.0,nan,0,-0.07999718440919235,8.868905299593897e-10,1.435928161999712e-06,-9.621320529171168e-12,2
5.43,4.0,6.619308659002208e-05,0.00012150989925054052,19.619963255871767,0.04277053306577177,0.00435989940531327,4,-2.1860492002007126e-06,-0.007396725479166097,0.0001437627146256929,9.809963944616076,0.0281024943183062,0.0057293776974031525,6,-1.6575548784855676e-06,0.1559409685578625,-0.00028121849698779176,0.0,0.0,nan,0,-0.07999719245361234,2.9958616326027983e-09,1.6253982836752955e-06,-9.623941543687703e-12,2
5.4350000000000005,4.0,6.653009539026317e-05,1.5761165209917107e-05,19.619765771449238,0.06838534958819,0.006971066870503075,4,-2.1860291248322616e-06,-0.007396219689352283,6.178530038597809e-05,9.809766992325805,0.04337660140263391,0.008843553865564287,6,-1.6509853471430302e-06,0.15594004602992922,-9.34923136807866e-05,0.0,0.0,nan,0,-0.07999719904326716,4.852658877450795e-09,9.098930592161167e-07,-9.628629349386882e-12,2
5.44,4.0,6.629023771006664e-05,-9.469065234832506e-05,19.619824077673474,0.057611992464093646,0.005872834765083714,4,-2.186015229797833e-06,-0.00739617444566499,-3.6321447206005416e-05,9.809825977915944,0.03950754136621084,0.008054687505191413,6,-1.649576169805711e-06,0.15594016091477803,0.00011506628649787521,0.0,0.0,nan,0,-0.0799972004663877,6.38767827131021e-10,-1.6691853984413994e-07,-9.62750580368596e-12,2
5.445,4.0,6.562765347244757e-05,-0.0001555159287882987,19.61982312980738,0.029227428520449558,0.0029793773702318288,4,-2.1860161532605282e-06,-0.007396634940347793,-0.00013181046121930784,9.809824034997751,0.022059882098834603,0.004497508216280591,6,-1.6527196292984159e-06,0.1559412042647295,0.00027138061197962295,0.0,0.0,nan,0,-0.07999719732205288,-4.673872763830627e-10,-1.0217443810807795e-06,-9.628025388061484e-12,2
5.45,4.0,6.482549026383524e-05,-0.00015345043118172524,19.6199350515974,0.017742893935958823,0.0018086598033375497,4,-2.1860257556037543e-06,-0.0073974147602954045,-0.00016396026506567706,9.809935360467595,0.011175391686391239,0.0022783823288838796,6,-1.659828232830618e-06,0.1559427065190919,0.00030146495324779557,0.0,0.0,nan,0,-0.07999719020389512,-3.3326768899569698e-09,-1.6605360864224258e-06,-9.625110386488027e-12,2
5.455,4.0,6.423343827252314e-05,-7.988246501505216e-05,19.620119230529,0.06025961484843598,0.006142634929014267,4,-2.1860469129365845e-06,-0.007398128379505728,-0.00011304241960412336,9.810117480140047,0.03990453793235865,0.008135384313825563,6,-1.6680302058133534e-06,0.15594393246167484,0.0001769791766512124,0.0,0.0,nan,0,-0.07999718198081296,-4.534755942255157e-09,-1.4934261901372144e-06,-9.632876618589886e-12,2
5.46,4.0,6.41624357360485e-05,4.05580581528101e-05,19.62023228608366,0.06597321024634374,0.006725018265266672,4,-2.186066047040608e-06,-0.007398455354939636,-2.4736645655712632e-05,9.81022866433982,0.0424041457622498,0.008644884276018736,6,-1.6726658860141685e-06,0.15594425071120172,-3.1767085429847206e-05,0.0,0.0,nan,0,-0.07999717732604679,-1.8046080380599223e-09,-3.983491359987432e-07,-9.631491948433572e-12,2
5.465,4.0,6.463661353079294e-05,0.000130922319432985,19.6201593917172,0.04750734436253076,0.004842707280205517,4,-2.186063109452935e-06,-0.007398301939217858,7.794309155086243e-05,9.810157756416253,0.0345541966236799,0.007044575119310393,6,-1.6720404026060454e-06,0.15594354338941688,-0.00022481104888137334,0.0,0.0,nan,0,-0.07999717795451593,1.2469269901601647e-09,4.995193030234326e-07,-9.62978220497565e-12,2
5.47,4.0,6.54124485261484e-05,0.00016609733215765322,19.620145782808525,0.011852927188344606,0.0012082404809377436,4,-2.1860604629865554e-06,-0.007397681169027516,0.00015243921268697958,9.81014497800511,0.010318927907662272,0.002103725873735379,6,-1.6671997101549985e-06,0.15594206705613806,-0.0003344821477044571,0.0,0.0,nan,0,-0.079997182797903,6.081562001200096e-10,1.3354135828322235e-06,-9.626896513290044e-12,2
5.4750000000000005,4.0,6.618205150485016e-05,0.00013304797628640585,19.619989542292334,0.035954935316188756,0.003665132974580363,4,-2.186051539024292e-06,-0.00739688696006013,0.00015167318808816203,9.809990051897886,0.023336737874786014,0.0047577495494546766,6,-1.6593202470729929e-06,0.15594042351627405,-0.0003006667321935615,0.0,0.0,nan,0,-0.07999719068633819,2.7393766988667095e-09,1.6532964808925634e-06,-9.629189789969709e-12,2
5.48,4.0,6.660130020699756e-05,3.512491470508808e-05,19.61978944365505,0.06763968368944696,0.006895046848866293,4,-2.186032910168889e-06,-0.007396317537489569,7.596906421628237e-05,9.809790270983532,0.04306356858010884,0.008779712387427275,6,-1.6521979670017228e-06,0.1559393551172586,-0.0001270395116993615,0.0,0.0,nan,0,-0.07999719782729528,4.720698459746659e-09,1.0928289240032418e-06,-9.631062958256858e-12,2
5.485,4.0,6.644917501505407e-05,-8.007686841961292e-05,19.619808928058507,0.0604976116072731,0.006166992943621871,4,-2.186015776242667e-06,-0.007396195542153629,-1.9882737523903654e-05,9.809811021585967,0.04059439417090863,0.008276284646377556,6,-1.6499366872826937e-06,0.15593930551954704,8.401410820739493e-05,0.0,0.0,nan,0,-0.07999720010575706,1.311392031465248e-09,-2.7474764437607294e-08,-9.632600395101359e-12,2
5.49,4.0,6.583573625926029e-05,-0.00014956354802923543,19.619820939507704,0.035072256713894856,0.003575186218266769,4,-2.1860157837783056e-06,-0.0073965801730173815,-0.00011990421433422856,9.80982179234548,0.02607359312728102,0.005315813819905684,6,-1.652412971668571e-06,0.15594022386177425,0.0002535222996696549,0.0,0.0,nan,0,-0.0799971976295133,-2.826045112939095e-10,-8.83432306534382e-07,-9.634458464355372e-12,2
5.495,4.0,6.503367627935217e-05,-0.0001587140304951258,19.619908505291413,0.011098600643505202,0.0011313611009462102,4,-2.186023183772118e-06,-0.00739733286396579,-0.00016413917416617892,9.809909066552194,0.007318502230816115,0.0014920632150952826,6,-1.6590152891876597e-06,0.15594169888548548,0.000306907777011266,0.0,0.0,nan,0,-0.07999719101984396,-2.8526929937725477e-09,-1.6076317051466176e-06,-9.62783176516599e-12,2
5.5,4.0,6.438540686243319e-05,-9.568646834585749e-05,19.620087603426928,0.054575461795559624,0.0055632230496287126,4,-2.1860433510392796e-06,-0.007398084590606683,-0.0001261010615786063,9.810086167476847,0.036316449709543376,0.007403900249101271,6,-1.6673362687666393e-06,0.1559430191545014,0.00020584213732218598,0.0,0.0,nan,0,-0.07999718267874527,-4.519329284082046e-09,-1.5840655405206635e-06,-9.630458996931462e-12,2
5.505,4.0,6.422020377634419e-05,2.2014905867384983e-05,19.620245506659145,0.06743545375786691,0.00687406829185488,4,-2.1860645081431263e-06,-0.007398480693362784,-3.946583617525966e-05,9.810241990082615,0.04286645072911916,0.008739121985462495,6,-1.6728235015042725e-06,0.155943500733477,1.505572755088193e-06,0.0,0.0,nan,0,-0.07999717717040358,-2.850346127959751e-09,-5.824056126922502e-07,-9.63615133242332e-12,2
5.51,4.0,6.462239144371757e-05,0.00012044344928942953,19.620156703980683,0.05120492997477138,0.005219624975205477,4,-2.1860641523444024e-06,-0.007398407803189092,6.144794223148748e-05,9.810154584131812,0.03679691616929279,0.0075018014963419205,6,-1.6729086846287156e-06,0.15594294592894456,-0.00019783671402460787,0.0,0.0,nan,0,-0.07999717708562443,1.3706831314949163e-09,3.756655644161936e-07,-9.634455799820111e-12,2
5.515,4.0,6.53693962352231e-05,0.00016465905739105667,19.62016040393339,0.01822585288492959,0.0018578699164228775,4,-2.1860609283538834e-06,-0.007397847192971918,0.00014522247129683083,9.810159478352723,0.014674464148240533,0.002991687175039605,6,-1.6687239017057487e-06,0.1559415585874197,-0.00032582681614004425,0.0,0.0,nan,0,-0.07999718127367952,4.0525319638796237e-10,1.2195570674899282e-06,-9.629251074280668e-12,2
5.5200000000000005,4.0,6.616327411250662e-05,0.0001429274598284879,19.620015454708085,0.028970848441213636,0.002953193233521301,4,-2.1860536637864636e-06,-0.007397054546335742,0.00015733343118374616,9.810015732313015,0.01849133640487202,0.0037698892457356157,6,-1.6611049957274138e-06,0.1559398923365654,-0.00031620614341011487,0.0,0.0,nan,0,-0.07999718889989822,2.458171749762601e-09,1.6592456045955596e-06,-9.635294240248307e-12,2
5.525,4.0,6.665800378417848e-05,5.3926731977400484e-05,19.6198286621544,0.06575901456602712,0.006703322001264235,4,-2.1860365504652868e-06,-0.0073964270714273255,8.989044837085803e-05,9.809829470487037,0.04237296510531429,0.008638879041229768,6,-1.6535582290852502e-06,0.1559386904058197,-0.00015976239768985347,0.0,0.0,nan,0,-0.07999719646382637,4.288604690981475e-09,1.2544364972157263e-06,-9.634979825087736e-12,2
5.53,4.0,6.659656209539627e-05,-6.42524533574575e-05,19.619792411357402,0.06297867477975609,0.006419912449562854,4,-2.1860168756063225e-06,-0.007396230324405689,-3.924894707532046e-06,9.809794642886251,0.04155807759238438,0.008472772184384303,6,-1.6504159897692827e-06,0.15593847537449657,5.223216577948863e-05,0.0,0.0,nan,0,-0.07999719962578873,2.0985736002828776e-09,1.2363735070512908e-07,-9.635057096610251e-12,2
5.535,4.0,6.603878182896873e-05,-0.000142203304853875,19.619822302333393,0.040445573426784086,0.0041229296375404866,4,-2.1860155408198745e-06,-0.007396536370139182,-0.00010660995855940405,9.809823093944196,0.02969193146209957,0.0060535100740866585,6,-1.652224613589437e-06,0.15593925947468146,0.00023286811618401294,0.0,0.0,nan,0,-0.07999719781854789,-2.0839673092886632e-10,-7.443413372863594e-07,-9.635195652443726e-12,2
5.54,4.0,6.524535971978345e-05,-0.0001621234317368133,19.61988361268005,0.0064816924062528185,0.0006607268966737187,4,-2.1860209818216902e-06,-0.0073972531484560325,-0.00016243061888434934,9.809884354832356,0.005732519797297082,0.0011687232162881183,6,-1.658261672816963e-06,0.15594068994946778,0.0003086089384521701,0.0,0.0,nan,0,-0.0799971917760958,-2.3297807975622913e-09,-1.5354892598711931e-06,-9.634160036406355e-12,2
5.545,4.0,6.454902724748344e-05,-0.00010997852313736258,19.62005653654511,0.04833160156533818,0.004926754566207675,4,-2.1860398109752044e-06,-0.007398033210404722,-0.00013769111714640868,9.810055389185015,0.0320703022451909,0.006538251003260683,6,-1.6665969457888008e-06,0.15594208661842435,0.00023172456317757006,0.0,0.0,nan,0,-0.07999718342204186,-4.451196928324846e-09,-1.6511197935472185e-06,-9.635339537347717e-12,2
5.55,4.0,6.42919518009124e-05,2.7700303014863687e-06,19.620250793589943,0.06827441506226094,0.0069595863763950066,4,-2.186062175543735e-06,-0.007398497064282505,-5.3797339772831324e-05,9.810247614363094,0.04306535079787424,0.008779666424489154,6,-1.6728616028735543e-06,0.15594272782245958,3.5082267428143595e-05,0.0,0.0,nan,0,-0.0799971771350684,-3.787901878328552e-09,-7.76143597937052e-07,-9.63339886750067e-12,2
5.555,4.0,6.461576481641876e-05,0.00010873325427363808,19.620163653671508,0.05459129687990879,0.005564815650219427,4,-2.1860652551983217e-06,-0.0073985031314223295,4.440418282336726e-05,9.810161166171941,0.03820949650110316,0.007789779567100227,6,-1.6737063723779033e-06,0.15594233035147012,-0.00016908244407578643,0.0,0.0,nan,0,-0.07999717628726741,1.2565842740216508e-09,2.519827763355789e-07,-9.641591425243983e-12,2
5.5600000000000005,4.0,6.532676237521961e-05,0.00016158894791484525,19.620170645471013,0.024600177398776575,0.002507641533123476,4,-2.1860612687829573e-06,-0.007398009320110279,0.00013619221183401229,9.810169627327339,0.019069577547688257,0.0038877161704865505,6,-1.6701824096451712e-06,0.15594104581766083,-0.00031372613166447247,0.0,0.0,nan,0,-0.07999717981526475,3.0325573169143913e-10,1.093386803823803e-06,-9.63843039824827e-12,2
5.565,4.0,6.61361798198921e-05,0.00015119851177456965,19.6200421659016,0.021965691059196785,0.002239107426320599,4,-2.1860555807114157e-06,-0.007397227716908722,0.00016094345648023464,9.81004219016762,0.01373317343461757,0.0027998194438719165,6,-1.6629133702469878e-06,0.15593937507225145,-0.0003280869051014346,0.0,0.0,nan,0,-0.07999718709004042,2.1304382099004497e-09,1.6462923787400765e-06,-9.640638409799643e-12,2
5.57,4.0,6.669965236257429e-05,7.190008489757595e-05,19.619868244252217,0.06237213542681111,0.006358058540488261,4,-2.1860398488962596e-06,-0.007396548380574751,0.00010374886300741473,9.809869293015366,0.04105649792962895,0.008370447495943949,6,-1.6550554420638464e-06,0.155938052538787,-0.00019159384968107476,0.0,0.0,nan,0,-0.0799971949637486,3.913745076521097e-09,1.3853211117781805e-06,-9.641016773806435e-12,2
5.575,4.0,6.673155378899645e-05,-4.719506107919056e-05,19.619776213677717,0.06513624540282827,0.006639856101663303,4,-2.1860186099655066e-06,-0.0073962779394951845,1.1781387393749303e-05,9.80977848152191,0.04236654877891001,0.008637615795038254,6,-1.6510227966379243e-06,0.1559376704718686,1.946880697970378e-05,0.0,0.0,nan,0,-0.07999719901768115,2.9471129883703657e-09,2.891174036900189e-07,-9.636642495089412e-12,2
5.58,4.0,6.623637710195937e-05,-0.00013341162674241318,19.619828772005715,0.045279934786503426,0.004615731901912465,4,-2.186015335508412e-06,-0.007396502696984188,-9.183075217694258e-05,9.809829640279471,0.032885020486343425,0.006704503888898639,6,-1.6521469850747095e-06,0.15593831068180755,0.00020929754728549058,0.0,0.0,nan,0,-0.07999719789681536,-2.448260562629637e-10,-6.056814756181928e-07,-9.639504205957689e-12,2
5.585,4.0,6.54602093853822e-05,-0.00016359654748683737,19.619861681755477,0.008347209479864018,0.0008508938151817955,4,-2.186019206165679e-06,-0.0073971735337678216,-0.00015856086346149805,9.809862524593903,0.007857697689551926,0.0016019995529707404,6,-1.65755823946373e-06,0.15593967796224606,0.0003062126143896581,0.0,0.0,nan,0,-0.07999719248173853,-1.8035242534423172e-09,-1.4418574983430925e-06,-9.641587872530304e-12,2
5.59,4.0,6.472459321836388e-05,-0.00012270876316813531,19.620027257166335,0.041577521604923694,0.004238273582391406,4,-2.186036320947493e-06,-0.007397970741775599,-0.00014729307416180376,9.810026432569831,0.027395487985096292,0.005585201665541237,6,-1.6657886198409577e-06,0.15594113106253452,0.00025405707584868695,0.0,0.0,nan,0,-0.07999718423429156,-4.33354151846565e-09,-1.6922537643349739e-06,-9.638766129690915e-12,2
5.595,4.0,6.437992162133807e-05,-1.683160068759702e-05,19.620243026552455,0.06832657169216697,0.006964905745530194,4,-2.1860590984183748e-06,-0.00739849989896944,-6.779333169701604e-05,9.810240396145444,0.04297654703296162,0.008761568584975267,6,-1.6727231969826395e-06,0.15594192516761443,6.86802059814587e-05,0.0,0.0,nan,0,-0.07999717727698516,-4.446710509976909e-09,-9.729496658320139e-07,-9.6370972424403e-12,2
5.6000000000000005,4.0,6.461953774361168e-05,9.544646458186071e-05,19.620175509991643,0.05784493567678341,0.005896474845225077,4,-2.186066230622924e-06,-0.007398582831230943,2.770778801976737e-05,9.810172636062932,0.039363733960344316,0.008025084862551811,6,-1.6743847091743591e-06,0.1559416887602181,-0.0001390989439267564,0.0,0.0,nan,0,-0.07999717560838898,9.079056058610755e-10,1.220642122278666e-07,-9.644150267271139e-12,2
5.605,4.0,6.528777130724145e-05,0.0001569381399090365,19.620175751200858,0.030646479791851342,0.0031239760724340727,4,-2.1860615320896948e-06,-0.007398162324733765,0.00012525733901482832,9.810174671824743,0.02326108962321155,0.004742237605619487,6,-1.6715201607633845e-06,0.15594052029679717,-0.00029814013517080236,0.0,0.0,nan,0,-0.07999717847768412,3.29933320718184e-10,9.588255848075753e-07,-9.644068554856527e-12,2
5.61,4.0,6.610365044402662e-05,0.00015768713654013564,19.62006921903229,0.01507235880324859,0.0015364225920903246,4,-2.1860572236749587e-06,-0.007397402256940456,0.000162272108359579,9.810069006604348,0.009355180472978744,0.0019072608901488128,6,-1.6646948247586724e-06,0.1559388646266823,-0.0003359038660651427,0.0,0.0,nan,0,-0.07999718530737673,1.7650248925179575e-09,1.6107527332708691e-06,-9.640395048912646e-12,2
5.615,4.0,6.672789993166097e-05,8.834494432470964e-05,19.61989635120054,0.05729948871680226,0.005840957331387339,4,-2.186042889998352e-06,-0.007396679989771328,0.00011732025853578906,9.809897293995672,0.03810541303924171,0.007768769008940558,6,-1.6566440141016492e-06,0.15593743838701618,-0.00022160978894155957,0.0,0.0,nan,0,-0.07999719337256928,3.664832251058741e-09,1.4862763559550393e-06,-9.641698006654345e-12,2
5.62,4.0,6.68531890242582e-05,-2.924674523993766e-05,19.619762660177102,0.06684708009852056,0.006814259811022316,4,-2.1860209967368427e-06,-0.007396338092800107,2.695612992495098e-05,9.80976482369802,0.04296743543628719,0.008760135682863315,6,-1.6517580730956993e-06,0.1559368914781184,-1.3653935681495612e-05,0.0,0.0,nan,0,-0.07999719828045176,3.776284138777513e-09,4.654778195762197e-07,-9.642815335106327e-12,2
5.625,4.0,6.642680657442303e-05,-0.00012333872674538275,19.61983662574313,0.04953755414075671,0.0050497417573557805,4,-2.1860151003180728e-06,-0.007396482027526334,-7.623732609508339e-05,9.809837806274738,0.0356154537340616,0.007261170762941796,6,-1.6521828588647591e-06,0.155937382072636,0.00018363153693250547,0.0,0.0,nan,0,-0.07999719786161065,-2.51790604312347e-10,-4.7381869775249404e-07,-9.64005398839948e-12,2
5.63,4.0,6.567576350966982e-05,-0.0001632215831751639,19.619844732874412,0.01417871947964205,0.001445344718338634,4,-2.1860178218910398e-06,-0.007397099620630056,-0.0001529810071220533,9.809845654176032,0.01177688974692237,0.002401034667025362,6,-1.6569459468165904e-06,0.15593867098632144,0.00030025810947986677,0.0,0.0,nan,0,-0.07999719309584932,-1.3263045399184388e-09,-1.3340174772230166e-06,-9.644745346812338e-12,2
5.635,4.0,6.49096697973477e-05,-0.00013383947199113773,19.619999333821223,0.034579801098735444,0.0035249543601284746,4,-2.1860329320472216e-06,-0.007397904244064061,-0.00015490545378391547,9.809998845823912,0.0225316245940585,0.004593603923541774,6,-1.6649782119751433e-06,0.15594016198116017,0.00027280048004805005,0.0,0.0,nan,0,-0.07999718504852224,-4.1556873239826325e-09,-1.7128396785109481e-06,-9.642280651697672e-12,2
5.64,4.0,6.448297533460096e-05,-3.641183645975091e-05,19.62021943920457,0.0675131617560461,0.006881998640763743,4,-2.186055585714358e-06,-0.007398495001443842,-8.140451850256014e-05,9.810217380415438,0.0426118808143659,0.00868724497368098,6,-1.6724663947642604e-06,0.15594109971087058,0.00010187194432765004,0.0,0.0,nan,0,-0.079997177537734,-4.730714123492346e-09,-1.1623169909088086e-06,-9.64136760428222e-12,2
5.6450000000000005,4.0,6.463381151268991e-05,8.063752253027993e-05,19.620191687396698,0.06069148202740146,0.006186634972214617,4,-2.1860669224237073e-06,-0.007398652329303365,1.1667235028683644e-05,9.810188482521436,0.04043401255393663,0.008243269255422948,6,-1.6749908407567848e-06,0.15594102648059535,-0.00010824913310167435,0.0,0.0,nan,0,-0.07999717500199953,3.310919619011823e-10,-1.6635090218943067e-08,-9.648998833264282e-12,2
5.65,4.0,6.525270476129776e-05,0.00015086872803929318,19.620176519007742,0.03625781964328486,0.003695972827579692,4,-2.186061837178982e-06,-0.007398308798756085,0.00011279900212962692,9.810175401264019,0.027130120680838032,0.005531016433680152,6,-1.6727795418211566e-06,0.15593998433501827,-0.00027961207061675164,0.0,0.0,nan,0,-0.07999717721843194,4.862997134410589e-10,8.215516626367977e-07,-9.644170695374791e-12,2
5.655,4.0,6.606656412312183e-05,0.00016238554294881918,19.620095477255724,0.008765220391624404,0.0008934941628378254,4,-2.1860585822271184e-06,-0.007397579269712118,0.00016169148755511986,9.810095046887273,0.005980830541847717,0.0012193216300682885,6,-1.6664686757345004e-06,0.15593836122500673,-0.00034002133585322276,0.0,0.0,nan,0,-0.0799971835326012,1.384473834296858e-09,1.5551552439100767e-06,-9.646469301124976e-12,2
5.66,4.0,6.674384563087149e-05,0.00010334856003877645,19.61992539693277,0.05153127658713449,0.005252953367008265,4,-2.1860457271420664e-06,-0.007396823403152302,0.0001297291485293361,9.809926264086725,0.03415991110761436,0.006964356344383705,6,-1.6583265229630495e-06,0.15593684835550894,-0.00024902197881846474,0.0,0.0,nan,0,-0.07999719168765729,3.3894100007189136e-09,1.5659352556964144e-06,-9.647792686970333e-12,2
5.665,4.0,6.696091632818527e-05,-1.0525270143689074e-05,19.61975570988098,0.06797892744669148,0.006929640557395489,4,-2.1860240418322685e-06,-0.007396410546896505,4.192671570187742e-05,9.80975758271348,0.04332202249309605,0.008832434874728623,6,-1.6526461639534973e-06,0.1559361387073011,-4.7345680709378935e-05,0.0,0.0,nan,0,-0.07999719738974985,4.45149293076675e-09,6.536994522525085e-07,-9.648495236100311e-12,2
5.67,4.0,6.660947579990921e-05,-0.00011208698862067202,19.619836554309657,0.05314081721572823,0.005417049940108234,4,-2.186014892116561e-06,-0.007396473294103916,-5.9561544186516834e-05,9.809838118229207,0.03777494600711253,0.007701441257611978,6,-1.6523243112701036e-06,0.15593647317395756,0.0001557043327553297,0.0,0.0,nan,0,-0.0799971977208005,-2.2366028974756048e-11,-3.4609387579627293e-07,-9.647945453658517e-12,2
5.675,4.0,6.589103186418911e-05,-0.0001610794887480719,19.619831953914932,0.0206387374073565,0.002103864850202069,4,-2.186016815824282e-06,-0.007397028862027125,-0.00014527740283739018,9.809832899458657,0.016167034687019872,0.0032960876811493965,6,-1.6564119450432346e-06,0.15593766746491278,0.00029041272663802805,0.0,0.0,nan,0,-0.07999719363129124,-9.046798811765887e-10,-1.2109366362550012e-06,-9.647228693673818e-12,2
5.68,4.0,6.51035346889583e-05,-0.00014330081202425972,19.619972151663806,0.027409644968151417,0.0027940554406777826,4,-2.186029688273916e-06,-0.0073978297737789115,-0.00016021760405627203,9.809972019233903,0.017590997311553135,0.0035863501500439303,6,-1.6641353563703887e-06,0.1559391761531116,0.0002875742862383842,0.0,0.0,nan,0,-0.0799971858950557,-3.890704371957481e-09,-1.7096289292142918e-06,-9.648619581079067e-12,2
5.6850000000000005,4.0,6.460173478761607e-05,-5.5488668957765085e-05,19.620177300001206,0.06551493569701408,0.006678322493753414,4,-2.1860518888694447e-06,-0.00739847711318159,-9.490870346764173e-05,9.81017547725275,0.04188487247424108,0.00853906692522702,6,-1.6720358798974488e-06,0.15594024557186295,0.00013445327769081347,0.0,0.0,nan,0,-0.07999717797237982,-4.6527590792947375e-09,-1.3297202828830965e-06,-9.648949095272779e-12,2
5.69,4.0,6.46601520671047e-05,6.447374731102136e-05,19.620209646694363,0.06316080487865748,0.006438341487273444,4,-2.186067086906718e-06,-0.007398707510648656,-4.042180391155145e-06,9.810206167490241,0.04137913952777045,0.008435936782836549,6,-1.6754656675457835e-06,0.1559403378316734,-7.637562654466763e-05,0.0,0.0,nan,0,-0.0799971745274424,-4.709389180305101e-10,-1.7003747697492776e-07,-9.648595600261735e-12,2
5.695,4.0,6.522247592126691e-05,0.00014333415765242256,19.620172265791012,0.04139455401570376,0.004219591291548213,4,-2.186062290469165e-06,-0.007398443965918787,9.880101667200509e-05,9.81017106371804,0.030570290871320547,0.006232366525061278,6,-1.6739163880008512e-06,0.15593943224288784,-0.00025807919883856,0.0,0.0,nan,0,-0.07999717608156662,7.809427576263087e-10,6.829664008753281e-07,-9.648841625683992e-12,2
5.7,4.0,6.602563750054224e-05,0.00016519601411657702,19.620119988000155,0.00571680133524182,0.0005827488658314289,4,-2.1860596507994323e-06,-0.0073977546733680405,0.00015906254126421302,9.810119381359042,0.005732690035627707,0.0011687299232098702,6,-1.668187606933269e-06,0.1559378600687318,-0.0003402025447829182,0.0,0.0,nan,0,-0.07999718181303561,1.0172785983017033e-09,1.4781061447283631e-06,-9.642011533636498e-12,2
5.705,4.0,6.674776445105347e-05,0.00011695788462003521,19.619953301457738,0.04517881635881753,0.004605394892092918,4,-2.18604836649261e-06,-0.007396975678209823,0.00014032373023073388,9.809954055965306,0.029801213792966727,0.0060757091466386625,6,-1.6600635369470873e-06,0.15593627922677264,-0.00027322556913959763,0.0,0.0,nan,0,-0.07999718994843813,3.127862151562584e-09,1.6225353308538128e-06,-9.648670207248988e-12,2
5.71,4.0,6.705378563548402e-05,8.741929109674086e-06,19.619758612701055,0.06843580735803448,0.006976212980900983,4,-2.1860275800852924e-06,-0.0073964946433813265,5.6425359037419156e-05,9.809760044600193,0.04341179953426349,0.00885073627425976,6,-1.6536761279564716e-06,0.15593541245108483,-8.111120732278541e-05,0.0,0.0,nan,0,-0.07999719635668179,4.86160400653269e-09,8.458919843016715e-07,-9.649470456005137e-12,2
5.715,4.0,6.678327629498857e-05,-9.958717643235848e-05,19.61982751514439,0.056442124092031726,0.005753580050432604,4,-2.1860148806084057e-06,-0.007396478314838291,-4.254526673858214e-05,9.809829354519355,0.03909069113157094,0.007969698497061417,6,-1.652565929946559e-06,0.15593558691238293,0.00012618855910861689,0.0,0.0,nan,0,-0.07999719747962752,4.225268437893017e-10,-2.182189689719623e-07,-9.650014021197993e-12,2
5.72,4.0,6.610471805260173e-05,-0.00015725175634395314,19.619823729607436,0.02698812841207524,0.0027511081428676252,4,-2.1860161224691865e-06,-0.007396965731847299,-0.00013581738566206336,9.809824659310406,0.020518359010925424,0.004183226453788174,6,-1.6559829395523806e-06,0.15593667316831056,0.0002771252930574853,0.0,0.0,nan,0,-0.07999719406142433,-5.713091217344134e-10,-1.0798143952744485e-06,-9.651070065339015e-12,2
5.7250000000000005,4.0,6.530500676179116e-05,-0.00015102707211496824,19.61994482061933,0.020307602923755302,0.002070097863110531,4,-2.18602666350598e-06,-0.007397753340171759,-0.00016340997912148058,9.809945022407456,0.012825058115063437,0.0026147054006457706,6,-1.6633122232809217e-06,0.1559381807687777,0.00029849323740789146,0.0,0.0,nan,0,-0.07999718672164782,-3.5210609538608367e-09,-1.6866910918425632e-06,-9.649116960994096e-12,2
5.73,4.0,6.473573047123582e-05,-7.359911227677976e-05,19.620131379882828,0.06215160051285267,0.006335492796605712,4,-2.1860482637622858e-06,-0.007398450685914301,-0.00010815911231262749,9.8101294807979,0.040676886024180625,0.008292833668261064,6,-1.6714998172170925e-06,0.15593936767183822,0.0001658144458823589,0.0,0.0,nan,0,-0.07999717851250188,-4.548027988828022e-09,-1.4644891225648723e-06,-9.654675181544577e-12,2
5.735,4.0,6.469980182391087e-05,4.722717627434577e-05,19.620227582063286,0.06529229324985653,0.006655610183599135,4,-2.1860666357814695e-06,-0.0073987520188654584,-1.9285129943767344e-05,9.810223937574191,0.04215749360681527,0.008594603726699372,6,-1.6758387656121143e-06,0.15593962521463975,-4.3885789915084126e-05,0.0,0.0,nan,0,-0.07999717415522975,-1.4356162951215596e-09,-3.3618043009104943e-07,-9.649071663894688e-12,2
5.74,4.0,6.519918467251292e-05,0.00013454602901946964,19.62016361664832,0.04595442844728459,0.004684408279683338,4,-2.186062986488796e-06,-0.007398569300852039,8.365677991620783e-05,9.810162130463564,0.033567406365354345,0.006843394822419346,6,-1.6749599920512503e-06,0.15593886339515642,-0.00023414651739509567,0.0,0.0,nan,0,-0.07999717503770085,1.1389869021812896e-09,5.491139892114686e-07,-9.654113852783329e-12,2
5.745,4.0,6.598391451326722e-05,0.00016619960457395854,19.6201406400077,0.009634581391691835,0.0009821113485849154,4,-2.1860604282573914e-06,-0.007397928888437249,0.00015452033873982312,9.810139879952667,0.008820414135516937,0.0017982239281912247,6,-1.6698570066975282e-06,0.15593735853445517,-0.0003366636166463695,0.0,0.0,nan,0,-0.07999718014329271,7.064943475229082e-10,1.3823952592703517e-06,-9.655153021534378e-12,2
5.75,4.0,6.674240073754801e-05,0.0001290218293534707,19.619980084013964,0.03848145684634439,0.003922680520730849,4,-2.186050796593869e-06,-0.007397137087579484,0.00014896539851670158,9.809980674672405,0.02510686349301514,0.005118636687600521,6,-1.6618549592700704e-06,0.15593572852910306,-0.0002939308660749341,0.0,0.0,nan,0,-0.07999718815502008,2.8684728930458213e-09,1.6574475540497726e-06,-9.655856458842782e-12,2
5.755,4.0,6.713229671879045e-05,2.8066682341277e-05,19.61977696454256,0.06802930655211312,0.006934768593451158,4,-2.186031393677096e-06,-0.007396590756339801,7.075387050148096e-05,9.80977793624634,0.043209445091973935,0.008809464469591816,6,-1.654870731941649e-06,0.1559347125837877,-0.0001147641559201204,0.0,0.0,nan,0,-0.0799971951586986,4.862283662863905e-09,1.034629125096819e-06,-9.654692945112977e-12,2
5.76,4.0,6.694757847654589e-05,-8.559428561918681e-05,19.61981352408644,0.059513106102427694,0.006066633205189835,4,-2.1860152683052247e-06,-0.007396496783690867,-2.5855201434324626e-05,9.809815585287916,0.040208352980369816,0.008197575709918855,6,-1.652915546657141e-06,0.1559347236114622,9.550591910393924e-05,0.0,0.0,nan,0,-0.07999719713005754,1.0490124840431066e-09,-8.100205178502957e-08,-9.6553972705998e-12,2
5.765,4.0,6.631549749140655e-05,-0.00015188286821289776,19.619819899354958,0.0329944022953029,0.003363374634890268,4,-2.186015675229719e-06,-0.007396909906749408,-0.00012451736943787907,9.80982079108625,0.02465130804797666,0.005025842688253024,6,-1.6556570752515598e-06,0.15593568909776276,0.00026045670483232483,0.0,0.0,nan,0,-0.0799971943881703,-3.388990758593706e-10,-9.41501659076872e-07,-9.649861254509807e-12,2
5.7700000000000005,4.0,6.551247786607961e-05,-0.00015699587834188894,19.619917571854714,0.01343977667277744,0.0013700135715205197,4,-2.1860239336791987e-06,-0.00739767399521185,-0.000164374943675776,9.809918048881851,0.008600248635659221,0.0017533782836523268,6,-1.6625038932183145e-06,0.15593717648828304,0.00030542732433239334,0.0,0.0,nan,0,-0.07999718753314215,-3.0622694433005615e-09,-1.6413997831311152e-06,-9.658202138049213e-12,2
5.775,4.0,6.488381954004257e-05,-9.01029124951678e-05,19.62009999178203,0.056756199304037705,0.005785515805506628,4,-2.1860446814472856e-06,-0.007398413075576186,-0.00012143394040948379,9.810098423475878,0.03780721498425547,0.007707815630836404,6,-1.6708542084839517e-06,0.15593846450958163,0.00019559339035360684,0.0,0.0,nan,0,-0.0799971791621274,-4.574031227501432e-09,-1.5648335377232542e-06,-9.657358368550497e-12,2
5.78,4.0,6.475302992563e-05,2.8935224184317127e-05,19.620242788153657,0.06695399058313535,0.0068249910366614775,4,-2.1860653772673433e-06,-0.007398784180545546,-3.419101313184998e-05,9.810239168105694,0.042713066963405544,0.008707854361445342,6,-1.676073108421161e-06,0.15593888668694925,-1.068763846531088e-05,0.0,0.0,nan,0,-0.07999717392257993,-2.4912576889760585e-09,-5.173357280961582e-07,-9.653095112135935e-12,2
5.785,4.0,6.518244906180319e-05,0.00012440904153558868,19.62015619437348,0.04992755016997994,0.005089414138741442,4,-2.1860639548669514e-06,-0.0073986823870366356,6.751655840978027e-05,9.810154182676468,0.036061236736463755,0.00735181854738705,6,-1.6758974300187801e-06,0.15593827575726374,-0.00020786899221937575,0.0,0.0,nan,0,-0.07999717409972901,1.3746931993282674e-09,4.2120709318120797e-07,-9.656204624783306e-12,2
5.79,4.0,6.594077160915982e-05,0.00016537087103430433,19.62015704186595,0.015892666581911553,0.0016200345948301441,4,-2.186060989891464e-06,-0.007398099019989161,0.00014808841846222754,9.810156141455698,0.013075909078549348,0.0026657902055795524,6,-1.6714502113282514e-06,0.15593685435080418,-0.00032940264662944727,0.0,0.0,nan,0,-0.07999717854996097,4.68555863496154e-10,1.2709504810370251e-06,-9.658926003461265e-12,2
5.795,4.0,6.672690956736004e-05,0.00013955759782420383,19.62000643076101,0.031520868626649816,0.0032131354021607424,4,-2.1860530404309297e-06,-0.007397304539117377,0.00015553305982363966,9.810006803785875,0.02026311661046074,0.004131111632387615,6,-1.6636708909043008e-06,0.15593519401528516,-0.00031103397964026507,0.0,0.0,nan,0,-0.07999718633727915,2.594914599694751e-09,1.6720346597411283e-06,-9.658050259539442e-12,2
5.8,4.0,6.719525421298715e-05,4.7240126534889807e-05,19.619811214968934,0.06660136524146988,0.006789195320152355,4,-2.1860351673702594e-06,-0.007396697572600222,8.481067907477452e-05,9.809811991810314,0.04268199777187568,0.008701899242821083,6,-1.6562065625266853e-06,0.15593403898760907,-0.00014799409245974885,0.0,0.0,nan,0,-0.07999719381952888,4.5171245668925816e-09,1.2079856476151952e-06,-9.65884873193875e-12,2
5.805,4.0,6.710079998721001e-05,-7.0090515628056e-05,19.61979715056723,0.062102014965056976,0.006330546079398333,4,-2.1860161528892974e-06,-0.00739652785883198,-9.675794410341713e-06,9.809799378220335,0.04121814560296202,0.008403463519238595,6,-1.6533679274774449e-06,0.155933884011729,6.382305833094044e-05,0.0,0.0,nan,0,-0.07999719667722671,1.8062494691592037e-09,6.730984139140534e-08,-9.660397715102706e-12,2
5.8100000000000005,4.0,6.652227336221521e-05,-0.00014498310751420406,19.61982011153332,0.03854963311849284,0.003929662239444471,4,-2.1860153944647243e-06,-0.007396862688660855,-0.00011159782646313522,9.80982093708237,0.0284410986345379,0.0057984949607035,6,-1.655435218329837e-06,0.15593471765202097,0.00024063771741717263,0.0,0.0,nan,0,-0.07999719461074256,-2.282490338415441e-10,-8.00533606158127e-07,-9.658441058044109e-12,2
5.815,4.0,6.572498494857181e-05,-0.00016106071090535193,19.619891751340397,0.007665575318509816,0.0007814085231113588,4,-2.1860215740771016e-06,-0.007397593575386432,-0.00016327895713972386,9.809892442863289,0.005883704570063699,0.0011995451742886545,6,-1.6617273428734536e-06,0.15593616611117408,0.00030839648663391216,0.0,0.0,nan,0,-0.07999718831248673,-2.54381680603465e-09,-1.5746543323683192e-06,-9.655485200263349e-12,2
5.82,4.0,6.504527758710528e-05,-0.00010494116165939527,19.62006792691149,0.05067895694580305,0.005166032771608322,4,-2.186041087214735e-06,-0.007398364452922889,-0.0001336515034622531,9.810066648885304,0.03367632757681875,0.0068656674377732835,6,-1.6701257264731262e-06,0.1559375369802616,0.00022264951886034402,0.0,0.0,nan,0,-0.07999717989463828,-4.514373976806419e-09,-1.6404156670162929e-06,-9.663628020015163e-12,2
5.825,4.0,6.482142110035815e-05,9.891802058236932e-06,19.620251584266562,0.0680365810663961,0.006935342370528468,4,-2.1860632944126213e-06,-0.007398803896919232,-4.8677185173066044e-05,9.810248219467951,0.043008720104270315,0.008768120671793328,6,-1.6761577645782455e-06,0.15593812056511006,2.2842272003105548e-05,0.0,0.0,nan,0,-0.07999717384044128,-3.4989022727486165e-09,-7.095953262597602e-07,-9.661256583634563e-12,2
5.83,4.0,6.51747137270624e-05,0.00011318256616279833,19.62016141775182,0.05334973915251921,0.005438256904884558,4,-2.186065067365933e-06,-0.007398781874224909,5.053483289277313e-05,9.81015904632499,0.03778099213793387,0.007702421940261429,6,-1.6767275856297004e-06,0.15593766553433014,-0.00017966047501503747,0.0,0.0,nan,0,-0.07999717326889558,1.3264444627666514e-09,2.9796477322745456e-07,-9.654888344365313e-12,2
5.835,4.0,6.589965986711309e-05,0.00016288148114087443,19.620168836087558,0.022306793721881695,0.0022738635847875687,4,-2.1860613529899042e-06,-0.007398263448324416,0.00013962078191366093,9.810167837605292,0.017489359731273493,0.003565557699070463,6,-1.6729473027513042e-06,0.15593634244700652,-0.0003184453038586585,0.0,0.0,nan,0,-0.07999717705294113,3.261163064579686e-10,1.1461764253103855e-06,-9.660059319124809e-12,2
5.84,4.0,6.670443323701995e-05,0.00014839451734652013,19.620032797098403,0.024486271613647158,0.0024960479798248267,4,-2.1860550532444567e-06,-0.007397476969232488,0.0001598261938635857,9.810032908232747,0.015433704332767448,0.003146514283314018,6,-1.6654946613722799e-06,0.1559346714794374,-0.00032416371685670413,0.0,0.0,nan,0,-0.07999718451193055,2.2815451075616335e-09,1.664592687881039e-06,-9.662451183609061e-12,2
5.845,4.0,6.724392119714921e-05,6.554371596410627e-05,19.61985517754913,0.06382067610693747,0.006505723465274814,4,-2.1860386426562906e-06,-0.007396815953195305,9.864361231702451e-05,9.809856227487307,0.0416462256311021,0.008490690314993403,6,-1.6576807664869797e-06,0.15593339126050856,-0.00018013029877120027,0.0,0.0,nan,0,-0.07999719234228433,4.063234608385437e-09,1.351631008013654e-06,-9.662261113427245e-12,2
5.8500000000000005,4.0,6.724182653243878e-05,-5.351248059996588e-05,19.619780355753402,0.0643896168765783,0.006563744925686324,4,-2.186017654774719e-06,-0.0073965724133483015,6.0813463973777125e-06,9.809782666783086,0.04208646514785344,0.008580509187091873,6,-1.6539459150935465e-06,0.15593307010057056,3.148819887114649e-05,0.0,0.0,nan,0,-0.07999719609817192,2.6520664278536627e-09,2.2811364451340576e-07,-9.663040045901323e-12,2
5.855,4.0,6.672327533620226e-05,-0.00013671694543144399,19.619824629003283,0.04359890653103111,0.004444372705205571,4,-2.1860151858260624e-06,-0.007396827138338324,-9.742910707515097e-05,9.809825457189659,0.0317869147428936,0.006480627995189629,6,-1.6553334983640533e-06,0.1559337636621769,0.00021820315233425977,0.0,0.0,nan,0,-0.07999719471310593,-2.2934425109176572e-10,-6.606130781461993e-07,-9.667061717785727e-12,2
5.86,4.0,6.594005400146683e-05,-0.00016325908098243036,19.619868358783926,0.006880537712196897,0.0007013846970197882,4,-2.1860196141101906e-06,-0.007397516194510238,-0.00016029939547353871,9.809869181812084,0.006757784743741928,0.0013777522652944545,6,-1.6610201951719472e-06,0.15593515622527937,0.0003076156114458959,0.0,0.0,nan,0,-0.07999718902202918,-2.010935405695511e-09,-1.4891070119683156e-06,-9.661721100948069e-12,2
5.865,4.0,6.521769503712e-05,-0.00011827813108590359,19.62003808700397,0.044095311827041045,0.00449492622098926,4,-2.186037543767949e-06,-0.007398308795198731,-0.00014408403486661927,9.810037128263954,0.029161791705720908,0.005945296908551367,6,-1.6693620614807725e-06,0.15593659147070385,0.00024641933610621957,0.0,0.0,nan,0,-0.07999718066228154,-4.4209632896211475e-09,-1.692227111555433e-06,-9.663681310720349e-12,2
5.87,4.0,6.490427212436951e-05,-9.66475293986305e-06,19.620249535095535,0.06840874549814503,0.006973279863314637,4,-2.1860604570572706e-06,-0.007398814684796883,-6.278329218507198e-05,9.810246654853882,0.04303232770335082,0.008772934915364114,6,-1.6761149249713836e-06,0.15593733106916224,5.650525044301404e-05,0.0,0.0,nan,0,-0.07999717388655309,-4.291803516966217e-09,-9.078683062709422e-07,-9.665615763318456e-12,2
5.875,4.0,6.517529737092163e-05,0.00010049970138409941,19.620171256374206,0.05666937283758812,0.005776644056476047,4,-2.1860661206310472e-06,-0.007398870351505366,3.3603486074656975e-05,9.810168487737837,0.03894049548350772,0.007938802586761107,6,-1.6774850864417767e-06,0.15593703599674746,-0.00015004594697370872,0.0,0.0,nan,0,-0.07999717251077637,1.0730448592441008e-09,1.700511547426013e-07,-9.668989064956479e-12,2
5.88,4.0,6.585987353315626e-05,0.00015879939113851624,19.620175944689443,0.028511470940634463,0.00290634202476167,4,-2.1860616401872535e-06,-0.00739842289502049,0.00012940453418896046,9.810174870322708,0.021783812607366428,0.004441065097272796,6,-1.6743705131064268e-06,0.1559358242503995,-0.00030414664967210657,0.0,0.0,nan,0,-0.07999717562987846,2.992803658771326e-10,1.0132791035772252e-06,-9.663830524694862e-12,2
5.885,4.0,6.667449116190846e-05,0.00015557377852601053,19.620060373116218,0.017528353495173198,0.0017867787521378764,4,-2.186056828622912e-06,-0.007397653853921342,0.00016205021151286344,9.810060243784747,0.010875014839697819,0.002217114792253755,6,-1.667330753893359e-06,0.1559341608781466,-0.0003335666792140381,0.0,0.0,nan,0,-0.07999718267449757,1.9200465884424835e-09,1.637516173535736e-06,-9.664353661784068e-12,2
5.89,4.0,6.727791717798487e-05,8.266282657319321e-05,19.619885183007337,0.05925241435528876,0.006040036809859307,4,-2.1860417994297443e-06,-0.007396946028253018,0.0001124365222431659,9.809886182619612,0.03945031494174629,0.008042970979957192,6,-1.6592769842629917e-06,0.15593276991311303,-0.0002110420028205935,0.0,0.0,nan,0,-0.07999719074334471,3.807457643444048e-09,1.4635939326207884e-06,-9.665431910385582e-12,2
5.8950000000000005,4.0,6.7369781699315e-05,-3.57843579040164e-05,19.619765404737752,0.06627728194141518,0.006756174762967414,4,-2.1860198353082505e-06,-0.007396629642347572,2.1569266133075694e-05,9.80976766429343,0.042767012688455903,0.008719271271657848,6,-1.6546593249941455e-06,0.15593228194951297,-1.727527058475496e-06,0.0,0.0,nan,0,-0.07999719538301645,3.509300614599989e-09,4.034004726937602e-07,-9.669600131709234e-12,2
5.9,4.0,6.691807070794972e-05,-0.00012707353429534476,19.619832838875396,0.048070493122463066,0.0049001939534586226,4,-2.1860149589450484e-06,-0.007396802465107514,-8.191517044004205e-05,9.809833900808751,0.03469254692857583,0.007073014136501471,6,-1.6553429357732408e-06,0.15593282677026685,0.00019304612108123797,0.0,0.0,nan,0,-0.0799971947043304,-2.684557082758139e-10,-5.238250805710942e-07,-9.66286596293107e-12,2
5.905,4.0,6.615730489098569e-05,-0.0001635292504984456,19.619849420563114,0.011931611349029772,0.0012162796047277024,4,-2.1860180848959354e-06,-0.007397440025619068,-0.0001551901395912274,9.809850331328501,0.010264826307251224,0.0020927590045833264,6,-1.6603743737894638e-06,0.15593414538377384,0.00030277684161338634,0.0,0.0,nan,0,-0.07999718966981476,-1.5071444829387466e-09,-1.3834379064857184e-06,-9.6697653328953e-12,2
5.91,4.0,6.54012733894125e-05,-0.00013000868291902543,19.62000931602757,0.03712201249671017,0.0037840973364253426,4,-2.186034075143256e-06,-0.007398243091164033,-0.00015238909036671664,9.810008692391698,0.02430214128187957,0.004954560601098645,6,-1.6685422557297103e-06,0.1559356247681747,0.00026645525998661836,0.0,0.0,nan,0,-0.0799971814859909,-4.2608291507831715e-09,-1.7189560345912236e-06,-9.667846867508746e-12,2
5.915,4.0,6.500351243544415e-05,-2.9339629875248023e-05,19.62023122714122,0.06790025487946807,0.0069214530749810675,4,-2.1860570077157637e-06,-0.0073988121905887334,-7.659653293177157e-05,9.810228945865843,0.04275453144879216,0.008716316751569692,6,-1.6758931260033028e-06,0.15593651191608365,8.999368468546097e-05,0.0,0.0,nan,0,-0.0799971741122364,-4.709802384485248e-09,-1.1028936275845998e-06,-9.664757782965032e-12,2
5.92,4.0,6.51870199257493e-05,8.617417471497893e-05,19.62018650063463,0.05971699869426951,0.006087301840106149,4,-2.1860669265488797e-06,-0.007398943477798475,1.7251495677494114e-05,9.810183381303522,0.040050209903374386,0.008165027777095995,6,-1.678120380467496e-06,0.15593637998350923,-0.00011936811333250865,0.0,0.0,nan,0,-0.07999717187511146,5.617464574044918e-10,3.333448481350791e-08,-9.669777767393178e-12,2
5.925,4.0,6.582445739105e-05,0.00015319403988286773,19.62017787514057,0.03429908870612498,0.003496307620083617,4,-2.186061913544979e-06,-0.0073985724151803605,0.0001173702070311251,9.81017675224212,0.025788819359468636,0.00525756467202787,6,-1.6756687444205443e-06,0.15593529177130785,-0.0002865066546706855,0.0,0.0,nan,0,-0.07999717433180886,4.140314456265872e-10,8.744808157851618e-07,-9.66945091773473e-12,2
5.93,4.0,6.663993321587755e-05,0.00016090404953554208,19.620087226223013,0.01087016707916518,0.001108065112436073,4,-2.1860583070791584e-06,-0.007397831141946842,0.00016207896200851036,9.810086864653732,0.006971199784131528,0.0014212310003592595,6,-1.6691296061827066e-06,0.1559336553103075,-0.00033892538411594496,0.0,0.0,nan,0,-0.07999718087460192,1.536087075369689e-09,1.5874128925591927e-06,-9.669613454385536e-12,2
5.9350000000000005,4.0,6.729921169847081e-05,9.816692514467407e-05,19.61991455001217,0.053662008206620836,0.005470157178292864,4,-2.186044760418837e-06,-0.007397086425776826,0.00012541519423424748,9.80991546004365,0.03562492398528092,0.007263044035472739,6,-1.6609518176738391e-06,0.15593217160388878,-0.00023952445676431611,0.0,0.0,nan,0,-0.07999718906598545,3.5279627131331742e-09,1.5512204212601468e-06,-9.669555722788255e-12,2
5.94,4.0,6.748392343630842e-05,-1.72747839735658e-05,19.619755121369124,0.06764537054268216,0.006895638617732317,4,-2.1860226697319185e-06,-0.0073966992772733775,3.6528610701549863e-05,9.809757161957188,0.043215679947456904,0.0088107542794331,6,-1.6555091401290745e-06,0.15593152003205735,-3.519612892370657e-05,0.0,0.0,nan,0,-0.07999719453080201,4.277111611604393e-09,5.885730399467942e-07,-9.667831768475615e-12,2
5.945,4.0,6.710510729753926e-05,-0.00011619708161377222,19.619837865780404,0.05192961146276929,0.0052935821200991075,4,-2.1860147142969966e-06,-0.007396791310691678,-6.570981247521126e-05,9.809839366386413,0.037080887325868984,0.0075599377198626305,6,-1.655464478528268e-06,0.15593191117020022,0.0001659646270838563,0.0,0.0,nan,0,-0.07999719458346741,-1.5573531259170629e-10,-3.9474219982766854e-07,-9.673415746200268e-12,2
5.95,4.0,6.637441074844812e-05,-0.00016199811195897324,19.619834894817892,0.0183272587548589,0.0018682378167921897,4,-2.186016927811091e-06,-0.007397370437252328,-0.00014836046967606648,9.809835851617256,0.014587653362355384,0.0029740871474318205,6,-1.659828435120192e-06,0.1559331412820717,0.00029441634982109937,0.0,0.0,nan,0,-0.07999719021734565,-1.0571848489418914e-09,-1.2658187118653293e-06,-9.672061274110226e-12,2
5.955,4.0,6.559366836701182e-05,-0.00014009476107220057,19.619981770436254,0.03000245787887438,0.0030583573654571513,4,-2.1860307410047353e-06,-0.007398174276065256,-0.00015862498262616108,9.809981500829931,0.01937967310341636,0.003951011141412821,6,-1.6677306494544686e-06,0.1559346461522038,0.00028277754707613863,0.0,0.0,nan,0,-0.07999718230136649,-4.029363542325289e-09,-1.7254612370052985e-06,-9.669122291719437e-12,2
5.96,4.0,6.511796775854303e-05,-4.872506885919149e-05,19.62019580171119,0.06641915176187133,0.006770488167715282,4,-2.1860533072556865e-06,-0.00739880203530092,-9.005175331196525e-05,9.81019394639416,0.0422029761600475,0.00860390251011493,6,-1.6755542737931228e-06,0.15593566990116162,0.00012283466074230017,0.0,0.0,nan,0,-0.07999717445522427,-4.7493578305149856e-09,-1.2822956206991026e-06,-9.676746415274144e-12,2
5.965,4.0,6.52101156699819e-05,7.047691484873397e-05,19.62020411390831,0.06229300108428434,0.006349883082014041,4,-2.1860673291643207e-06,-0.007399006543987214,1.486746424284014e-06,9.810200687907878,0.04104229529300182,0.008367269253439603,6,-1.6786771905516473e-06,0.15593570255122613,-8.790578750327031e-05,0.0,0.0,nan,0,-0.07999717131833395,-1.5932334024447332e-10,-1.1438228691302778e-07,-9.675896428526492e-12,2
5.97,4.0,6.579376107303037e-05,0.00014622058252728693,19.620175470672184,0.03960733823765256,0.004037409175759591,4,-2.1860622960133413e-06,-0.00739871442289159,0.0001039248613193146,9.81017429962799,0.029391578351781626,0.0059920603761130274,6,-1.6768842111686277e-06,0.15593474707419308,-0.00026608753487777817,0.0,0.0,nan,0,-0.07999717311639487,6.630729112985384e-10,7.354061079400294e-07,-9.676360945839996e-12,2
5.9750000000000005,4.0,6.660177332224124e-05,0.00016441383352062107,19.620112675493182,0.006009075442358084,0.0006125423988888522,4,-2.186059485820291e-06,-0.007398009784588382,0.00016021685459782079,9.810112119639568,0.005312335758021949,0.0010830326286254777,6,-1.6709079856611075e-06,0.15593315471328234,-0.00034057274394997197,0.0,0.0,nan,0,-0.07999717909547893,1.1543628080631513e-09,1.517398120324188e-06,-9.676169987479762e-12,2
5.98,4.0,6.730891926649344e-05,0.00011229010479663458,19.619943256428307,0.04751131259155368,0.004843165137696003,4,-2.1860474977986044e-06,-0.007397237999378975,0.0001367047599874903,9.809944072114078,0.03142148951043519,0.00640604865419253,6,-1.66270905525151e-06,0.1559315960719463,-0.0002649368854152129,0.0,0.0,nan,0,-0.07999718730644573,3.258341685406744e-09,1.616540418881641e-06,-9.676272127998029e-12,2
5.985,4.0,6.758366017836866e-05,1.82085313057845e-06,19.61975434495416,0.06834864701933681,0.00696732954119936,4,-2.1860260951758748e-06,-0.007396781128684987,5.128533229245502e-05,9.809755982010309,0.04339978891569222,0.00884829123074646,6,-1.6565192031206544e-06,0.1559307847503341,-6.90481708550827e-05,0.0,0.0,nan,0,-0.07999719351774887,4.793601494466851e-09,7.823627314673018e-07,-9.676141565770334e-12,2
5.99,4.0,6.728364304485986e-05,-0.00010419619198643364,19.619830301051174,0.055272769555854404,0.005634377943920651,4,-2.1860146162955285e-06,-0.007396792740809402,-4.859566303529216e-05,9.809832070088849,0.03868312159627927,0.00788660220071003,6,-1.6556908139300774e-06,0.15593101666976167,0.00013684990479440528,0.0,0.0,nan,0,-0.07999719435766534,2.3721016445400704e-10,-2.6606409509073366e-07,-9.676661150145856e-12,2
5.995,4.0,6.659019301078219e-05,-0.000158773615700261,19.61982490273561,0.024758080244801483,0.002523781977417081,4,-2.1860161269551814e-06,-0.007397305215546385,-0.0001394143043042342,9.809825857373252,0.018988063392906786,0.003871233530335301,6,-1.659370397623372e-06,0.15593214288487842,0.00028224600498355913,0.0,0.0,nan,0,-0.07999719067661934,-6.84586648648553e-10,-1.134978918798723e-06,-9.6759372847338e-12,2
6.0,4.0,6.579391013244857e-05,-0.00014845792749036555,19.619954500444663,0.022820364800793948,0.0023262403386589657,4,-2.186027599642565e-06,-0.0073980987926545085,-0.00016253075956190402,9.809954589904365,0.014496989210954546,0.002955567037155036,6,-1.6668998179258931e-06,0.1559336530353866,0.00029504680724001684,0.0,0.0,nan,0,-0.07999718313577475,-3.6957303377064133e-09,-1.7083898079446982e-06,-9.676567003233371e-12,2
6.005,4.0,6.524785057762089e-05,-6.725315963237894e-05,19.620147676136607,0.06353636921810818,0.006476645361378757,4,-2.1860496071252067e-06,-0.007398779110835342,-0.00010345744542327954,9.81014576847756,0.041177091540260405,0.008394797082949094,6,-1.67505246975036e-06,0.15593479970382002,0.00015476876045342154,0.0,0.0,nan,0,-0.07999717496116379,-4.608559605880123e-09,-1.4298894582516867e-06,-9.673875822621681e-12,2
6.01,4.0,6.524595107854093e-05,5.3550599067849195e-05,19.62022244978684,0.06455644813968346,0.006580603079796867,4,-2.18606708350666e-06,-0.007399055625072527,-1.3991225259833764e-05,9.81021881383019,0.04188402463415058,0.008538856355600056,6,-1.6790959436255304e-06,0.15593499840843011,-5.5501183198903445e-05,0.0,0.0,nan,0,-0.07999717090026193,-1.08660911907342e-09,-2.7793900135437623e-07,-9.676893852891823e-12,2
6.015000000000001,4.0,6.57686277983474e-05,0.00013780883059062585,19.620167915521094,0.04439134417299381,0.004525072809175784,4,-2.186062899107305e-06,-0.007398844506395519,8.911089935587237e-05,9.810166547313418,0.0325605673771897,0.006638127338644753,6,-1.6779770329045096e-06,0.1559341849040832,-0.00024286150412450807,0.0,0.0,nan,0,-0.07999717202340545,1.0176395673341526e-09,5.976681458045759e-07,-9.676717105386304e-12,2
6.0200000000000005,4.0,6.656070082131476e-05,0.00016603145636069568,19.620135177148626,0.007735435712600742,0.0007885201241233166,4,-2.1860603782591914e-06,-0.007398185935486575,0.00015632767915362494,9.810134464142033,0.007514974987249202,0.0015320839922669583,6,-1.6726214196946532e-06,0.1559326545513772,-0.0003383008744793533,0.0,0.0,nan,0,-0.0799971773815879,8.142109289551863e-10,1.4266523775862577e-06,-9.676394696619951e-12,2
6.025,4.0,6.730727298718346e-05,0.00012493554374579132,19.619970679940273,0.04088994486564664,0.004168196327373015,4,-2.1860500428842744e-06,-0.007397397640460097,0.0001460981134700764,9.809971343080782,0.026800229691364634,0.005463875225337433,6,-1.6645108102744666e-06,0.15593103997558688,-0.0002869753609674662,0.0,0.0,nan,0,-0.07999718550258109,2.996372120254956e-09,1.6592142524382465e-06,-9.676844114900322e-12,2
6.03,4.0,6.766825438604825e-05,2.1267143436529528e-05,19.619766362180286,0.06828694926735229,0.006961035927419043,4,-2.1860298895400032e-06,-0.007396874409708102,6.561029491451725e-05,9.809767509855153,0.043311263834619806,0.008830232478212794,6,-1.6576756263833592e-06,0.1559300760550141,-0.00010281910688988988,0.0,0.0,nan,0,-0.0799971923579667,4.965266976296416e-09,9.754539492121025e-07,-9.676352952234227e-12,2
6.035,4.0,6.745274734074126e-05,-9.069861420755487e-05,19.619817854257604,0.05846261961700691,0.0059595476422142435,4,-2.186014827470356e-06,-0.007396808043829432,-3.175702781709547e-05,9.809819878067325,0.03981861727200322,0.00811811384244255,6,-1.6560178536309533e-06,0.15593014548793488,0.0001065140087039321,0.0,0.0,nan,0,-0.07999719403084993,8.037041868122081e-10,-1.3242483423321276e-07,-9.681784163270694e-12,2
6.04,4.0,6.680365298221458e-05,-0.00015390776644303228,19.619819579076953,0.03091400947044987,0.003151304154031805,4,-2.1860155966849093e-06,-0.007397248344936637,-0.00012877805430385085,9.809820501446323,0.023219357347227385,0.004733900552778517,6,-1.659021300913499e-06,0.15593115517533088,0.0002667442226472698,0.0,0.0,nan,0,-0.07999719102668182,-4.1545724899370737e-10,-9.981285790788378e-07,-9.679374535218048e-12,2
6.045,4.0,6.600101203729597e-05,-0.00015505272148131147,19.619926735395314,0.01583463120033012,0.001614137648308713,4,-2.1860247320787396e-06,-0.007398022141459296,-0.0001643066384352248,9.809927120289913,0.010020724657534437,0.002042976371722177,6,-1.6660967668905013e-06,0.15593265190490482,0.00030341779703906593,0.0,0.0,nan,0,-0.07999718394212886,-3.260068994261107e-09,-1.6711618106473694e-06,-9.683809210067611e-12,2
6.05,4.0,6.539261154951352e-05,-8.447222086747204e-05,19.62011196497672,0.05879304909300645,0.005993141037926407,4,-2.1860459940709065e-06,-0.007398747445226526,-0.00011664718469816565,9.810110261049664,0.03919978894598602,0.00799171220360814,6,-1.6744577565411256e-06,0.15593390590144232,0.00018517787791262158,0.0,0.0,nan,0,-0.07999717555992561,-4.615715917867565e-09,-1.5422252364343904e-06,-9.678984624891803e-12,2
6.055,4.0,6.529572492598831e-05,3.5615749431102534e-05,19.6202392617837,0.06641053073798457,0.006769594381791154,4,-2.1860661311746965e-06,-0.007399093909179719,-2.8983540317298482e-05,9.81023556852411,0.04252705972659165,0.008669936502450284,6,-1.6794023970020944e-06,0.15593426954447764,-2.2573701540996345e-05,0.0,0.0,nan,0,-0.07999717059519645,-2.131298852904625e-09,-4.5437740846383423e-07,-9.682985868672551e-12,2
6.0600000000000005,4.0,6.57511004726059e-05,0.00012820587301962677,19.62015898092287,0.04856124754687119,0.004950138028350168,4,-2.1860637805064254e-06,-0.007398963798697119,7.3262940742256e-05,9.810157156823669,0.03522876208168398,0.007182099433989159,6,-1.6789744138878682e-06,0.15593360435108314,-0.00021741027096328923,0.0,0.0,nan,0,-0.07999717102557864,1.3235835192845356e-09,4.6724043980643884e-07,-9.682848201017499e-12,2
6.065,4.0,6.651975963322891e-05,0.00016586337616566018,19.62015295134952,0.013594676102884768,0.0013857869647188141,4,-2.1860610016008475e-06,-0.007398359617702363,0.00015054043064963607,9.810152085881263,0.011511614597988405,0.00234687790713375,6,-1.6742711493947238e-06,0.15593215180373862,-0.0003323452287890459,0.0,0.0,nan,0,-0.07999717573167045,5.456995460492306e-10,1.3190301485048084e-06,-9.68294057157315e-12,2
6.07,4.0,6.729709642147934e-05,0.00013600745926300005,19.61999743165756,0.03401106912532268,0.003466979977320957,4,-2.1860523727740278e-06,-0.007397565221098809,0.0001533788162002344,9.80999789680449,0.021995938794399622,0.0044843921529411504,6,-1.6663530581703667e-06,0.15593050036333383,-0.0003053276622086625,0.0,0.0,nan,0,-0.07999718365843891,2.724536948993342e-09,1.6803038940055758e-06,-9.68326830941002e-12,2
6.075,4.0,6.77383760753827e-05,4.0491474137953626e-05,19.6197957811956,0.06724240676787059,0.006854547062341843,4,-2.1860337529253093e-06,-0.00739697954922248,7.977518452567553e-05,9.809796601028335,0.042907977888967705,0.00874798523028903,6,-1.658994743865272e-06,0.15592939370496678,-0.00013620801018055778,0.0,0.0,nan,0,-0.0799971910354215,4.7170079984767546e-09,1.1569101882537471e-06,-9.683663548806785e-12,2
6.08,4.0,6.761146541938134e-05,-7.573444524731977e-05,19.61980189081177,0.06119603922970358,0.006238191350786528,4,-2.1860155318687013e-06,-0.007396836727642465,-1.5405038697066905e-05,9.809804103041955,0.04086572696233119,0.008331609180586797,6,-1.6564582025827002e-06,0.15592929808738204,7.519816766175376e-05,0.0,0.0,nan,0,-0.07999719359023225,1.5282237733601619e-09,1.2835019086822194e-08,-9.679344337151782e-12,2
6.085,4.0,6.70132605560236e-05,-0.0001475640100066037,19.619818284258116,0.036638653303302,0.003734861635563555,4,-2.186015264339647e-06,-0.007397199934949304,-0.00011641902819791236,9.809819150699168,0.02714556553698279,0.005534366152927104,6,-1.6587814859261862e-06,0.15593017979306775,0.00024804175715661183,0.0,0.0,nan,0,-0.07999719126726484,-2.5529412356482915e-10,-8.565441561286344e-07,-9.685472768247711e-12,2
6.09,4.0,6.621307958480142e-05,-0.0001598141549610965,19.619900113090992,0.009451524354245714,0.0009634630451496917,4,-2.186022210817762e-06,-0.007397943998875071,-0.0001639559528819099,9.80990074004115,0.0065459532283871314,0.0013345605428337233,6,-1.6653226544774413e-06,0.15593164433165638,0.00030782886203018417,0.0,0.0,nan,0,-0.07999718471919823,-2.7561074923979504e-09,-1.611597850732792e-06,-9.680312451629255e-12,2
6.095,4.0,6.555059563810586e-05,-9.982872636528666e-05,19.62007972806224,0.052928353197190046,0.005395324986522618,4,-2.186042363905294e-06,-0.00739870490637072,-0.00012951481619072097,9.810078328970885,0.0352126133106225,0.0071788648632159155,6,-1.6737732796215377e-06,0.15593298801696662,0.00021340233198102247,0.0,0.0,nan,0,-0.07999717624846843,-4.577168710663592e-09,-1.6273106367029155e-06,-9.684253299277466e-12,2
6.1000000000000005,4.0,6.535961464454425e-05,1.6775372150970808e-05,19.620250922967653,0.06771308825352829,0.0069023672041077415,4,-2.1860643176462025e-06,-0.007399120337015422,-4.363379363067882e-05,9.810247401618833,0.04291762398850483,0.008749549778209019,6,-1.6795644379660746e-06,0.15593351472264888,1.0917246145138994e-05,0.0,0.0,nan,0,-0.07999717043540477,-3.1825943533362196e-09,-6.44664965548557e-07,-9.68430747816107e-12,2
6.105,4.0,6.574084443056274e-05,0.00011730071381297365,19.620159667724245,0.052123134021477786,0.005313222206567657,4,-2.1860648745652966e-06,-0.007399070611652045,5.657238456951236e-05,9.81015740313712,0.03733427921870105,0.007611351721382612,6,-1.679870875480327e-06,0.15593300406171973,-0.00018981423847609153,0.0,0.0,nan,0,-0.07999717012845876,1.3704978903391743e-09,3.424002184645903e-07,-9.684075663593527e-12,2
6.11,4.0,6.64783658958959e-05,0.0001639383181060824,19.620166645494244,0.020060095258191316,0.0020448445337540597,4,-2.1860614441843174e-06,-0.00739852849296861,0.000142829803097242,9.810165662200664,0.015940037038726266,0.0032496978313311213,6,-1.6758383706502733e-06,0.15593164471596743,-0.0003227092260541333,0.0,0.0,nan,0,-0.07999717416444241,3.6125302044077837e-10,1.1978252519330614e-06,-9.683597823603728e-12,2
6.115,4.0,6.72775949545862e-05,0.00014548912017768101,19.62002400053783,0.026965910537115154,0.002748815244708769,4,-2.1860545061994086e-06,-0.007397737990708106,0.00015856044366511064,9.810024209662446,0.017133884009514228,0.0034931379664971877,6,-1.668211611495496e-06,0.15592997527922087,-0.0003199906334524645,0.0,0.0,nan,0,-0.07999718179818799,2.4236635365867525e-09,1.6811646055360684e-06,-9.683799440105e-12,2
6.12,4.0,6.779302064710437e-05,5.9262713446855904e-05,19.619838288536904,0.06498894670246154,0.0066248198121420816,4,-2.186037399355689e-06,-0.007397095350525122,9.373793528453213e-05,9.809839220417118,0.04209681918196122,0.0085825706693226,6,-1.6604507936182622e-06,0.15592873750809422,-0.00016894168309589388,0.0,0.0,nan,0,-0.07999718957616114,4.259287094630872e-09,1.3145367984971803e-06,-9.686421342799956e-12,2
6.125,4.0,6.775838697094494e-05,-5.944008810911264e-05,19.619784823520806,0.06361141791837113,0.006484415450072806,4,-2.186016810856034e-06,-0.007396877737920143,5.771674547078265e-07,9.80978715647826,0.04179004263758571,0.008520071224988423,6,-1.6570083076969389e-06,0.1559284748240905,4.292192153803294e-05,0.0,0.0,nan,0,-0.07999719303928399,2.3583004731805428e-09,1.7091931375927848e-07,-9.683761248432952e-12,2
6.13,4.0,6.721818411970844e-05,-0.0001397353690929999,19.61982147143387,0.04187588749281582,0.00426873277657357,4,-2.1860150367786213e-06,-0.007397160796030525,-0.00010253930171558935,9.80982230317806,0.03065406462022238,0.006249667664273892,6,-1.6586471489679622e-06,0.15592921838015347,0.0002263337069420251,0.0,0.0,nan,0,-0.07999719140226523,-2.2559150364563754e-10,-7.141300548870283e-07,-9.690943059134645e-12,2
6.135,4.0,6.64293433222441e-05,-0.00016264893841281858,19.61987546432495,0.006245790961580307,0.0006366799802513632,4,-2.1860200917489525e-06,-0.007397865557060589,-0.00016155902851052974,9.809876256794945,0.006013299870105675,0.0012259685469407384,6,-1.6645893707381565e-06,0.1559306322772586,0.00030826703830592314,0.0,0.0,nan,0,-0.07999718545503692,-2.2150366589271817e-09,-1.5308951656061816e-06,-9.68743120166315e-12,2
6.140000000000001,4.0,6.572121891085607e-05,-0.00011373054182525746,19.620048708823244,0.04646413312666493,0.004736393249194101,4,-2.186038762404252e-06,-0.007398651556224322,-0.00014057574313642787,9.810047618789529,0.03082038199766543,0.006283431680521931,6,-1.6730149892743573e-06,0.15593204669628755,0.00023836539159531486,0.0,0.0,nan,0,-0.07999717701079617,-4.493528831640879e-09,-1.68695736894071e-06,-9.685172563941852e-12,2
6.1450000000000005,4.0,6.543911323535292e-05,-2.6597089222528547e-06,19.620253273234848,0.06835256237725167,0.006967551481151923,4,-2.1860616922601828e-06,-0.007399134218317721,-5.7879436287060684e-05,9.810250166686249,0.04303756227001057,0.008773998937592434,6,-1.6795667744581855e-06,0.15593273175968655,4.459828709736846e-05,0.0,0.0,nan,0,-0.07999717043612957,-4.080485846937086e-09,-8.430795983798797e-07,-9.686410684658915e-12,2
6.15,4.0,6.57401337286139e-05,0.00010521013872396442,19.6201679377501,0.055492271654512045,0.00565665613368603,4,-2.186065969168871e-06,-0.00739916309538575,3.942352396301584e-05,9.810165284405773,0.03852416424468378,0.007853927661325288,6,-1.6806588500131725e-06,0.15593237991206768,-0.00016057448554284196,0.0,0.0,nan,0,-0.07999716933982554,1.1955335877375086e-09,2.1578310402252809e-07,-9.689132063336876e-12,2
6.155,4.0,6.643980877200022e-05,0.00016040788079625898,19.620175220908727,0.02635415074712348,0.002686433780574857,4,-2.186061731936778e-06,-0.007398690413283337,0.00013312845131375678,9.81017416025383,0.020294107117765952,0.004137359191845553,6,-1.6772986824800662e-06,0.1559311278509046,-0.00030947711970989044,0.0,0.0,nan,0,-0.07999717270427875,2.9405421214513505e-10,1.065453855298039e-06,-9.690060209785463e-12,2
6.16,4.0,6.72519042257053e-05,0.00015323137993202034,19.620051419142776,0.01996356566279925,0.0020350166507026902,4,-2.1860563821779477e-06,-0.007397914474353378,0.00016143993506510714,9.810051374328404,0.01242254057490916,0.0025326147847537866,6,-1.6700644162245815e-06,0.1559294601126799,-0.0003306120673401969,0.0,0.0,nan,0,-0.0799971799439432,2.0707985282627637e-09,1.659573811370209e-06,-9.690247615432019e-12,2
6.165,4.0,6.783372266788984e-05,7.683117646503514e-05,19.619874316361376,0.06107193512650202,0.006225517466803852,4,-2.1860406900046925e-06,-0.007397222600657468,0.00010748004032772926,9.809875373594977,0.04051979090659943,0.008261020525432086,6,-1.6620301924938352e-06,0.15592810671687704,-0.00020025193387524648,0.0,0.0,nan,0,-0.07999718799390759,3.938983204553004e-09,1.436747215371505e-06,-9.691922719931575e-12,2
6.17,4.0,6.789248221550847e-05,-4.214877628133883e-05,19.619768645090083,0.06565463866213078,0.006692702635773546,4,-2.1860187572747547e-06,-0.007396932167417246,1.609483927660516e-05,9.809770983681604,0.04254051073630068,0.008673089475190835,6,-1.657691645305659e-06,0.1559276778206008,1.0113255185177503e-05,0.0,0.0,nan,0,-0.07999719235443598,3.2353703530149227e-09,3.4157472950473625e-07,-9.695274705287525e-12,2
6.175,4.0,6.741656244130702e-05,-0.00013057638623250204,19.619828668156067,0.046570122241242795,0.004747250654316707,4,-2.186014824108462e-06,-0.0073971342538666305,-8.760649965353231e-05,9.809829626955578,0.03373371256217267,0.006877532810453452,6,-1.658635405403508e-06,0.15592827612351223,0.000202242239329943,0.0,0.0,nan,0,-0.0799971914146575,-2.690140722975008e-10,-5.753388899350602e-07,-9.691967128852563e-12,2
6.18,4.0,6.66471606114325e-05,-0.00016361758938077602,19.619854620441373,0.009856653541379231,0.0010047631577361294,4,-2.1860183870431316e-06,-0.007397791453423008,-0.00015731445699547443,9.809855513849104,0.008882216592069394,0.0018108761295270632,6,-1.6639389381553626e-06,0.1559296230217627,0.0003049914350845454,0.0,0.0,nan,0,-0.07999718610761028,-1.6953144043610912e-09,-1.4325952117884656e-06,-9.691919167217899e-12,2
6.1850000000000005,4.0,6.590205098685415e-05,-0.00012605034051865952,19.620019519792958,0.03963659798190788,0.0040404239090508455,4,-2.186035233706085e-06,-0.007398592410390943,-0.00014974862531933145,9.810018764055581,0.026061098014233956,0.005313159666875088,6,-1.672236982781794e-06,0.15593108938539568,0.00025985838980965305,0.0,0.0,nan,0,-0.07999717779276744,-4.3599605161218515e-09,-1.723830427617321e-06,-9.694015268288392e-12,2
6.19,4.0,6.553342704743657e-05,-2.2374911044769098e-05,19.620241628567516,0.06819580417329221,0.006951576383646323,4,-2.1860584156693785e-06,-0.0073991396843211925,-7.176796536467644e-05,9.81023911111394,0.04287578204229941,0.008741026912122005,6,-1.6794405787098898e-06,0.15593192558048222,7.820233565038755e-05,0.0,0.0,nan,0,-0.07999717056603803,-4.656365827084051e-09,-1.0421157444005599e-06,-9.695173452947682e-12,2
6.195,4.0,6.574860314981828e-05,9.145895696862857e-05,19.620181458072853,0.05868711300638909,0.005982321124990604,4,-2.186066898429012e-06,-0.007399244847026166,2.285938929788129e-05,9.810178427660054,0.03965738823376449,0.008084947389325652,6,-1.6813742372695506e-06,0.155931735864478,-0.0001302588517562133,0.0,0.0,nan,0,-0.07999716862394518,7.754213183205471e-10,8.220338459013192e-08,-9.694440705751431e-12,2
6.2,4.0,6.640352655009921e-05,0.00015533564200870622,19.620179069674847,0.032316420059132746,0.003294202356091779,4,-2.186062002279554e-06,-0.007398846680707546,0.00012176691384197696,9.810177948187008,0.024423792438974346,0.004979276128928536,6,-1.678682335741477e-06,0.15593060307232862,-0.00029304302607059197,0.0,0.0,nan,0,-0.07999717132079132,3.525420462765615e-10,9.274522304851177e-07,-9.694119185163497e-12,2
6.205,4.0,6.721971126708408e-05,0.00015925231994903848,19.62007886689472,0.013126176967811602,0.0013380350871024902,4,-2.186057990655188e-06,-0.007398094589102375,0.00016229605655218295,9.810078581190636,0.008213837321203295,0.001674571157248853,6,-1.6719213787388942e-06,0.15592895509375237,-0.0003374888114474567,0.0,0.0,nan,0,-0.07999717808580842,1.6886752663411006e-09,1.6175265723356506e-06,-9.696374270171116e-12,2
6.21,4.0,6.786041147147142e-05,9.291115595940702e-05,19.619903644230014,0.0557018803517207,0.005678099277322596,4,-2.1860437575682568e-06,-0.007397361769586142,0.00012101539717202963,9.809904602649894,0.03702643493429153,0.007548785933002812,6,-1.6637187446807977e-06,0.15592750187195403,-0.00022986695280177393,0.0,0.0,nan,0,-0.07999718630272404,3.6686445872832322e-09,1.5340720874503136e-06,-9.691321423141442e-12,2
6.215,4.0,6.801289309250614e-05,-2.382603772889968e-05,19.619756329303208,0.06721671523455817,0.006851941900436983,4,-2.1860214031409197e-06,-0.0073969992894055495,3.1350853407019636e-05,9.809758505576673,0.04307338998994089,0.008781743192853205,6,-1.6585213354555761e-06,0.15592690720825103,-2.3465180071097085e-05,0.0,0.0,nan,0,-0.07999719152253616,4.054815688601899e-09,5.262307025841098e-07,-9.697113234616307e-12,2
6.22,4.0,6.760797870548622e-05,-0.00012011342199973834,19.619836014103576,0.05063887040882821,0.005162007508363151,4,-2.1860145733784697e-06,-0.007397119368991131,-7.14314645017994e-05,9.809837377891883,0.036303882244965884,0.0074015258044507004,6,-1.6587355984518104e-06,0.1559273525004987,0.00017560455738711847,0.0,0.0,nan,0,-0.0799971913151514,-2.2829288942737202e-10,-4.416039421036386e-07,-9.692388125423503e-12,2
6.2250000000000005,4.0,6.686611697099842e-05,-0.00016268473837340963,19.619838495052257,0.016056642467454557,0.0016367762121491196,4,-2.186017101762222e-06,-0.007397719673598348,-0.00015095583706476883,9.809839454128614,0.013048028298531534,0.002660192016300548,6,-1.6633613263844493e-06,0.15592861496529184,0.00029770028160259793,0.0,0.0,nan,0,-0.07999718668694358,-1.218232247469963e-09,-1.3161627715170907e-06,-9.699013048256045e-12,2
6.23,4.0,6.609317026077684e-05,-0.00013672810353530812,19.619991222222552,0.032508495246003105,0.003313813434246842,4,-2.1860318138479384e-06,-0.007398524285330064,-0.00015665849358473803,9.809990815049177,0.02111142421887625,0.004304066052027271,6,-1.6714154224342637e-06,0.15593011282236163,0.0002774463385626973,0.0,0.0,nan,0,-0.0799971786181839,-4.150587199215671e-09,-1.7359121020932929e-06,-9.696314762216994e-12,2
6.235,4.0,6.564413916232558e-05,-4.193852027810129e-05,19.620211157441783,0.06704141340239918,0.006833913546029389,4,-2.1860547116496487e-06,-0.007399132041008082,-8.541068269390264e-05,9.810209161455852,0.04240698740003477,0.008645480784783085,6,-1.6791352794379155e-06,0.15593108990794233,0.0001114089796943338,0.0,0.0,nan,0,-0.0799971708754776,-4.808393313683644e-09,-1.2296338650628708e-06,-9.698887815098866e-12,2
6.24,4.0,6.576893326501404e-05,7.615680201140674e-05,19.620198692346683,0.06139363129229258,0.006258206887195347,4,-2.186067443912809e-06,-0.007399311585986653,6.840755157556681e-06,9.810195335558056,0.040691722222994844,0.008295802648394478,6,-1.6819626777256347e-06,0.15593106495779885,-9.893774516221506e-05,0.0,0.0,nan,0,-0.07999716803539553,1.1105691927050402e-10,-6.315851938405177e-08,-9.697228697810867e-12,2
6.245,4.0,6.637222204285026e-05,0.00014879318706384533,19.620177987435053,0.03779945585042437,0.0038531205858205264,4,-2.1860623337782714e-06,-0.007398992148752645,0.00010869835528402804,9.810176826800138,0.028196584269246344,0.005748435480228432,6,-1.679937584715685e-06,0.15593006253094407,-0.00027343169505541663,0.0,0.0,nan,0,-0.07999717006564716,5.596604398235965e-10,7.862467659044884e-07,-9.69769499148121e-12,2
6.25,4.0,6.718366638380347e-05,0.00016338046832754455,19.620105135506524,0.007237475944878498,0.000737761178637196,4,-2.186059288516312e-06,-0.007398274020551206,0.00016103190464515315,9.810104635189688,0.005448384596922916,0.0011107699254050956,6,-1.6737292625815248e-06,0.15592845325773522,-0.000340352490391591,0.0,0.0,nan,0,-0.07999717627706307,1.2959194118352795e-09,1.5527056375283425e-06,-9.69786907445147e-12,2
6.255,4.0,6.78750820720794e-05,0.00010755779298366505,19.619933351178247,0.049708756209532606,0.005067168712532596,4,-2.186046616118459e-06,-0.007397510808041668,0.00013290750307425617,9.809934225181538,0.03293352383683501,0.006714321030266757,6,-1.6654739430146948e-06,0.15592691892904734,-0.00025640537818690174,0.0,0.0,nan,0,-0.0799971845451035,3.386145421889432e-09,1.6071975477693263e-06,-9.69549319717877e-12,2
6.26,4.0,6.811907560776797e-05,-4.849432540445162e-06,19.61975114884179,0.06818496218338914,0.006950644956311211,4,-2.1860246647714687e-06,-0.007397078489969016,4.608826960693967e-05,9.809752982161653,0.04335629327275619,0.008839426100044836,6,-1.6594928388749541e-06,0.1559261629171254,-5.7178883904346106e-05,0.0,0.0,nan,0,-0.07999719054820748,4.69972371513884e-09,7.186884838194439e-07,-9.70088532836477e-12,2
6.265000000000001,4.0,6.779109703224956e-05,-0.00010845367225007658,19.619832462968922,0.05410839872851238,0.005515684074330221,4,-2.186014379661899e-06,-0.007397118283300323,-5.4708564397669556e-05,9.809834163836392,0.03828287923075601,0.007805000286729514,6,-1.6589437931632811e-06,0.1559264509888951,0.00014722222510270188,0.0,0.0,nan,0,-0.0799971911075868,7.40783266380964e-11,-3.141482073941239e-07,-9.698941993982467e-12,2
6.2700000000000005,4.0,6.708415078218544e-05,-0.00016003352179438135,19.619826717096792,0.02254222074131566,0.002297902123842132,4,-2.1860161659240096e-06,-0.007397655207477109,-0.00014283219995455052,9.809827691869618,0.0174647081825795,0.0035606554429196027,6,-1.6628895324125037e-06,0.1559276151593613,0.00028692574549565555,0.0,0.0,nan,0,-0.07999718716010978,-8.115813549550575e-10,-1.1898152558130284e-06,-9.704003722796339e-12,2
6.275,4.0,6.629244254018209e-05,-0.00014571408738779226,19.61996385619674,0.025332191315370244,0.002582287256086801,4,-2.1860285685827707e-06,-0.007398453864381259,-0.00016146471322171815,9.809963817631072,0.016200463487137686,0.003302858968352404,6,-1.6706107461225694e-06,0.15592912582472324,0.000291238859653193,0.0,0.0,nan,0,-0.07999717942654191,-3.85409117592693e-09,-1.7280615489683813e-06,-9.697929470584011e-12,2
6.28,4.0,6.577011765798596e-05,-6.090418342098166e-05,19.620165584967346,0.06477672624440763,0.006603076407677059,4,-2.186050949162799e-06,-0.007399116595986444,-9.872474592782871e-05,9.8101637259814,0.04162966208845149,0.008487047362563133,6,-1.678717162952037e-06,0.15593023118160293,0.00014368902369238756,0.0,0.0,nan,0,-0.07999717129779302,-4.682296070814038e-09,-1.3923447516271468e-06,-9.697240244130324e-12,2
6.285,4.0,6.580154644964415e-05,5.96668270362096e-05,19.62021718202748,0.06379068339525236,0.006502546103687978,4,-2.1860674750510956e-06,-0.007399368133347597,-8.673335280337635e-06,9.810213566982002,0.041593187658028594,0.008479568232442518,6,-1.6824627557532335e-06,0.1559303715907412,-6.693336211387593e-05,0.0,0.0,nan,0,-0.07999716753572281,-7.484416659223475e-10,-2.206046934574788e-07,-9.69794279326031e-12,2
6.29,4.0,6.6346581270945e-05,0.00014093190075330458,19.62017188679554,0.042771808908040485,0.004359983098499366,4,-2.186062843606562e-06,-0.007399128904605253,9.436701489043371e-05,9.810170598511991,0.03150414013563834,0.006422750719629054,6,-1.6811040170552904e-06,0.15592950762792285,-0.00025123875070178994,0.0,0.0,nan,0,-0.07999716889914146,8.931256659224922e-10,6.473238283001762e-07,-9.697828218244167e-12,2
6.295,4.0,6.714519706148575e-05,0.00016568093339128093,19.62012900416947,0.006287718712831352,0.0006409457054533281,4,-2.1860602784015692e-06,-0.007398453429725646,0.00015787637418986802,9.81012833820245,0.006407809615881535,0.0013063661136681246,6,-1.6755005458127248e-06,0.15592795383817448,-0.00033949710734020825,0.0,0.0,nan,0,-0.07999717450522642,9.321085797083933e-10,1.4684468089908788e-06,-9.698792780007961e-12,2
6.3,4.0,6.787903090713394e-05,0.00012071080588534113,19.619961207268453,0.043246456497697865,0.004408414067778757,4,-2.186049247981936e-06,-0.007397669911132493,0.00014299687975635031,9.809961940921625,0.028454941055715298,0.005801233730992848,6,-1.667296454947731e-06,0.15592635678683398,-0.00027964745009874896,0.0,0.0,nan,0,-0.0799971827203962,3.1218271133156703e-09,1.6577941880868066e-06,-9.705861792050353e-12,2
6.305,4.0,6.82105166717579e-05,1.4469697314679153e-05,19.61975877556959,0.06839436529224235,0.006971988399511479,4,-2.186028396435752e-06,-0.007397169641386815,6.063253508048991e-05,9.809760125265912,0.04336174255456682,0.008840530655359204,6,-1.6606287585596569e-06,0.1559254453325985,-9.104196154676114e-05,0.0,0.0,nan,0,-0.07999718940899267,4.993127607431882e-09,9.147685134742106e-07,-9.703399761470946e-12,2
6.3100000000000005,4.0,6.79649772705722e-05,-9.557426044312853e-05,19.619821933911012,0.05736358587443904,0.005847513404318057,4,-2.1860144803140247e-06,-0.007397130198822279,-3.754874387636151e-05,9.809823914190641,0.039425093010672096,0.008037879855038123,6,-1.6592562779929598e-06,0.1559255717308865,0.00011718331047600641,0.0,0.0,nan,0,-0.07999719079543785,5.813541089069303e-10,-1.8073641699951242e-07,-9.703851844286575e-12,2
6.315,4.0,6.729978810053865e-05,-0.00015574732878781124,19.619819714003604,0.028813038322640833,0.002937135890405312,4,-2.1860155500728895e-06,-0.007397596267777271,-0.00013268993639979648,9.80982066616627,0.0217748443324232,0.004439397023336803,6,-1.662513170526403e-06,0.15592662329063942,0.00027249760665402597,0.0,0.0,nan,0,-0.07999718753752408,-5.007521747827242e-10,-1.0526616012194809e-06,-9.704684067465835e-12,2
6.32,4.0,6.649848712514583e-05,-0.0001529330380749116,19.619935920980197,0.01824332216547453,0.0018596719417382386,4,-2.1860255716744936e-06,-0.0073983781212288045,-0.0001639404650148613,9.809936205680277,0.011510508455157619,0.0023467040383998937,6,-1.6697999084547277e-06,0.1559281267468708,0.0003009338798663333,0.0,0.0,nan,0,-0.07999718024081309,-3.446630994775922e-09,-1.6968115642919744e-06,-9.704001058261087e-12,2
6.325,4.0,6.591096878358607e-05,-7.8624209823302e-05,19.620123567724278,0.06070670965786495,0.00618820869790335,4,-2.1860472862560154e-06,-0.007399088641677327,-0.00011206159506456286,9.810121723062611,0.04008852009893969,0.008172889436161757,6,-1.6781525797454622e-06,0.15592934508764186,0.00017474621697679074,0.0,0.0,nan,0,-0.07999717186647574,-4.638022208015889e-09,-1.5160912681205307e-06,-9.704004610974765e-12,2
6.33,4.0,6.584743104718356e-05,4.2026984661729615e-05,19.620234902796945,0.06579504798036748,0.006706856294670369,4,-2.1860667424669633e-06,-0.007399411143637792,-2.3897133951372284e-05,9.810231173600886,0.042307734969216096,0.008625226912708289,6,-1.682818022451238e-06,0.15592965142949627,-3.406940330856482e-05,0.0,0.0,nan,0,-0.07999716718162535,-1.7749232341116442e-09,-3.9469239579743213e-07,-9.704883019431847e-12,2
6.335,4.0,6.632711180990448e-05,0.000131674260710036,19.62016241451344,0.04717208086650231,0.004808531129345611,4,-2.1860636309420367e-06,-0.007399253351103116,7.881328065516616e-05,9.810160756829713,0.034366294453268026,0.007006265300870352,6,-1.682150746383504e-06,0.155928934258533,-0.00022642705865089585,0.0,0.0,nan,0,-0.07999716785206146,1.2436558166059187e-09,5.12398878447388e-07,-9.704597914159121e-12,2
6.34,4.0,6.710463766188564e-05,0.00016609800503538226,19.620148491442926,0.011423472951873237,0.001164463455193057,4,-2.186061004064155e-06,-0.0073986295957727075,0.0001527289177486604,9.810147662469252,0.01003413353038113,0.0020456641175277683,6,-1.6771987330563287e-06,0.15592745327986132,-0.00033476640475566693,0.0,0.0,nan,0,-0.0799971728067502,6.342436612002544e-10,1.3649046071268416e-06,-9.704436265686735e-12,2
6.345,4.0,6.787226386463842e-05,0.0001323624222698589,19.61998850544552,0.03641221081971253,0.003711746396753121,4,-2.1860516917389383e-06,-0.007397836317285638,0.0001510537899700404,9.809989052663038,0.023676005152335203,0.004826917751943479,6,-1.6691546301517146e-06,0.15592581267785874,-0.0002993556588959808,0.0,0.0,nan,0,-0.07999718086021396,2.850766533112018e-09,1.6863699970725492e-06,-9.705848469374059e-12,2
6.3500000000000005,4.0,6.828660423728322e-05,3.392258599079852e-05,19.619781829048385,0.06773186027701411,0.006904445815674933,4,-2.186032325872389e-06,-0.007397272069008892,7.480602447192843e-05,9.809782742981076,0.04308398497296022,0.008783881580616434,6,-1.661913766860812e-06,0.1559247543920732,-0.00012466802179892658,0.0,0.0,nan,0,-0.07999718812049164,4.895207927067783e-09,1.103809996800091e-06,-9.709660531151411e-12,2
6.355,4.0,6.812876615485958e-05,-8.103439384234503e-05,19.619806487509415,0.060288309970329725,0.006145657961378076,4,-2.1860149850838617e-06,-0.007397155774293305,-2.1046284954325613e-05,9.80980867603719,0.04050917418067016,0.0082589121803412,6,-1.6596725609871466e-06,0.15592471623848048,8.614130278179511e-05,0.0,0.0,nan,0,-0.07999719037908687,1.2636393540973593e-09,-3.943677436774756e-08,-9.711687354305168e-12,2
6.36,4.0,6.751243417854335e-05,-0.0001498662029417612,19.619817276454985,0.03471157733786651,0.0035384200422215544,4,-2.186015154073684e-06,-0.007397546273454807,-0.00012091692356945802,9.809818185037162,0.0258269472320532,0.005265530256502987,6,-1.6622481175607162e-06,0.15592564337283538,0.00025484378581994794,0.0,0.0,nan,0,-0.07999718780340986,-3.0433874082112816e-10,-9.114962543258014e-07,-9.7108862173706e-12,2
6.365,4.0,6.671067677386216e-05,-0.00015833260881084786,19.61990867319221,0.011526287958140619,0.001174958370105936,4,-2.1860229022160893e-06,-0.007398301861442241,-0.00016432274449318528,9.809909226065908,0.007562264538491368,0.0015417603495040864,6,-1.6690239915059801e-06,0.15592712102162118,0.0003067160479380088,0.0,0.0,nan,0,-0.07999718101983633,-2.960202555914213e-09,-1.6446548078875092e-06,-9.710514958791164e-12,2
6.37,4.0,6.606618612477771e-05,-9.463263711838841e-05,19.620091295302743,0.05505217197264794,0.00561181608628172,4,-2.186043632383672e-06,-0.007399051532177989,-0.00012521089330833906,9.810089773009757,0.036662441223986444,0.0074744354174729076,6,-1.6775079338601784e-06,0.15592843548657634,0.00020390426038736808,0.0,0.0,nan,0,-0.07999717251521232,-4.6289782664202665e-09,-1.6106128042599546e-06,-9.70599679517015e-12,2
6.375,4.0,6.59078658687852e-05,2.3474924669274027e-05,19.620249105179546,0.06731537989534449,0.006861827241283487,4,-2.1860652331361086e-06,-0.0073994430730020015,-3.862692114676095e-05,9.81024545732588,0.042794504287771984,0.00872445128390031,6,-1.6830484357438502e-06,0.15592890565140327,-7.872382347814398e-07,0.0,0.0,nan,0,-0.07999716695315823,-2.8514977791785778e-09,-5.810429823396925e-07,-9.707352155438612e-12,2
6.38,4.0,6.631590010001732e-05,0.00012127890568792918,19.620158331061198,0.05092273503712077,0.005190858725793626,4,-2.18606467480148e-06,-0.007399365951662903,6.234695930047088e-05,9.810156165565536,0.03665372059878771,0.007472606955523362,6,-1.683099665118759e-06,0.15592834079975654,-0.00019956506437244142,0.0,0.0,nan,0,-0.07999716690253572,1.3983163711913797e-09,3.8588991757853445e-07,-9.708521886417356e-12,2
6.385,4.0,6.706514606797943e-05,0.00016479167617877193,19.620163607734188,0.017801746165668715,0.0018146378920766329,4,-2.1860614896514197e-06,-0.007398801901697574,0.0001456465515355181,9.810162650558652,0.014392039719680502,0.0029341082777788454,6,-1.678818313706476e-06,0.15592694780792352,-0.000326377391770477,0.0,0.0,nan,0,-0.07999717118712082,4.144399570734784e-10,1.2466808759451984e-06,-9.709788428843851e-12,2
6.390000000000001,4.0,6.785774764596858e-05,0.00014238108793989443,19.62001522437641,0.029414606871965177,0.0029984285471317796,4,-2.186053907771851e-06,-0.0073980093009628125,0.00015692293470404603,9.810015533303698,0.018819085664167165,0.00383670863726543,6,-1.6710380355069998e-06,0.15592528290988764,-0.0003152431513692951,0.0,0.0,nan,0,-0.07999717897502946,2.558609965729e-09,1.6931748298915572e-06,-9.711339188364649e-12,2
6.3950000000000005,4.0,6.834825349867236e-05,5.2840919060799025e-05,19.61982166798891,0.06593095626413933,0.006720851736558874,4,-2.186036108922651e-06,-0.007397386180282172,8.881974148836416e-05,9.809822531992515,0.04243503606426356,0.008651540010203304,6,-1.663354252924576e-06,0.15592408958780785,-0.0001575997539403989,0.0,0.0,nan,0,-0.07999718667665948,4.46395814806956e-09,1.2717152055047798e-06,-9.712347270871007e-12,2
6.4,4.0,6.828126268865852e-05,-6.523505305622076e-05,19.619789493244753,0.0627911540774884,0.006400797939153006,4,-2.186016064394114e-06,-0.007397194627772666,-4.9635452741061e-06,9.809791833574765,0.04147507299918637,0.008455851806607097,6,-1.660208638766536e-06,0.15592388533073853,5.425954027474733e-05,0.0,0.0,nan,0,-0.07999718984236673,2.070774339611682e-09,1.1487058869013473e-07,-9.71502690516324e-12,2
6.405,4.0,6.772026227246427e-05,-0.00014257478909276871,19.61981857029268,0.04012132929570062,0.004089877707274039,4,-2.186014900481398e-06,-0.007397505999715763,-0.00010757931486929127,9.809819418059742,0.029494410971123933,0.006013242387892509,6,-1.6620980987994138e-06,0.15592467800790474,0.00023421508124342604,0.0,0.0,nan,0,-0.07999718795411917,-2.2431697383061717e-10,-7.681715086967421e-07,-9.706659376271244e-12,2
6.41,4.0,6.69266842471082e-05,-0.00016185115369134363,19.619883063721986,0.006628147209269864,0.0006756561379843894,4,-2.1860206200867427e-06,-0.0073982257453411825,-0.00016267101540177586,9.809883813103824,0.005725360031178208,0.0011672635762577331,6,-1.6682934010012196e-06,0.15592611163653916,0.00030858318171359943,0.0,0.0,nan,0,-0.07999718175314591,-2.424998731544213e-09,-1.5709634130816671e-06,-9.71141468353032e-12,2
6.415,4.0,6.623354066770352e-05,-0.00010905652449390982,19.620059490848874,0.048791142165306126,0.004973597780176266,4,-2.1860399920803353e-06,-0.00739900434409027,-0.0001369440457382864,9.810058268696515,0.03241120689888651,0.006607750129743737,6,-1.6767930091296512e-06,0.15592750368402797,0.0002300616181933332,0.0,0.0,nan,0,-0.07999717323421435,-4.560390231613019e-09,-1.6795461750305835e-06,-9.711185533498038e-12,2
6.42,4.0,6.598281978497095e-05,4.1939754191780335e-06,19.620255286860864,0.06820009145935617,0.0069520085709616495,4,-2.186062857383736e-06,-0.007399463914014769,-5.301287284046704e-05,9.810251974009036,0.043008816051292885,0.008768136876654963,6,-1.6831322954546923e-06,0.15592813428017216,3.287998072499665e-05,0.0,0.0,nan,0,-0.07999716687211128,-3.828796047268589e-09,-7.786802907475192e-07,-9.71126191684213e-12,2
6.425,4.0,6.631262040022944e-05,0.00010962122748251596,19.62016519112345,0.05430780417947521,0.005535917118989918,4,-2.1860657979343168e-06,-0.007399466154444476,4.523075739555941e-05,9.810162651594892,0.03811084798262143,0.007769666892612742,6,-1.683955504434842e-06,0.15592772702550026,-0.00017079086623212236,0.0,0.0,nan,0,-0.07999716604601032,1.2885782938995134e-09,2.600992232306083e-07,-9.711930715192163e-12,2
6.43,4.0,6.702612992417639e-05,0.00016179566602874215,19.620174232791946,0.024212822437992224,0.002468155700424353,4,-2.1860618378104213e-06,-0.007398968816885899,0.00013668324589799334,9.810173179810219,0.018810895232517513,0.0038349771992264494,6,-1.6803523134323317e-06,0.15592643648410817,-0.0003144177579384281,0.0,0.0,nan,0,-0.07999716965321,2.9774036930242576e-10,1.1171223177141528e-06,-9.711488402339153e-12,2
6.4350000000000005,4.0,6.783477215929809e-05,0.00015076454540866778,19.620042567801207,0.02236329786192315,0.0022796380573224593,4,-2.18605591022214e-06,-0.007398186696660518,0.00016069124069792505,9.810042608809624,0.014021607817535763,0.002858623224519752,6,-1.6729307890719913e-06,0.15592476602751484,-0.00032739459677118624,0.0,0.0,nan,0,-0.07999717708071052,2.219768723553352e-09,1.6799136023461445e-06,-9.714983384420673e-12,2
6.44,4.0,6.839469446600312e-05,7.097121742318523e-05,19.61986378608128,0.06265296732133406,0.00638668728839813,4,-2.186039561643399e-06,-0.0073975109994738235,0.00010271808042949553,9.809864908715241,0.041194999000084165,0.008398688337386963,6,-1.6649235225207892e-06,0.15592345071406535,-0.00018962807316883485,0.0,0.0,nan,0,-0.07999718510437423,4.059203950799963e-09,1.4084818347754262e-06,-9.717408999684873e-12,2
6.445,4.0,6.842136890341609e-05,-4.8186622553970475e-05,19.619772544785988,0.06498301867176914,0.006624237719722043,4,-2.186017787467187e-06,-0.00739724556674826,1.0803854116262415e-05,9.809774936962588,0.04229152387334201,0.00862232296767387,6,-1.6608629447370515e-06,0.15592307891312296,2.14440284705386e-05,0.0,0.0,nan,0,-0.0799971891867748,2.9503729291321527e-09,2.8330116910895624e-07,-9.717935689487758e-12,2
6.45,4.0,6.792278595295016e-05,-0.00013383173672798127,19.619824888075694,0.04500529439664778,0.00458773660350053,4,-2.1860146852716034e-06,-0.007397475505355621,-9.283663632215079e-05,9.809825800546747,0.032719578863655195,0.0066707767352671195,6,-1.6620535687530968e-06,0.15592372774107818,0.00021072966843348556,0.0,0.0,nan,0,-0.07999718799930156,-2.5864262548501457e-10,-6.259243402720391e-07,-9.71152392947594e-12,2
6.455,4.0,6.71460739282438e-05,-0.00016343848919129578,19.619860320915986,0.008078940522668769,0.0008235472006960334,4,-2.1860187610460435e-06,-0.007398149909732836,-0.00015896143484238405,9.809861186041017,0.0076646941674561285,0.0015626508922190739,6,-1.6676112598451587e-06,0.15592509916405423,0.0003064612547712491,0.0,0.0,nan,0,-0.07999718243758326,-1.883439737450407e-09,-1.476554918421531e-06,-9.714764004351006e-12,2
6.46,4.0,6.641294883650738e-05,-0.00012194079970465615,19.62002953288215,0.04203215891058552,0.0042846172927662315,4,-2.186036399082908e-06,-0.007398946678116667,-0.00014677300269064648,9.810028645466206,0.027729918046694613,0.005653381666629536,6,-1.6760116501035593e-06,0.15592654936428071,0.00025277516848824875,0.0,0.0,nan,0,-0.07999717401960355,-4.4434405008245554e-09,-1.723315976476965e-06,-9.717515581095238e-12,2
6.465,4.0,6.607380800601237e-05,-1.549101885779751e-05,19.620248842308953,0.06833229194085226,0.006965486777466454,4,-2.1860597327477693e-06,-0.0073994718834454335,-6.703258517621065e-05,9.810246083412673,0.04294209082749566,0.00875453897127063,6,-1.6830451746926989e-06,0.1559273340173677,6.658500548344157e-05,0.0,0.0,nan,0,-0.07999716696279388,-4.53730221566949e-09,-9.800195241228065e-07,-9.717589299904072e-12,2
6.47,4.0,6.631952065675337e-05,9.643849305143056e-05,19.620176807740105,0.05758396626070328,0.005869872307979056,4,-2.186066806030701e-06,-0.007399551309563463,2.841570046176371e-05,9.81017386760507,0.039258621823968984,0.008003654645430475,6,-1.6846963831057549e-06,0.15592708803793942,-0.00014079275670844286,0.0,0.0,nan,0,-0.07999716530456075,9.518163724394765e-10,1.2853311606447046e-07,-9.718453497506439e-12,2
6.4750000000000005,4.0,6.699075394962835e-05,0.00015724582880843017,19.620179355725444,0.030295631472384177,0.0030882114707624715,4,-2.1860620875134573e-06,-0.007399127413909886,0.000125783246537884,9.810178242514345,0.023031395301447797,0.0046954081224817494,6,-1.6817679454675383e-06,0.15592591321627422,-0.0002989676031835349,0.0,0.0,nan,0,-0.07999716823776548,3.1813507389423497e-10,9.788030369436913e-07,-9.719025484408723e-12,2
6.48,4.0,6.780642900500671e-05,0.00015736688253633932,19.620070334494347,0.015432891980216322,0.0015731739710518283,4,-2.1860576217801186e-06,-0.007398366437428117,0.00016214227227273883,9.81007012800429,0.00958287684532441,0.0019536816190474883,6,-1.674802672990694e-06,0.15592425687219516,-0.00033544764728351954,0.0,0.0,nan,0,-0.07999717520755231,1.8385877771906064e-09,1.6432302807773344e-06,-9.720164129142776e-12,2
6.485,4.0,6.84277059077328e-05,8.754916695885036e-05,19.619892936841232,0.0576203465093345,0.005873665742705248,4,-2.1860427296058194e-06,-0.0073976470880934035,0.00011638287617961806,9.8098939447816,0.03834287485158799,0.007817184378835123,6,-1.6665969250553858e-06,0.1559228365535926,-0.00021987050024991392,0.0,0.0,nan,0,-0.07999718342824103,3.803364517605782e-09,1.5127531586004924e-06,-9.721911176094326e-12,2
6.49,4.0,6.854806750682348e-05,-3.023761168078082e-05,19.619758202467146,0.06672866285416656,0.00680219013563333,4,-2.1860202072294943e-06,-0.007397309810662302,2.606410171820459e-05,9.80976049800552,0.042903320468947355,0.008747067877481878,6,-1.6616575549757706e-06,0.15592229922237408,-1.1764911785642032e-05,0.0,0.0,nan,0,-0.07999718839018208,3.818491337402545e-09,4.6366670987667947e-07,-9.716993332184445e-12,2
6.495,4.0,6.811805317799649e-05,-0.00012381005039615374,19.619833224946717,0.0493154656600149,0.005027103451349427,4,-2.1860144461260944e-06,-0.0073974584670365535,-7.721435378491823e-05,9.80983444264667,0.03549066937372671,0.007235732586767573,6,-1.6621322786944392e-06,0.15592279820106567,0.00018508601779719029,0.0,0.0,nan,0,-0.07999718792126806,-2.7899185622991136e-10,-4.898860861296057e-07,-9.724596139457078e-12,2
6.5,4.0,6.736605632137247e-05,-0.00016317427663847122,19.61984264278287,0.01384141544242394,0.0014109609026365442,4,-2.1860173099602642e-06,-0.007398079804981685,-0.0001534631451179416,9.80984359918757,0.01154823164607486,0.0023544170769514124,6,-1.6670253164610682e-06,0.15592409184403272,0.0003006990707398342,0.0,0.0,nan,0,-0.07999718302541509,-1.389629281813061e-09,-1.3667098871018095e-06,-9.72053183500853e-12,2
6.505,4.0,6.660179768295441e-05,-0.00013322028895471985,19.620000865337335,0.03500981865355801,0.003568788696172779,4,-2.1860329091002995e-06,-0.007398884697449647,-0.00015456318204028715,9.810000325339875,0.022851861015691057,0.004658890980189512,6,-1.675227105181476e-06,0.15592558130348128,0.00027184515534910077,0.0,0.0,nan,0,-0.07999717480807583,-4.263240128867014e-09,-1.7453054198924357e-06,-9.720790294928663e-12,2
6.51,4.0,6.617983262847019e-05,-3.519955902023687e-05,19.62022556596071,0.06757878050899388,0.006888685380481748,4,-2.1860561239192555e-06,-0.007399472112552123,-8.071599669583996e-05,9.810223402171237,0.04259864308158379,0.008684540878479013,6,-1.6828333693971742e-06,0.1559265109921573,9.997727543848155e-05,0.0,0.0,nan,0,-0.07999716717864538,-4.846797287018406e-09,-1.174758860540255e-06,-9.718648008580346e-12,2
6.515000000000001,4.0,6.633654223461216e-05,8.164987254832936e-05,19.620193289807375,0.06047707668080912,0.006164778887497175,4,-2.186067521829649e-06,-0.00739962644000983,1.2235364117669793e-05,9.810190008335592,0.04033079202912073,0.008222224441086702,6,-1.6853652496165439e-06,0.15592642891870476,-0.00010982348157042026,0.0,0.0,nan,0,-0.07999716463541587,3.68887811906488e-10,-1.26178283766444e-08,-9.717853088894714e-12,2
6.5200000000000005,4.0,6.695856183654002e-05,0.00015121140486930936,19.6201799913459,0.03596361080205201,0.0036659817410354947,4,-2.186062385271803e-06,-0.007399279852884157,0.00011333166320071076,9.810178831257828,0.026944567293773772,0.00549318575272476,6,-1.6831068996095433e-06,0.1559253806208499,-0.00028048127760186436,0.0,0.0,nan,0,-0.07999716689895103,4.698191862758828e-10,8.374901416969215e-07,-9.723173277628716e-12,2
6.525,4.0,6.77725965450071e-05,0.00016216986427766656,19.620097299983204,0.009020542935443649,0.0009195207136359484,4,-2.1860590453219586e-06,-0.00739854911704236,0.00016166725968007795,9.81009686440801,0.006087089462159789,0.001240984578703671,6,-1.6766709635268606e-06,0.15592375615934928,-0.00033977529811138747,0.0,0.0,nan,0,-0.07999717333827569,1.4426499044803032e-09,1.5859695412158635e-06,-9.724109417683081e-12,2
6.53,4.0,6.84475545176575e-05,0.00010270399306226657,19.61992306273131,0.05184119227950018,0.005284545929537739,4,-2.186045692961075e-06,-0.007397795395981839,0.00012896200157496985,9.809923988100968,0.03439821735833708,0.007012942689476635,6,-1.668370741884917e-06,0.1559222477895426,-0.0002476041334156673,0.0,0.0,nan,0,-0.07999718165189829,3.51819509086661e-09,1.5951765663075256e-06,-9.722499150208168e-12,2
6.535,4.0,6.866048599639196e-05,-1.1421213185160607e-05,19.61975030558401,0.06790788086393762,0.0069224001127690445,4,-2.186023309317525e-06,-0.007397386941999269,4.1078085932924915e-05,9.809752312182189,0.0432725981346545,0.008822363043950997,6,-1.6626111786766096e-06,0.15592154671348468,-4.5594976147789876e-05,0.0,0.0,nan,0,-0.07999718743389375,4.539450695394093e-09,6.5635344603459e-07,-9.725285365910768e-12,2
6.54,4.0,6.83055292967244e-05,-0.0001125622380823355,19.619834164926516,0.052955643683433695,0.005398174443094946,4,-2.1860142130902815e-06,-0.0073974540041698835,-6.047532268015909e-05,9.8098357978459,0.03767830862916033,0.007681740939523973,6,-1.662324665356596e-06,0.15592188904193527,0.000157099492741042,0.0,0.0,nan,0,-0.07999718772955192,-6.515636025304408e-11,-3.5910617981899743e-07,-9.72080894667548e-12,2
6.545,4.0,6.758599343265012e-05,-0.0001610854943422683,19.61982921796008,0.020325814082080874,0.0020719664637523483,4,-2.1860162625723933e-06,-0.007398013303371734,-0.00014580747229858072,9.809830205553698,0.015950894119053198,0.003252022468242686,6,-1.6665249362099455e-06,0.1559230881867584,0.00029095493400050027,0.0,0.0,nan,0,-0.07999718352728022,-9.497185535237545e-10,-1.2408323792659282e-06,-9.72409787136363e-12,2
6.55,4.0,6.679990157366748e-05,-0.00014279052393609048,19.619973016467625,0.027792997063259158,0.0028331330568020325,4,-2.186029569802711e-06,-0.007398815003939782,-0.00016002822386286048,9.809972842513766,0.017878750822737082,0.0036450153552424567,6,-1.6744133822660379e-06,0.15592459628911953,0.00028688075054248286,0.0,0.0,nan,0,-0.07999717562557554,-3.99561330949459e-09,-1.742604833194168e-06,-9.722628824257445e-12,2
6.555,4.0,6.630206506214135e-05,-5.443079938452575e-05,19.620183263817182,0.0656689068082429,0.006694015639430553,4,-2.1860523044085756e-06,-0.0073994594663433525,-9.421347572786173e-05,9.81018138088618,0.0419115852283526,0.008544507711144199,6,-1.68244747271451e-06,0.15592565889814564,0.00013270631324060282,0.0,0.0,nan,0,-0.0799971675687991,-4.777263737433575e-09,-1.3478824859872245e-06,-9.726476413171585e-12,2
6.5600000000000005,4.0,6.636609961531965e-05,6.550362110438074e-05,19.620211720401773,0.06297441500026477,0.006419341024213494,4,-2.186067718370349e-06,-0.0073996869555879394,-3.522218474866207e-06,9.810208151242641,0.041280528341619147,0.008415831286187381,6,-1.6859014144235407e-06,0.15592574266312498,-7.791932911220132e-05,0.0,0.0,nan,0,-0.07999716409949206,-4.4298182894229613e-10,-1.6775196755054033e-07,-9.725975480542875e-12,2
6.565,4.0,6.693192487580447e-05,0.00014375787019674385,19.62017544432273,0.04112227567775086,0.004191835673890465,4,-2.1860628251803293e-06,-0.007399420694351496,9.930572396593871e-05,9.810174203780287,0.03041987992400812,0.006201700253658292,6,-1.6843161967025622e-06,0.15592483088709294,-0.0002590014852568173,0.0,0.0,nan,0,-0.0799971656896516,7.696667597131443e-10,6.956541320556829e-07,-9.724851046663533e-12,2
6.57,4.0,6.773568482600609e-05,0.00016507363293690009,19.620122372800918,0.005653204950325414,0.000576266023514957,4,-2.1860601525820755e-06,-0.00739873002588464,0.00015910579169382689,9.810121750849147,0.005628757626088581,0.0011475408295725516,6,-1.6784785527579338e-06,0.15592325676931773,-0.0003401172803336206,0.0,0.0,nan,0,-0.07999717153001679,1.0580315175631349e-09,1.5065503115360632e-06,-9.72779624630326e-12,2
6.575,4.0,6.845595510674061e-05,0.00011640748276998143,19.619951853425025,0.04547612490090421,0.004635701987511811,4,-2.1860484415298087e-06,-0.007397952605286504,0.00013969888162854112,9.809952653205952,0.030025919621271366,0.006121521822321683,6,-1.6701986238418232e-06,0.1559216793892577,-0.00027204418470889617,0.0,0.0,nan,0,-0.07999717982170539,3.245168907871315e-09,1.6532105404466968e-06,-9.725906202626136e-12,2
6.58,4.0,6.875832179271444e-05,7.898077767934768e-06,19.619752374704163,0.06841626364336147,0.006974222950088899,4,-2.186026942161551e-06,-0.0073974757253499395,5.559258118934655e-05,9.809753927238038,0.043381448042496724,0.008844553770516624,6,-1.6637100597668986e-06,0.1559208204536309,-7.942844387725745e-05,0.0,0.0,nan,0,-0.07999718633181746,4.993752485359066e-09,8.534799005152568e-07,-9.724854599377211e-12,2
6.585,4.0,6.848420994333567e-05,-0.00010010947404397003,19.619825129317874,0.05625949698864743,0.005734964161793568,4,-2.1860141694168833e-06,-0.007397463453939425,-4.340681104716004e-05,9.809827047967454,0.03903492275610065,0.007958330471114368,6,-1.662620406996107e-06,0.15592100260524253,0.00012757853556209258,0.0,0.0,nan,0,-0.07999718743429161,3.8078883429627994e-10,-2.2896951068924348e-07,-9.72489101469242e-12,2
6.59,4.0,6.780430903565167e-05,-0.0001573315347238582,19.619820460343504,0.026708870951260115,0.0027226417290866986,4,-2.1860155313517537e-06,-0.007397954793921315,-0.00013642673320158797,9.80982143830295,0.02032304551246383,0.004143407836785175,6,-1.6661343513607596e-06,0.15592209415748176,0.0002778205537987635,0.0,0.0,nan,0,-0.07999718391903393,-6.009500043716427e-10,-1.1071201714061912e-06,-9.725461225237867e-12,2
6.595,4.0,6.700550798538081e-05,-0.00015062816716954482,19.619945217033116,0.020654844704093504,0.00210549463575076,4,-2.186026453902812e-06,-0.007398743779583812,-0.00016337314348935234,9.809945395094246,0.013082524018300056,0.0026671960936382705,6,-1.673624402336038e-06,0.15592360225572127,0.00029806363193591847,0.0,0.0,nan,0,-0.07999717641810902,-3.6238315041528916e-09,-1.7201485243443855e-06,-9.724027705268472e-12,2
6.6000000000000005,4.0,6.643950187936424e-05,-7.271748120368805e-05,19.620134904390493,0.06244158722519396,0.006365051772525897,4,-2.1860485716132527e-06,-0.00739943879655191,-0.00010743093928438267,9.81013291553145,0.0407946257364657,0.00831683445835468,6,-1.6819573079099315e-06,0.15592478359049913,0.00016421077716506253,0.0,0.0,nan,0,-0.0799971680631344,-4.646532648368323e-09,-1.48772159627237e-06,-9.728549421603164e-12,2
6.605,4.0,6.640883734730207e-05,4.826291385831627e-05,19.620230242543485,0.06514042144843935,0.006640128137456027,4,-2.1860672931584e-06,-0.007399737104450523,-1.876836662534999e-05,9.81022649346341,0.04206737989070847,0.00857623010411393,6,-1.6863381393714127e-06,0.15592503287481055,-4.543215515412236e-05,0.0,0.0,nan,0,-0.07999716366363002,-1.4229966475723774e-09,-3.35628236043225e-07,-9.725638860921803e-12,2
6.61,4.0,6.691197155212798e-05,0.00013502794284231517,19.62016643326181,0.04571297532109583,0.00465979485715261,4,-2.1860635098062964e-06,-0.007399551736079809,8.418869455332264e-05,9.810164917701673,0.03343791839571054,0.006816994143569276,6,-1.685432082905447e-06,0.15592426468429274,-0.00023515420991388885,0.0,0.0,nan,0,-0.07999716457351852,1.1393539836576264e-09,5.589966418899006e-07,-9.729648098308327e-12,2
6.615,4.0,6.769765823068548e-05,0.00016616020819932095,19.620143425642677,0.009361955210164787,0.0009543207719806082,4,-2.1860609581321466e-06,-0.007398909615824378,0.0001546521343457423,9.810142640979903,0.008637944179715642,0.0017610231565099498,6,-1.680233994702518e-06,0.1559227571895935,-0.00033674987966170487,0.0,0.0,nan,0,-0.07999716977420704,7.329247591599977e-10,1.4086411321320633e-06,-9.731493733064465e-12,2
6.62,4.0,6.845470084980311e-05,0.00012855441181619528,19.619979462759705,0.038784777411341044,0.003953600204827702,4,-2.1860509643277515e-06,-0.007398118818044302,0.00014846210799175394,9.809980089692527,0.025336574918796314,0.005165469182841213,6,-1.6720792430507947e-06,0.15592112966160607,-0.0002929540215256519,0.0,0.0,nan,0,-0.07999717793900116,2.973957931527677e-09,1.689053677105415e-06,-9.73133563730576e-12,2
6.625,4.0,6.884133430723713e-05,2.7275959272190967e-05,19.619770571234767,0.06805807342793349,0.006937703290752627,4,-2.1860308688607943e-06,-0.007397576311426797,6.994169591862268e-05,9.809771640261276,0.043200362283833595,0.008807618335686962,6,-1.6649762441048321e-06,0.15592012083411994,-0.00011315512149795033,0.0,0.0,nan,0,-0.07999718506214423,5.016838638792448e-09,1.047318090551189e-06,-9.733148409460366e-12,2
6.63,4.0,6.86529768189879e-05,-8.6176627954458e-05,19.619811008306677,0.05935549870259459,0.00605056783446737,4,-2.186014534600461e-06,-0.007397486161332904,-2.6624776418582213e-05,9.809813163642957,0.04014485043578152,0.00818463099471986,6,-1.6630242283058316e-06,0.15592013935428012,9.686397347576923e-05,0.0,0.0,nan,0,-0.07999718703054295,1.0158984995997268e-09,-8.925057903825487e-08,-9.73299031370166e-12,2
6.635,4.0,6.80192915552853e-05,-0.00015201103362896655,19.619816460619806,0.03274213646348241,0.003337659812384204,4,-2.1860150714175797e-06,-0.007397903031067668,-0.0001251425973355994,9.809817400278662,0.024477243596669807,0.004990356618865198,6,-1.665846317645825e-06,0.1559211102222215,0.0002612162354790898,0.0,0.0,nan,0,-0.07999718420796548,-3.615756955524906e-10,-9.65214827373392e-07,-9.731584327263275e-12,2
6.640000000000001,4.0,6.721686486410067e-05,-0.0001566650924451233,19.61991736643098,0.013745192074243457,0.0014011467854356022,4,-2.1860236446256953e-06,-0.007398668737617122,-0.00016442245001738987,9.809917833928008,0.008794944249666457,0.0017930719499502385,6,-1.6728436078375375e-06,0.15592259866858205,0.0003051501823913336,0.0,0.0,nan,0,-0.07999717720215072,-3.1570042197684837e-09,-1.6741545768688773e-06,-9.732545336313393e-12,2
6.6450000000000005,4.0,6.659106906505347e-05,-8.933796524324594e-05,19.620102784403763,0.05707327190865312,0.005817836179127594,4,-2.18604489979346e-06,-0.007399406002187001,-0.00012074495285628898,9.810101133449177,0.03803958748762956,0.007755187631639645,6,-1.6813434587995002e-06,0.155923882042248,0.0001941455934398389,0.0,0.0,nan,0,-0.07999716868109324,-4.674244183657011e-09,-1.590364904551064e-06,-9.732627936906426e-12,2
6.65,4.0,6.646530099906966e-05,2.997519369730121e-05,19.620246019250082,0.066832415458398,0.006812597089030023,4,-2.186066016356819e-06,-0.007399774231026616,-3.371210011226777e-05,9.810242283200537,0.04263294430638993,0.008691517105422838,6,-1.686624381949664e-06,0.1559242963526277,-1.2200382834329964e-05,0.0,0.0,nan,0,-0.0799971633791022,-2.505531811304622e-09,-5.198733199501341e-07,-9.731467087711878e-12,2
6.655,4.0,6.689873242629367e-05,0.00012495663716314027,19.620158364289104,0.04970010672312262,0.005066228906040066,4,-2.186064481910638e-06,-0.007399670132486756,6.798944778124203e-05,9.810156313090221,0.035943623071396945,0.00732783901178729,6,-1.6864330681237716e-06,0.15592367913631172,-0.0002088833387779789,0.0,0.0,nan,0,-0.07999716357199912,1.3891983048893897e-09,4.2830799309283876e-07,-9.731290340206356e-12,2
6.66,4.0,6.765831812872448e-05,0.00016539629376100857,19.62016020637439,0.015604574871102946,0.0015906674264599713,4,-2.186061534219935e-06,-0.0073990851104120394,0.0001482413033099192,9.810159275029159,0.01288673908396363,0.0026272232127291994,6,-1.6819082088656567e-06,0.15592225484236283,-0.0003295748154863573,0.0,0.0,nan,0,-0.07999716809985474,4.791803399059223e-10,1.2938996109214593e-06,-9.733639572126465e-12,2
6.665,4.0,6.844333797911514e-05,0.00013915906439836633,19.62000666411086,0.031803325954540364,0.003241928150077071,4,-2.186053294887108e-06,-0.007398291314569592,0.00015512339414633987,9.810007066243294,0.020478143134920454,0.004174949721572929,6,-1.6739852736341598e-06,0.15592059634067534,-0.00031021964153683964,0.0,0.0,nan,0,-0.07999717603107799,2.6869829792816224e-09,1.7033029594088396e-06,-9.737724304678666e-12,2
6.67,4.0,6.890883194065909e-05,4.6530615687600624e-05,19.619805306574207,0.06669056929668576,0.00679829063077798,4,-2.1860347887876774e-06,-0.007397687863147715,8.399300902925356e-05,9.809806144515738,0.042706127231463775,0.008706823886696075,6,-1.6663890144152926e-06,0.15591944770947438,-0.00014646077228795175,0.0,0.0,nan,0,-0.07999718364589198,4.675743245972881e-09,1.2260763769200074e-06,-9.738617812168884e-12,2
6.675,4.0,6.881082349251622e-05,-7.070091048054814e-05,19.619794180942275,0.061955538414979985,0.006315615530275095,4,-2.1860154015319877e-06,-0.007397521920058495,-1.0406129805123337e-05,9.809796516173492,0.04115024481751972,0.008389622506374109,6,-1.6635347286492186e-06,0.15591930008919286,6.516992813970784e-05,0.0,0.0,nan,0,-0.07999718651961371,1.7919446771416283e-09,6.139818527655403e-08,-9.738465933659118e-12,2
6.68,4.0,6.823053353605431e-05,-0.0001451451479776944,19.61981660704445,0.038332825464496005,0.00390756205649065,4,-2.1860147740374036e-06,-0.007397860555301719,-0.00011229198346769805,9.809817489008706,0.028302104969640866,0.005770159333005252,6,-1.6656689350372234e-06,0.15592013932892923,0.00024150005472609707,0.0,0.0,nan,0,-0.0799971843860835,-2.432138800926118e-10,-8.212545310078504e-07,-9.73780779345012e-12,2
6.6850000000000005,4.0,6.743352341948429e-05,-0.00016081161343910934,19.61989094587744,0.007861203981567111,0.0008013504257748098,4,-2.1860212061838857e-06,-0.007398593553424266,-0.00016344966629464739,9.809891642136861,0.005954982911926752,0.0012140772047568907,6,-1.6721029758234862e-06,0.1559215896518822,0.00030832423843958775,0.0,0.0,nan,0,-0.07999717794565925,-2.6297805417200103e-09,-1.607022079848816e-06,-9.73672243942125e-12,2
6.69,4.0,6.675620842930289e-05,-0.00010427930806380908,19.620070108326587,0.05100405116812728,0.005199171143275538,4,-2.186041217825535e-06,-0.0073993633284981245,-0.00013310012368122903,9.810068754105497,0.033923266036535414,0.006916009843934801,6,-1.6806564829344173e-06,0.15592295705683717,0.00022144242588048704,0.0,0.0,nan,0,-0.07999716937218918,-4.616012215964731e-09,-1.6682971186410903e-06,-9.735699257881756e-12,2
6.695,4.0,6.653686164576621e-05,1.0904556758254925e-05,19.620255743560623,0.06796020891346503,0.006927555868966652,4,-2.1860639213902577e-06,-0.00739979976499148,-4.817374488258222e-05,9.810252251940526,0.04294633245776867,0.00875539820074935,6,-1.6867702398518092e-06,0.1559235331551822,2.1332217687000694e-05,0.0,0.0,nan,0,-0.07999716323577735,-3.548386232789283e-09,-7.148785580220553e-07,-9.735874229030433e-12,2
6.7,4.0,6.689436874933403e-05,0.00011378925625179129,19.62016293321065,0.05313522396004862,0.005416389674329127,4,-2.1860656099180475e-06,-0.007399775500211305,5.10160232687675e-05,9.810160503713385,0.037708154632534914,0.0076875713946293655,6,-1.6873323571767185e-06,0.1559230716985437,-0.00018074221452893873,0.0,0.0,nan,0,-0.07999716267202017,1.354703264287679e-09,3.0337271474605613e-07,-9.737989870026155e-12,2
6.705,4.0,6.762094789714899e-05,0.0001629915348524394,19.620172247697813,0.02203363924779946,0.0022460189410808905,4,-2.1860619036292994e-06,-0.00739925519256001,0.00013984679925576235,9.810171213571792,0.01730959364524065,0.0035289075528659175,6,-1.6834881466296081e-06,0.15592174512716697,-0.0003187752336827241,0.0,0.0,nan,0,-0.07999716651998572,3.2478132189064053e-10,1.1663972605672677e-06,-9.739035256026142e-12,2
6.71,4.0,6.842503314373902e-05,0.00014807678138058054,19.62003359291603,0.024752149800351654,0.002523150603502393,4,-2.1860553795147175e-06,-0.007398468893712843,0.00015954345876148204,9.810033721860261,0.01563337278363904,0.00318722100797723,6,-1.6758996550306215e-06,0.1559200750586728,-0.0003235571042814607,0.0,0.0,nan,0,-0.07999717411505014,2.3632663533320803e-09,1.6954694718657655e-06,-9.740956385947954e-12,2
6.715,4.0,6.896207541454399e-05,6.491340003529023e-05,19.619850704703254,0.06396671630399355,0.006520611931940899,4,-2.186038391437106e-06,-0.007397810860622072,9.78773649115402e-05,9.80985181020504,0.04171040090424165,0.008503777979775588,6,-1.6679439200847912e-06,0.15591880029908797,-0.00017872759365077933,0.0,0.0,nan,0,-0.07999718208782189,4.207216114214504e-09,1.3742877627579892e-06,-9.74172998935151e-12,2
6.72,4.0,6.895655502511892e-05,-5.414089423416023e-05,19.61977683573304,0.06425916051317845,0.006550447647920719,4,-2.186016907646665e-06,-0.007397570857627456,5.4166941780966075e-06,9.809779264946828,0.0420190181846779,0.008566761198149276,6,-1.6641716122853256e-06,0.1559184861324367,3.278740679103431e-05,0.0,0.0,nan,0,-0.07999718588166219,2.6636914718921794e-09,2.2535834164754413e-07,-9.740435025215587e-12,2
6.7250000000000005,4.0,6.843599879639446e-05,-0.00013693090702122641,19.61982115935867,0.04339795681068516,0.004423889133156987,4,-2.186014557918614e-06,-0.007397829015047895,-9.807693388281318e-05,9.809822041496755,0.03166941729767488,0.0064566751901735525,6,-1.6656107417814536e-06,0.15591918516221703,0.0002190710830796185,0.0,0.0,nan,0,-0.07999718444493112,-2.436463608105151e-10,-6.777236794144963e-07,-9.739903006342187e-12,2
6.73,4.0,6.765278428942187e-05,-0.000163073322279129,19.619866971187893,0.0067622641826966,0.0006893282398527064,4,-2.1860191850853194e-06,-0.00739852021004836,-0.00016050319307522157,9.809867812179641,0.006653533135637133,0.0013564980207737974,6,-1.6714243843626853e-06,0.1559205798880328,0.0003076397929716659,0.0,0.0,nan,0,-0.07999717862671005,-2.084301052586482e-09,-1.5195903133483153e-06,-9.738768802500228e-12,2
6.735,4.0,6.693247739853759e-05,-0.00011768948491458492,19.620039772654184,0.044402115504844485,0.0045262003563041504,4,-2.186037586351941e-06,-0.0073993120857310316,-0.00014363639781367522,9.810038753247708,0.029390384430657175,0.005991899761033504,6,-1.6799195541664091e-06,0.15592201238709194,0.0002453891957880462,0.0,0.0,nan,0,-0.07999717011318769,-4.521585870999359e-09,-1.7210109982224806e-06,-9.738949102719425e-12,2
6.74,4.0,6.662318752460204e-05,-8.685738329612578e-06,19.62025425162238,0.068368695447194,0.006969195665906384,4,-2.1860610143302484e-06,-0.007399815130731493,-6.229686984858062e-05,9.810251253625065,0.042977159024934396,0.008761683653933646,6,-1.686770409847771e-06,0.15592274503862907,5.5045956679971285e-05,0.0,0.0,nan,0,-0.07999716323895273,-4.372400574882732e-09,-9.170547988198247e-07,-9.738563633285277e-12,2
6.745,4.0,6.689852112658677e-05,0.00010116480241454675,19.620172816744628,0.056455580981078134,0.005754850531479184,4,-2.1860666802389628e-06,-0.007399868780530206,3.4002328004146404e-05,9.810169981668471,0.03885500096899046,0.007921371605506506,6,-1.6881453635056443e-06,0.1559224436716658,-0.00015110374647212154,0.0,0.0,nan,0,-0.07999716185838186,1.1010542789166207e-09,1.73571004509812e-07,-9.741126916204534e-12,2
6.75,4.0,6.75849079625554e-05,0.00015895187797170524,19.62017954460041,0.02827010563058115,0.0028817377095166543,4,-2.1860621907780764e-06,-0.007399419397024998,0.00012968250056715838,9.81017843436099,0.021625533027728273,0.0044087950433160305,6,-1.6849817900121966e-06,0.15592122821834184,-0.00030457095914414046,0.0,0.0,nan,0,-0.07999716502649352,2.88405886782158e-10,1.0301542168093451e-06,-9.744255080598719e-12,2
6.755,4.0,6.839915062154638e-05,0.0001553269502567017,19.620061803734732,0.017760480601333152,0.0018104408415219565,4,-2.186057225368049e-06,-0.00739865011922752,0.00016188749574142249,9.810061680550039,0.011032847931101406,0.0022492922655064913,6,-1.6778169284886735e-06,0.15591956501507984,-0.0003331509911533604,0.0,0.0,nan,0,-0.07999717219636919,1.9889006575554336e-09,1.66747875974165e-06,-9.74606607639649e-12,2
6.76,4.0,6.900058285220709e-05,8.215120646814486e-05,19.619882344962207,0.059451877361559276,0.006060370425903672,4,-2.1860416717159326e-06,-0.007397944670713051,0.00011172653975199257,9.809883410683998,0.039600750718565954,0.008073643500275764,6,-1.6696149392550486e-06,0.1559181784517064,-0.00020981425592603902,0.0,0.0,nan,0,-0.07999718041396078,3.937090419069109e-09,1.489863253719628e-06,-9.740031792213044e-12,2
6.765000000000001,4.0,6.908936270867522e-05,-3.6397566958548256e-05,19.61976115112648,0.06617468413771217,0.006745717608688903,4,-2.1860191097532178e-06,-0.007397631652733554,2.0952612140868253e-05,9.809763537684276,0.04270577074497401,0.008706789023184808,6,-1.6649361566020704e-06,0.15591769697141938,-4.91519436106567e-07,0.0,0.0,nan,0,-0.07999718511535411,3.555619332350178e-09,4.041650063541431e-07,-9.742248685548618e-12,2
6.7700000000000005,4.0,6.863557280437154e-05,-0.00012730798513295522,19.619829537451103,0.04790441463549366,0.00488326512154979,4,-2.1860143217082573e-06,-0.007397807671839334,-8.255916441893193e-05,9.809830646535607,0.03459829696462128,0.007053801071854354,6,-1.6656569401946042e-06,0.15591824709815572,0.00019393071075298694,0.0,0.0,nan,0,-0.07999718439940728,-2.8867825724452457e-10,-5.374835820387085e-07,-9.744873252778833e-12,2
6.775,4.0,6.787461523895972e-05,-0.0001634082130744452,19.619847395618475,0.011716075968338005,0.0011943085725482708,4,-2.186017593761025e-06,-0.007398447643022559,-0.00015548308665087258,9.80984833738501,0.010118211693356567,0.0020628681189282802,6,-1.670801329727023e-06,0.15591956834480789,0.0003029548963826566,0.0,0.0,nan,0,-0.07999717925179439,-1.5654645632593236e-09,-1.4122339939478063e-06,-9.745065099317489e-12,2
6.78,4.0,6.712019120846427e-05,-0.00012952862579973873,19.620010385180986,0.03741643150542528,0.0038141092457000887,4,-2.1860340238197273e-06,-0.007399250621352084,-0.00015208732576431423,9.810009712380587,0.024525071342807694,0.005000009594660476,6,-1.6791224248316472e-06,0.15592104606524868,0.00026567958367801364,0.0,0.0,nan,0,-0.07999717091431795,-4.35980207486173e-09,-1.7490447477779918e-06,-9.745748108522238e-12,2
6.785,4.0,6.672593181316493e-05,-2.845033111928917e-05,19.62023657419379,0.06792395017278645,0.006923866581927542,4,-2.1860574815277256e-06,-0.007399817166992653,-7.611101818021558e-05,9.810234195346895,0.04272223091497274,0.008709727018593781,6,-1.6865888405950824e-06,0.15592192718854261,8.862501686945428e-05,0.0,0.0,nan,0,-0.0799971634244932,-4.8222033530179515e-09,-1.116656844480543e-06,-9.745792517443224e-12,2
6.79,4.0,6.691372354283239e-05,8.690296914773682e-05,19.62018815420209,0.05954142228079338,0.00606940380110894,4,-2.1860675121568307e-06,-0.007399946616023135,1.7566106596284616e-05,9.810184954812991,0.039962067746415336,0.008147056947547046,6,-1.6888338569484573e-06,0.15592178916427882,-0.00012040537271277912,0.0,0.0,nan,0,-0.07999716116949496,5.890042809583379e-10,3.521999327220932e-08,-9.746922280393082e-12,2
6.795,4.0,6.755333377038548e-05,0.00015341219991161172,19.620181091420182,0.03408049699651021,0.003474024713402208,4,-2.18606244852676e-06,-0.007399573918562137,0.00011763353846901535,9.810179928650218,0.025652508794407832,0.0052297733540015425,6,-1.6863462702701448e-06,0.15592069717520293,-0.00028698199988557333,0.0,0.0,nan,0,-0.079997163662194,4.053273077716738e-10,8.877342629719983e-07,-9.74852455426222e-12,2
6.8,4.0,6.836877502391678e-05,0.00016072296340816956,19.62008922343701,0.011058296888363465,0.0011272422630121245,4,-2.1860587517200103e-06,-0.007398832333587906,0.00016195879165044894,9.810088858217071,0.007069501504114529,0.0014412716553924001,6,-1.6796974569507905e-06,0.15591906046776516,-0.0003386179811000233,0.0,0.0,nan,0,-0.07999717031475287,1.589441399883728e-09,1.6152157650292573e-06,-9.750569140984367e-12,2
6.805,4.0,6.902636769664363e-05,9.772113915076544e-05,19.619912721134835,0.05385865466391617,0.0054902032877953534,4,-2.18604474239506e-06,-0.007398089612030857,0.00012478847784857958,9.809913691822162,0.03578103145224355,0.007294871815655564,6,-1.67137259413086e-06,0.15591758047250268,-0.00023844580757722325,0.0,0.0,nan,0,-0.07999717865367376,3.647748284817087e-09,1.5791482167869995e-06,-9.744644102746549e-12,2
6.8100000000000005,4.0,6.920825027829465e-05,-1.787252692146336e-05,19.619750236405665,0.06756732353444704,0.006887684371136558,4,-2.1860220080112402e-06,-0.007397705694360476,3.593885703584212e-05,9.809752402964907,0.04316106458767426,0.008799623642820838,6,-1.6658483022458093e-06,0.1559169349913953,-3.400248522768329e-05,0.0,0.0,nan,0,-0.07999718420074878,4.360258250511695e-09,5.933356300832835e-07,-9.747507589971662e-12,2
6.815,4.0,6.882724423061205e-05,-0.00011645458260887912,19.6198355327917,0.05179902995230652,0.0052802715767654605,4,-2.186014067578207e-06,-0.007397800677615081,-6.634340625937564e-05,9.809837105585686,0.037016124323407285,0.007546735776546266,6,-1.6658263162008802e-06,0.15591733130001956,0.0001668618692238665,0.0,0.0,nan,0,-0.079997184230724,-1.904110228948318e-10,-4.0513524481761956e-07,-9.746653162331914e-12,2
6.82,4.0,6.809613863724064e-05,-0.00016194167922469933,19.619832295303368,0.018118907090702494,0.0018469991810317187,4,-2.186016387979023e-06,-0.007398382371237752,-0.00014871493577168465,9.809833293543765,0.014442986098256285,0.002944593586062625,6,-1.6702880823865618e-06,0.15591856441873492,0.00029472053082252645,0.0,0.0,nan,0,-0.07999717976668613,-1.100046921055675e-09,-1.2924756197534941e-06,-9.745917750600402e-12,2
6.825,4.0,6.73165978207532e-05,-0.0001397101147301494,19.619982227350597,0.030273881672165666,0.003086025392007068,4,-2.1860306021505294e-06,-0.007399186643292364,-0.00015845587923231721,9.809981918127864,0.01958941835927082,0.003993772572214743,6,-1.678340571131809e-06,0.15592006855128268,0.0002822299452593059,0.0,0.0,nan,0,-0.07999717170003195,-4.125227269947996e-09,-1.7561700243520855e-06,-9.746193085910506e-12,2
6.83,4.0,6.684381520481901e-05,-4.794938257976273e-05,19.620200795458874,0.0664906045268963,0.006777770036103367,4,-2.1860536798708197e-06,-0.007399812315884602,-8.960440824878649e-05,9.810198865675376,0.042192328490090684,0.00860172746094194,6,-1.6862929657079917e-06,0.1559210873263449,0.00012161777759910536,0.0,0.0,nan,0,-0.0799971637246084,-4.8682673580727536e-09,-1.3006784135443735e-06,-9.747525353540058e-12,2
6.835,4.0,6.693999396875851e-05,7.119992722908908e-05,19.620206158040254,0.0621327677716548,0.006333548921064026,4,-2.1860679257530713e-06,-0.0074000152713455955,1.7182153113466458e-06,9.810202642758522,0.040953331714637504,0.00834913063592372,6,-1.6894511197448892e-06,0.15592111442307338,-8.885412029442102e-05,0.0,0.0,nan,0,-0.07999716055225722,-1.4435400069876577e-10,-1.1493996364093386e-07,-9.750760099344604e-12,2
6.84,4.0,6.752588826557558e-05,0.00014645201302660948,19.620178500088944,0.03941753487807461,0.004018060781444564,4,-2.18606282404582e-06,-0.007399721860095196,0.00010417138549056307,9.81017728754979,0.029296177400799102,0.005972609167416214,6,-1.6876361791443029e-06,0.15592015543773494,-0.0002665593407930383,0.0,0.0,nan,0,-0.0799971623723483,6.541625144337532e-10,7.451038652412282e-07,-9.753475260773628e-12,2
6.845,4.0,6.83340562845628e-05,0.00016428917375419847,19.620115199767998,0.0060501788028282915,0.0006167322404814252,4,-2.1860599761572286e-06,-0.007399016813802914,0.00016014762182975104,9.810114630158825,0.005283056461794931,0.0010770631457360247,6,-1.6815663649097368e-06,0.15591856254380987,-0.0003403727023810251,0.0,0.0,nan,0,-0.07999716844505919,1.1935004673987667e-09,1.5428445849849289e-06,-9.754134289161048e-12,2
6.8500000000000005,4.0,6.903989224086798e-05,0.00011193570573627841,19.619942216661606,0.04768648014751736,0.004861021466925744,4,-2.1860475862972573e-06,-0.007398246575848966,0.00013618718631700855,9.809943079620611,0.03157018609924134,0.006436364786830604,6,-1.6732227233542951e-06,0.15591700679046322,-0.0002640587633729258,0.0,0.0,nan,0,-0.07999717680113935,3.369680992958113e-09,1.6457634086199297e-06,-9.749052132243522e-12,2
6.855,4.0,6.931235585442323e-05,1.3047838645059899e-06,19.619748895854716,0.06830442150398931,0.006962823211098359,4,-2.1860255210309765e-06,-0.007397792780262394,5.070967345390359e-05,9.809750649278419,0.043356040462979625,0.008839376659623614,6,-1.6669312438363781e-06,0.15591620085200406,-6.795029316071425e-05,0.0,0.0,nan,0,-0.0799971831147329,4.9125216348685724e-09,7.916834303768798e-07,-9.75347259623837e-12,2
6.86,4.0,6.901027295700775e-05,-0.00010445589714495627,19.619827910505023,0.05514168819587938,0.005621016498962759,4,-2.186013944676518e-06,-0.007397807069793648,-4.916491026659057e-05,9.809829760937308,0.03864747949367709,0.007879337447336987,6,-1.6661106344573184e-06,0.15591643754535106,0.00013768500705288065,0.0,0.0,nan,0,-0.07999718394696739,2.0615269052806106e-10,-2.741294892992326e-07,-9.752754948075253e-12,2
6.865,4.0,6.83163554081597e-05,-0.00015873881806223797,19.61982186537799,0.024573940809356522,0.002505011613048413,4,-2.1860155638674106e-06,-0.007398321971995849,-0.00013977872401007148,9.809822863759782,0.0188579571044585,0.0038447089955365135,6,-1.6698719452340471e-06,0.15591756668619788,0.00028258177719859846,0.0,0.0,nan,0,-0.07999718018408616,-7.136174459701826e-10,-1.1585523854174636e-06,-9.75157899984757e-12,2
6.87,4.0,6.752106005027468e-05,-0.000148130872766437,19.619954518744883,0.023048196530880003,0.0023494648276436913,4,-2.1860273797073837e-06,-0.007399116230068618,-0.00016245055708763518,9.809954584349072,0.014674889183311867,0.00299183631425254,6,-1.677543774822321e-06,0.15591907656090176,0.00029464570046631604,0.0,0.0,nan,0,-0.0799971725004895,-3.7878870839405996e-09,-1.7386903035541775e-06,-9.7529734399665e-12,2
6.875,4.0,6.697743967637337e-05,-6.660044277803964e-05,19.620151364858426,0.06367560626779098,0.006490837413399379,4,-2.1860498661645245e-06,-0.007399794783744817,-0.00010298956212065817,9.810149399653062,0.04120970475270226,0.008401442847375934,6,-1.68583313166909e-06,0.15592021905640255,0.00015365431099915956,0.0,0.0,nan,0,-0.07999716418869496,-4.7123112202910095e-09,-1.4525122055262882e-06,-9.753223906280857e-12,2
6.88,4.0,6.697930128068525e-05,5.4273654614498553e-05,19.62022502102556,0.06441835795501633,0.006566525907422966,4,-2.186067688016158e-06,-0.00740006968666348,-1.377326031111166e-05,9.810221284911144,0.04179797731302953,0.00852131182347904,6,-1.6899285980934153e-06,0.15592041241934498,-5.6436052711518215e-05,0.0,0.0,nan,0,-0.07999716007545547,-1.08952623184697e-09,-2.8052293459330526e-07,-9.753436180923166e-12,2
6.885,4.0,6.750446888749182e-05,0.00013810153384110612,19.620170509843085,0.0442116657165309,0.004506756523277992,4,-2.18606342208133e-06,-0.007399857520763571,8.931332494165962e-05,9.810169100228546,0.032470505944960315,0.006619764779427473,6,-1.6887972104709381e-06,0.15591959540764383,-0.00024335048170038854,0.0,0.0,nan,0,-0.0799971612111578,1.0186404520426084e-09,6.046657465976129e-07,-9.755129937169532e-12,2
6.890000000000001,4.0,6.829695521840315e-05,0.00016596046994050997,19.620138044439972,0.007576017226492489,0.0007722695130210267,4,-2.1860608926081715e-06,-0.00739919849443493,0.00015629256836125396,9.810137307617927,0.007404776847547292,0.001509617371368944,6,-1.6833637275781577e-06,0.1559180642169673,-0.00033818862572733963,0.0,0.0,nan,0,-0.07999716664721895,8.388751640539217e-10,1.4493509764480966e-06,-9.75007797831828e-12,2
6.8950000000000005,4.0,6.904248434410525e-05,0.00012463505487915073,19.619970496850414,0.041057835199590526,0.004185310595261244,4,-2.1860502234030688e-06,-0.00739841140629532,0.00014567312661787927,9.809971197308165,0.0269311836324255,0.005490573436100476,6,-1.6751144029589216e-06,0.15591645192186246,-0.00028624373342933006,0.0,0.0,nan,0,-0.07999717490726153,3.094832735915621e-09,1.6888362793691573e-06,-9.754196461650428e-12,2
6.9,4.0,6.940151952756133e-05,2.0804964100883623e-05,19.61976073889351,0.0682787762177829,0.006960204777872699,4,-2.1860294312919804e-06,-0.0073978910213788685,6.50421372499356e-05,9.809761980428801,0.04328344007246514,0.008824564787365645,6,-1.6681616589533932e-06,0.15591549282410058,-0.00010178261778319872,0.0,0.0,nan,0,-0.07999718188084642,5.108674261454472e-09,9.89642317801456e-07,-9.75288462212453e-12,2
6.905,4.0,6.918396736969805e-05,-9.09939013204612e-05,19.619815309643766,0.05833463227985955,0.005946501672845638,4,-2.1860141361310093e-06,-0.007397827147343971,-3.224987372397331e-05,9.80981742844981,0.03977178639694912,0.008108568112920331,6,-1.6664951493425284e-06,0.15591556682473892,0.00010730829411226357,0.0,0.0,nan,0,-0.07999718356269994,7.815167962207616e-10,-1.3812796220575619e-07,-9.752103913293613e-12,2
6.91,4.0,6.853429976269757e-05,-0.00015390537652976188,19.619816244271078,0.03075622427141768,0.0031352204208740637,4,-2.1860150102546994e-06,-0.00739826988010375,-0.0001291745042326571,9.809817214305108,0.02310645984106182,0.004710884889346758,6,-1.669565481920987e-06,0.15591657954779872,0.0002671444353299639,0.0,0.0,nan,0,-0.079997180491542,-4.3420967083127476e-10,-1.0188066200392341e-06,-9.752273555371775e-12,2
6.915,4.0,6.77323884111801e-05,-0.00015478582372250284,19.61992623566162,0.01603456023166279,0.0016345178915625088,4,-2.1860244354063307e-06,-0.007399044647589591,-0.00016431439403956504,9.80992660968662,0.010162089027205178,0.0020717971563968323,6,-1.6767754647470379e-06,0.1559180765495065,0.0003031648078283281,0.0,0.0,nan,0,-0.07999717327218284,-3.345962950208924e-09,-1.7010211822182184e-06,-9.758756369657167e-12,2
6.92,4.0,6.71260086752209e-05,-8.395160130363191e-05,19.62011410569392,0.05900491511657153,0.006014737202720734,4,-2.1860461656871e-06,-0.0073997685560739015,-0.00011614657531279114,9.810112322996511,0.03935621065562165,0.008023600415535353,6,-1.685277985843947e-06,0.15591932716077478,0.00018416280218198339,0.0,0.0,nan,0,-0.07999716474798024,-4.7098744361831805e-09,-1.5674715123992854e-06,-9.756225061161021e-12,2
6.925,4.0,6.703254564138737e-05,3.632945367512898e-05,19.620242407453528,0.06629994952961304,0.006758321141274623,4,-2.186066732537406e-06,-0.007400113188858005,-2.874076975637451e-05,9.810238602781745,0.04244697670709083,0.008653607404626175,6,-1.6902911803354237e-06,0.1559196855798181,-2.3524022852399827e-05,0.0,0.0,nan,0,-0.07999715971426766,-2.1564983336289422e-09,-4.5903509057227737e-07,-9.754547292126208e-12,2
6.93,4.0,6.749057819176903e-05,0.00012854066956106231,19.620160993022516,0.04839726658370815,0.00493342196334878,4,-2.1860643034110616e-06,-0.007399982055177398,7.347549086066988e-05,9.810159124264835,0.03514919613323584,0.007165876860508089,6,-1.6898583934041311e-06,0.15591901673699013,-0.00021795146384889758,0.0,0.0,nan,0,-0.07999716014953254,1.3390544051902432e-09,4.7204385262149754e-07,-9.758582286686904e-12,2
6.9350000000000005,4.0,6.825988109662971e-05,0.0001658423052136262,19.620156065769343,0.013413638671739085,0.0013673325152740686,4,-2.1860615307366105e-06,-0.007399377254389942,0.00015055111080225497,9.810155169117333,0.011394590350386664,0.0023230193924469577,6,-1.685090688846591e-06,0.15591756295687834,-0.00033232868393525517,0.0,0.0,nan,0,-0.07999716492005854,5.58094594592351e-10,1.3391776863393347e-06,-9.757626606707306e-12,2
6.94,4.0,6.903640269542085e-05,0.00013575226343277456,19.61999795169939,0.03418088841185145,0.003484290721741983,4,-2.1860526291661575e-06,-0.007398583744634524,0.00015302227665413406,9.809998445097674,0.022130738111750946,0.004511873928544868,6,-1.6770409332553249e-06,0.1559159132492821,-0.00030470977249706107,0.0,0.0,nan,0,-0.07999717297876449,2.8112181134617664e-09,1.7097736952351085e-06,-9.758789232258693e-12,2
6.945,4.0,6.947596256216728e-05,4.00691321739553e-05,19.619790672726864,0.06727193419106137,0.006857558810204324,4,-2.1860334113235624e-06,-0.007398000737342419,7.919888527679496e-05,9.80979156501047,0.04290192627368879,0.008746755930413696,6,-1.6695540375408213e-06,0.15591481100605892,-0.00013520321434970292,0.0,0.0,nan,0,-0.07999718048492684,4.86435368701601e-09,1.1754369062055203e-06,-9.758975749726827e-12,2
6.95,4.0,6.934699756074005e-05,-7.606618476821483e-05,19.61979897986493,0.061082361551357364,0.006226604218936587,4,-2.186014832095129e-06,-0.007397860370938283,-1.5858012199116076e-05,9.809801297517986,0.04081114746484617,0.008320484019420852,6,-1.6669917395836786e-06,0.15591471992876943,7.598903558107813e-05,0.0,0.0,nan,0,-0.07999718306585285,1.5224893950546372e-09,9.511267663400048e-09,-9.763565855799837e-12,2
6.955,4.0,6.874802213734072e-05,-0.0001475881190248607,19.619815182766956,0.03649807229351126,0.003720531712813412,4,-2.186014670651354e-06,-0.007398225872633575,-0.00011682645511442829,9.8098161054889,0.027049762218004224,0.005514835737413881,6,-1.6693681850060704e-06,0.15591560473017876,0.00024847944826660186,0.0,0.0,nan,0,-0.07999718068961767,-2.739249466713122e-10,-8.739552489725556e-07,-9.758266983347906e-12,2
6.96,4.0,6.794840403868728e-05,-0.00015958373923015594,19.61989911326409,0.009606339502565021,0.0009792445360812918,4,-2.1860218506995766e-06,-0.007398971048378703,-0.00016400917062955533,9.809899742186039,0.006628763422276827,0.0013514436633375161,6,-1.6760325879314197e-06,0.1559170698484908,0.00030765781949976777,0.0,0.0,nan,0,-0.07999717401808348,-2.832968784839719e-09,-1.6402614507658543e-06,-9.759164043551802e-12,2
6.965,4.0,6.728774479574318e-05,-9.935568869236036e-05,19.620081239222493,0.05313431071493106,0.00541631913416447,4,-2.1860424556999214e-06,-0.00739973091281737,-0.00012908843243346804,9.810079765262955,0.03537371851442321,0.007211708642712557,6,-1.6846251090982256e-06,0.15591841069681833,0.00021250906627994995,0.0,0.0,nan,0,-0.07999716540500612,-4.670076594716389e-09,-1.6537368955552115e-06,-9.764510877638397e-12,2
6.97,4.0,6.709999610600018e-05,1.7487684559662835e-05,19.620254563362916,0.06762445347480116,0.006893330895010601,4,-2.1860648759634838e-06,-0.007400144525327666,-4.339447266912036e-05,9.810250927442159,0.04284542830261082,0.008734828215812411,6,-1.6905011624851474e-06,0.1559189323828419,9.971768779005875e-06,0.0,0.0,nan,0,-0.07999715950658129,-3.2353745708660685e-09,-6.524529891239286e-07,-9.76133563978797e-12,2
6.9750000000000005,4.0,6.748407071750098e-05,0.00011768613067424093,19.62016119575905,0.05195934360535532,0.0052965256591863755,4,-2.1860654088011466e-06,-0.0074000939640648826,5.6739990513947285e-05,9.810158866617014,0.0372555971734206,0.007595309653995035,6,-1.6908135673579516e-06,0.15591841807196855,-0.00019036110499803452,0.0,0.0,nan,0,-0.07999715919369241,1.3920647408668595e-09,3.4515535778838676e-07,-9.763929120773494e-12,2
6.98,4.0,6.822243697001575e-05,0.0001639531105601375,19.620169965396094,0.01988269873635914,0.002026761110777946,4,-2.1860619770844303e-06,-0.007399551315736709,0.0001428426059890931,9.8101689475491,0.01582555087474957,0.003226356438785554,6,-1.6867320180233292e-06,0.1559170573825664,-0.0003227306648372754,0.0,0.0,nan,0,-0.07999716327872228,3.6174754752673515e-10,1.2146584371085976e-06,-9.765530506464215e-12,2
6.985,4.0,6.902100303892008e-05,0.00014526341688544836,19.620025183449517,0.027117779335372565,0.0027642960782994085,4,-2.1860548321227247e-06,-0.0073987615474241965,0.0001582568281846426,9.810025412711179,0.017255854865057915,0.003518004110916762,6,-1.6789849819343061e-06,0.15591538937354116,-0.0003194551578344047,0.0,0.0,nan,0,-0.07999717103295215,2.498389450043791e-09,1.7094896508915069e-06,-9.76537329888393e-12,2
6.99,4.0,6.953491467577157e-05,5.8895962583147885e-05,19.619834525932774,0.06505683520031606,0.006631741477159386,4,-2.186037188028206e-06,-0.007398121351336499,9.315680037555469e-05,9.809835517417904,0.04212213954462607,0.00858773614905895,6,-1.671089140925508e-06,0.1559141555913504,-0.0001679876401970346,0.0,0.0,nan,0,-0.07999717894648606,4.392437726484476e-09,1.337092477224624e-06,-9.765128161640095e-12,2
6.995,4.0,6.94983286999425e-05,-5.978361537082161e-05,19.619781388321215,0.06350521757420827,0.006473590741638956,4,-2.1860161185417726e-06,-0.007397906212705795,1.4322760713451693e-07,9.809783836882445,0.04173081444935803,0.008507998778211632,6,-1.6676017936811949e-06,0.155913897364407,4.370554605204376e-05,0.0,0.0,nan,0,-0.0799971824549516,2.377593154410906e-09,1.7029243367099542e-07,-9.763570296691941e-12,2
7.0,4.0,6.895726543699016e-05,-0.00013977491003676058,19.61981822411483,0.041749874804895205,0.004255888034026757,4,-2.186014431856259e-06,-0.00739819153749866,-0.00010297512518802281,9.80981911081589,0.030584883851489154,0.006235565305738932,6,-1.6692809984286683e-06,0.1559146440783519,0.0002268152290412996,0.0,0.0,nan,0,-0.07999718077748236,-2.387484458480143e-10,-7.287002612821979e-07,-9.761364949675828e-12,2
7.005,4.0,6.816883664584692e-05,-0.00016246006910801625,19.61987398961856,0.006244591931288004,0.0006365578020115926,4,-2.1860196707280954e-06,-0.007398897660787359,-0.00016167775020339993,9.809874796629561,0.005981619217736327,0.001219509798390387,6,-1.675335796008648e-06,0.15591605895649846,0.00030820304865592207,0.0,0.0,nan,0,-0.07999717471749473,-2.2825466201040543e-09,-1.5583921628959473e-06,-9.759635666292673e-12,2
7.01,4.0,6.746228447558347e-05,-0.00011331182773982272,19.62004989339667,0.04666348154175083,0.004756713850911858,4,-2.186038775497945e-06,-0.0073996830273024665,-0.00014024071703047517,9.810048742800916,0.030975967024265954,0.006315150482202773,6,-1.6839037475444019e-06,0.15591747120142818,0.00023761780964231155,0.0,0.0,nan,0,-0.07999716613048724,-4.587954157865593e-09,-1.7144424821154504e-06,-9.76822790432485e-12,2
7.015000000000001,4.0,6.718305039162049e-05,-1.9772238144055777e-06,19.620257572014555,0.06829920153372376,0.006962110592385153,4,-2.186062202744199e-06,-0.007400163735917316,-5.759523422075355e-05,9.810254353399753,0.042974531887870454,0.00876114529547903,6,-1.6905553361160064e-06,0.15591815147054897,4.363775843953431e-05,0.0,0.0,nan,0,-0.07999715945552027,-4.163862427243626e-09,-8.538804729221836e-07,-9.766320985257754e-12,2
7.0200000000000005,4.0,6.748704272863263e-05,0.00010565322402974224,19.620169451854192,0.05532471776319729,0.005639575937298428,4,-2.1860665206270558e-06,-0.007400191739220208,3.957462861940983e-05,9.810166728088232,0.03845595609095496,0.007840020900123704,6,-1.6916620032558782e-06,0.15591779580811446,-0.0001611625167106881,0.0,0.0,nan,0,-0.0799971583445841,1.219106956772097e-09,2.1725056715220765e-07,-9.767466735419166e-12,2
7.025,4.0,6.818782461125927e-05,0.0001604762823820686,19.620178577210343,0.026185617185707628,0.0026692537055828143,4,-2.186062263129923e-06,-0.007399718425117977,0.0001331779238342368,9.810177479711754,0.020185723613573434,0.004115261656645694,6,-1.688264672741746e-06,0.15591654203890712,-0.00030958883474217124,0.0,0.0,nan,0,-0.07999716174622096,2.877574818968211e-10,1.079487249919511e-06,-9.767299757876263e-12,2
7.03,4.0,6.899949823714559e-05,0.00015304355092030404,19.62005305723573,0.020102285704897277,0.002049157119632121,4,-2.186056763751193e-06,-0.007398942956215386,0.00016121096220816334,9.810053020108443,0.012523595637852897,0.002553216707836806,6,-1.6809207067230991e-06,0.1559148752233338,-0.0003301891061167814,0.0,0.0,nan,0,-0.07999716909573518,2.1339313339127295e-09,1.6866539297641287e-06,-9.766382269568713e-12,2
7.035,4.0,6.957999006465512e-05,7.650498419575961e-05,19.61987202519993,0.06117664562255188,0.006236192116235629,4,-2.186040585581278e-06,-0.007398253183467084,0.0001069372837059333,9.809873150790489,0.0405807938677706,0.008273459451308106,6,-1.6727482096620672e-06,0.1559135252858908,-0.00019937682534998958,0.0,0.0,nan,0,-0.07999717728445924,4.058334126587314e-09,1.462014342514076e-06,-9.765921304968892e-12,2
7.04,4.0,6.963687117151624e-05,-4.250749256622987e-05,19.619764657845206,0.06556000057221315,0.006683056776218584,4,-2.1860180944854868e-06,-0.007397965132076292,1.5690640335160625e-05,9.809767117940805,0.04248078013207488,0.008660915110692688,6,-1.6683448691504066e-06,0.1559131006807036,1.0882330323812667e-05,0.0,0.0,nan,0,-0.07999718171033968,3.284195601747885e-09,3.4423669002341684e-07,-9.766393815888168e-12,2
7.045,4.0,6.915989662969332e-05,-0.00013065869882592155,19.619825616289187,0.04644823460256672,0.0047348264465718265,4,-2.1860142113451497e-06,-0.007398169227345975,-8.799584209120742e-05,9.809826630974067,0.033666424272468305,0.0068638163627006725,6,-1.669315312438635e-06,0.15591370207800326,0.00020272005455194855,0.0,0.0,nan,0,-0.07999718074382836,-2.8575328586830733e-10,-5.867907142239142e-07,-9.76621085113371e-12,2
7.05,4.0,6.839074497714013e-05,-0.00016346377408992348,19.619852707794866,0.00972438606441716,0.0009912802312275987,4,-2.18601791956638e-06,-0.007398827780560131,-0.0001574503126536134,9.80985362831977,0.008789829575880913,0.00179204092311955,6,-1.674716896341022e-06,0.15591505011053597,0.000304979635920142,0.0,0.0,nan,0,-0.07999717533858508,-1.7507705116229575e-09,-1.4579564883215407e-06,-9.76716297839963e-12,2
7.055,4.0,6.764701917518603e-05,-0.00012567540420757112,19.620020178084708,0.039829151882482434,0.004060052081594804,4,-2.1860351682723156e-06,-0.00739962832891612,-0.00014947337670631454,9.810019372902492,0.026207403675802553,0.005342987139901756,6,-1.6831529629016129e-06,0.15591651471253754,0.00025921436563455466,0.0,0.0,nan,0,-0.07999716688531863,-4.4506270952552125e-09,-1.7515376466919555e-06,-9.76754844783378e-12,2
7.0600000000000005,4.0,6.728100184105827e-05,-2.1727261378138853e-05,19.620246043936298,0.06817315196720229,0.0069492657548269055,4,-2.1860588411450055e-06,-0.007400173711846632,-7.146546400476073e-05,9.810243429722648,0.04282230023617218,0.008730119806493495,6,-1.6904676368861837e-06,0.15591734644082347,7.72583456508455e-05,0.0,0.0,nan,0,-0.07999715954702064,-4.758538304673634e-09,-1.0565252101793568e-06,-9.768086683956114e-12,2
7.065,4.0,6.749919927318428e-05,9.194601618322994e-05,19.620183105803257,0.05852131282088522,0.005965419640102726,4,-2.18606746109698e-06,-0.007400278044172069,2.296655495660103e-05,9.810179993922102,0.0395789234347759,0.008068949491099455,6,-1.692428139521418e-06,0.15591715290391597,-0.00013084691532225958,0.0,0.0,nan,0,-0.0799971575779469,7.927839594231909e-10,8.197355927046817e-08,-9.772165199259378e-12,2
7.07,4.0,6.815537574273327e-05,0.0001554259158799441,19.62018230194586,0.03216845740743527,0.003279119114427894,4,-2.1860625271409584e-06,-0.007399879263367548,0.00012184848606480747,9.810181143880762,0.02433090437826673,0.004960337433410895,6,-1.6897112957089955e-06,0.1559160182750187,-0.0002932087105770413,0.0,0.0,nan,0,-0.07999716029977352,3.443944587830016e-10,9.383011191987287e-07,-9.773379339159108e-12,2
7.075,4.0,6.897130185159822e-05,0.0001591008865275578,19.62008100823269,0.013240333291401032,0.0013496716232563276,4,-2.1860584245025905e-06,-0.007399127414621764,0.00016213044218177546,9.810080720081782,0.008284551678337559,0.001688987463962171,6,-1.6828531030285698e-06,0.15591437082871867,-0.0003371656017917975,0.0,0.0,nan,0,-0.0799971671621177,1.7394746665829941e-09,1.6429765252425268e-06,-9.77295390169607e-12,2
7.08,4.0,6.961089862383784e-05,9.264634624683224e-05,19.619902262956334,0.055813010121818316,0.005689427946559851,4,-2.1860437549869882e-06,-0.007398396339547968,0.0001205198013881377,9.80990328339545,0.03712084789644357,0.007568035448275109,6,-1.6745115783076137e-06,0.15591292048560498,-0.0002291003851631005,0.0,0.0,nan,0,-0.0799971755183608,3.780108980554162e-09,1.5611726608898904e-06,-9.772658138282313e-12,2
7.085,4.0,6.976175268829914e-05,-2.416635223912629e-05,19.61975176404023,0.06714102791687061,0.006844228074274522,4,-2.1860207900931128e-06,-0.0073980362384932,3.095133056592996e-05,9.809754062593708,0.04301680743987598,0.008770211192940407,6,-1.6692302224272093e-06,0.1559123298593959,-2.2719180298697607e-05,0.0,0.0,nan,0,-0.07999718082273041,4.136231005756572e-09,5.32453457000751e-07,-9.772783371439489e-12,2
7.09,4.0,6.935574599435943e-05,-0.00012020391237585488,19.61983334651847,0.05053567680822454,0.0051514888955152185,4,-2.1860139496551745e-06,-0.007398158215202609,-7.182102776286411e-05,9.80983477096026,0.0362492469750872,0.007390388894702831,6,-1.6694581821199983e-06,0.15591277817188717,0.00017609077372305302,0.0,0.0,nan,0,-0.07999718060166003,-2.531651305829129e-10,-4.502171433669678e-07,-9.772433429142127e-12,2
7.095,4.0,6.861405074098793e-05,-0.00016256090832829516,19.61983609869349,0.015920633443316918,0.0016229119716629123,4,-2.186016591215756e-06,-0.007398760028823376,-0.0001511422902950165,9.809837094920114,0.012953045927947505,0.0026408279368176375,6,-1.674168544206489e-06,0.155914042010027,0.00029776906776393647,0.0,0.0,nan,0,-0.07999717588870522,-1.26005282824613e-09,-1.3395188107859304e-06,-9.773359799233874e-12,2
7.1000000000000005,4.0,6.784227162546843e-05,-0.0001364113406966764,19.619991382498856,0.032690868448057846,0.0033324039558160342,4,-2.1860316692275117e-06,-0.007399564615187236,-0.00015646908619488723,9.809990936975318,0.02125645599323943,0.004333634175567008,6,-1.6823570595306259e-06,0.15591553870494984,0.00027694633159204573,0.0,0.0,nan,0,-0.07999716768516074,-4.238125965673503e-09,-1.7639503536555713e-06,-9.77342730079377e-12,2
7.105,4.0,6.739546711606425e-05,-4.1359402476913215e-05,19.62021549198972,0.06706895823090844,0.00683671983707727,4,-2.1860550421665126e-06,-0.007400170651587481,-8.508121385297063e-05,9.810213424403798,0.04237584121014109,0.008639127280294907,6,-1.6901988025216919e-06,0.15591651187548083,0.00011050655659251496,0.0,0.0,nan,0,-0.07999715982009367,-4.921326703434574e-09,-1.2479793305935706e-06,-9.773367792839653e-12,2
7.11,4.0,6.752324807150505e-05,7.668379397858462e-05,19.620200675712667,0.06125305102345189,0.006243876098502442,4,-2.186068019490589e-06,-0.0074003493444964995,6.917133319317813e-06,9.810197228663993,0.040609726486297223,0.00827908461771623,6,-1.6930661532951752e-06,0.15591648311723352,-9.953495147120473e-05,0.0,0.0,nan,0,-0.07999715693981446,1.186298206875726e-10,-6.500056346842816e-08,-9.773973530521889e-12,2
7.115,4.0,6.812808656864827e-05,0.00014893227794482916,19.62018070177134,0.0376581013927562,0.0038387109645077197,4,-2.1860628484082767e-06,-0.007400029505957383,0.00010876208824506451,9.81017949677696,0.02812010558271542,0.00573284221597658,6,-1.6910264578687273e-06,0.15591547877017417,-0.00027362835479814664,0.0,0.0,nan,0,-0.07999715898472987,5.568472918867819e-10,7.941080703110425e-07,-9.773929121600903e-12,2
7.12,4.0,6.893948317422232e-05,0.00016326201889772245,19.62010766341477,0.007293141351780372,0.0007434354058494541,4,-2.1860597540952764e-06,-0.007399311637792578,0.00016087881284991478,9.810107152436025,0.005449160592866278,0.0011109278437418809,6,-1.6847361726593513e-06,0.15591386983555858,-0.00034007478479192307,0.0,0.0,nan,0,-0.07999716527815827,1.3333469742179595e-09,1.5755885733776318e-06,-9.77461923623301e-12,2
7.125,4.0,6.962991524573838e-05,0.00010731358074824612,19.619932643089705,0.04980671083502128,0.005077154110675665,4,-2.186046704207717e-06,-0.007398549996129136,0.00013245938881137513,9.809933567710639,0.033024763754243396,0.006732923016511404,6,-1.676347176439441e-06,0.15591233809215616,-0.00025570688703857174,0.0,0.0,nan,0,-0.07999717368025326,3.4903556596618436e-09,1.6347175337997822e-06,-9.774376763524432e-12,2
7.13,4.0,6.987241465373791e-05,-5.178957323666991e-06,19.61974621692105,0.0681264948756634,0.006944686656232862,4,-2.1860241361942867e-06,-0.007398120058177005,4.567627083595648e-05,9.809748163174426,0.04330436461799517,0.008828843288874382,6,-1.6702666711179703e-06,0.15591158598530644,-5.643119541962413e-05,0.0,0.0,nan,0,-0.07999717978337545,4.81076021424522e-09,7.287913856838725e-07,-9.773200815296752e-12,2
7.135,4.0,6.954324831364685e-05,-0.00010856224771042722,19.61983016994428,0.05400833562477881,0.005505484518160046,4,-2.186013741765913e-06,-0.0073981616658118235,-5.509843639842664e-05,9.809831953160785,0.03826049634037736,0.007800438687035736,6,-1.6697179096372694e-06,0.15591187708996965,0.00014772683777191943,0.0,0.0,nan,0,-0.07999718034258024,4.877007070271511e-11,-3.204209078411867e-07,-9.773657339004476e-12,2
7.140000000000001,4.0,6.883634260456531e-05,-0.00015994440579694788,19.61982389031921,0.022418022129651504,0.002285241932340991,4,-2.186015622927806e-06,-0.007398700224070846,-0.00014306253465504697,9.80982490956499,0.017374862019277796,0.0035423388652608017,6,-1.6737345489084565e-06,0.15591304288480393,0.0002870731296863934,0.0,0.0,nan,0,-0.07999717632410866,-8.401114372516938e-10,-1.2108990025579492e-06,-9.774284392968784e-12,2
7.1450000000000005,4.0,6.80455845080325e-05,-0.00014544737254229155,19.6199635662527,0.025496719701340268,0.002599058822432869,4,-2.1860283510762024e-06,-0.007399499191945239,-0.00016136225701093165,9.809963498807427,0.016335477507715773,0.003330384972319548,6,-1.6815848889045748e-06,0.15591455294181886,0.00029087585436360965,0.0,0.0,nan,0,-0.0799971684610894,-3.9385702245723175e-09,-1.7559606366102732e-06,-9.775856468771652e-12,2
7.15,4.0,6.75251455589166e-05,-6.040313731902904e-05,19.620168993636803,0.06484565799307086,0.006610101881803521,4,-2.186051185553567e-06,-0.007400160497462516,-9.83988912682773e-05,9.810167075427925,0.041624698902381206,0.008486032619493489,6,-1.689820420827659e-06,0.15591565501750712,0.00014286828897401826,0.0,0.0,nan,0,-0.0799971602027719,-4.787135344964981e-09,-1.4141153868665957e-06,-9.77896864595428e-12,2
7.155,4.0,6.755939714439165e-05,6.019759643350008e-05,19.620219582403326,0.06366122120756713,0.006489348494821395,4,-2.186068046541867e-06,-0.0074004112308507525,-8.628718365870281e-06,9.810215869627076,0.04150956571362598,0.008462518310558628,6,-1.6936217209564952e-06,0.15591579183070964,-6.750258210336253e-05,0.0,0.0,nan,0,-0.07999715638465968,-7.574257913659329e-10,-2.2472967458926005e-07,-9.779714715826829e-12,2
7.16,4.0,6.810609341655315e-05,0.0001410905011640409,19.62017435104616,0.042637923855709414,0.004346334858480596,4,-2.186063354524259e-06,-0.0074001718176436295,9.440756064668651e-05,9.810173019596013,0.03144366500521866,0.006410420069535843,6,-1.6922592690551963e-06,0.15591492605280802,-0.0002514317302684567,0.0,0.0,nan,0,-0.0799971577518525,8.944256376083497e-10,6.523500915981896e-07,-9.780889775876092e-12,2
7.165,4.0,6.89047635019225e-05,0.00016558977456514087,19.62013185922091,0.006202891504131689,0.0006322986561597959,4,-2.1860607739600246e-06,-0.007399496553896869,0.0001577483454694693,9.810131173123752,0.006341393578752928,0.0012928254407292895,6,-1.68658904643737e-06,0.15591337245073145,-0.0003392717529139082,0.0,0.0,nan,0,-0.07999716342470459,9.574436488620957e-10,1.4887227642629764e-06,-9.780750331864202e-12,2
7.17,4.0,6.963778409605562e-05,0.00012050502809919005,19.619961231918158,0.04333821705977927,0.004417767858712765,4,-2.1860494238759576e-06,-0.0073987143707967004,0.00014261247784626296,9.809962005247344,0.02852975820891334,0.0058164869942723095,6,-1.6782572218113079e-06,0.15591177757897057,-0.00027905110324359206,0.0,0.0,nan,0,-0.0799971717679282,3.2158734546968893e-09,1.6855736483913291e-06,-9.77900150855581e-12,2
7.175,4.0,6.99680645389011e-05,1.4189500746657046e-05,19.619753751769494,0.06836064244750971,0.00696855254274986,4,-2.1860279698603102e-06,-0.007398216425925903,6.020511036094688e-05,9.809755197322675,0.043319768149412116,0.008831977409841003,6,-1.671476342453293e-06,0.1559108696857683,-9.032817282078669e-05,0.0,0.0,nan,0,-0.07999717857031045,5.1255418265768914e-09,9.290667177516628e-07,-9.777509368810715e-12,2
7.18,4.0,6.972137973321114e-05,-9.570954894155432e-05,19.619819506252078,0.057261974445967215,0.005837156088792768,4,-2.1860138269443052e-06,-0.007398178707134023,-3.78786845465534e-05,9.809821580759566,0.03938851123551185,0.00803042357320061,6,-1.670089472341485e-06,0.15591099898407143,0.00011765470735980423,0.0,0.0,nan,0,-0.07999717997137237,5.641426641930405e-10,-1.848648103564625e-07,-9.777936582630589e-12,2
7.1850000000000005,4.0,6.905615480894515e-05,-0.00015567121471543678,19.61981663904535,0.02870452256458681,0.0029260744983173807,4,-2.1860149940419737e-06,-0.007398646310218341,-0.00013292882455887334,9.809817634632847,0.021695198543950363,0.004423160419895482,6,-1.6734034164675449e-06,0.15591205214454723,0.00027266654873397695,0.0,0.0,nan,0,-0.07999717665631004,-5.208449191399342e-10,-1.0707575466833503e-06,-9.78031157172487e-12,2
7.19,4.0,6.825568727141924e-05,-0.00015269385327185836,19.619935258521032,0.01837981059203178,0.0018735852437687674,4,-2.1860252860904372e-06,-0.007399428627219572,-0.0001638972984710256,9.809935529931158,0.011615281430608583,0.0023680647839466676,6,-1.6808102249743495e-06,0.15591355526173117,0.00030065769679184787,0.0,0.0,nan,0,-0.07999716923925837,-3.5253269947147333e-09,-1.723869288896847e-06,-9.780685494839563e-12,2
7.195,4.0,6.76697913481477e-05,-7.820848786563616e-05,19.620125165315862,0.06084505358868946,0.006202310441551144,4,-2.1860474309701172e-06,-0.007400137962431383,-0.00011171424160978995,9.810123242570254,0.04013973987087402,0.008183330398274874,6,-1.689294738600744e-06,0.15591477082568936,0.0001739893101160268,0.0,0.0,nan,0,-0.07999716073264879,-4.7234596198278795e-09,-1.5403992061163232e-06,-9.781439558317887e-12,2
7.2,4.0,6.760887056065668e-05,4.2558690889904675e-05,19.62023780133287,0.06568297850808993,0.006695431439024441,4,-2.1860672995803465e-06,-0.007400459510821239,-2.384041817866614e-05,9.810233966843118,0.04222592710559106,0.008608546391106949,6,-1.694031343993374e-06,0.1559150736278678,-3.465165647805542e-05,0.0,0.0,nan,0,-0.0799971559762237,-1.8056582859485694e-09,-4.010376102908179e-07,-9.782405008260101e-12,2
7.205,4.0,6.809041691197656e-05,0.00013188468277029644,19.620164384536846,0.047037452869510055,0.004794807214416764,4,-2.186064144253652e-06,-0.007400301671630765,7.8818467633429e-05,9.81016267725722,0.03430401016554437,0.006993566018037793,6,-1.6933688047823803e-06,0.15591435457550504,-0.00022663649857777025,0.0,0.0,nan,0,-0.07999715664196716,1.2551572173266245e-09,5.152752459648898e-07,-9.784154719746908e-12,2
7.21,4.0,6.886818751103401e-05,0.00016603897444388574,19.620151524309904,0.011303428442253648,0.00115222641662562,4,-2.1860615126573224e-06,-0.007399678153279382,0.00015261167477455056,9.81015066596286,0.009958536595292186,0.002030251508744746,6,-1.6883645959850369e-06,0.15591287361991166,-0.00033458396179365476,0.0,0.0,nan,0,-0.07999716164885645,6.474526275653979e-10,1.3822907787829838e-06,-9.780601117889689e-12,2
7.215,4.0,6.96351294445575e-05,0.00013218369265173387,19.619989250685684,0.036500343708489695,0.0037207302452741224,4,-2.186051942673628e-06,-0.007398886050405327,0.0001507092534682829,9.80998982817066,0.023750412349528627,0.004842087049127458,6,-1.6802017334879848e-06,0.1559112349086391,-0.0002988262230969394,0.0,0.0,nan,0,-0.07999716982133784,2.932490411443295e-09,1.7136142808446482e-06,-9.779989162958519e-12,2
7.22,4.0,7.004842501422655e-05,3.368002494013e-05,19.619777306931905,0.06772336976939351,0.00690358190207042,4,-2.1860320195514482e-06,-0.0073983239842372065,7.436961539504745e-05,9.809778294109329,0.04305776508199313,0.008778539899897407,6,-1.6728380866012915e-06,0.15591017988061429,-0.00012398288171287718,0.0,0.0,nan,0,-0.07999717720495678,5.032576041284726e-09,1.1223104829839943e-06,-9.784737364790235e-12,2
7.2250000000000005,4.0,6.988947407443827e-05,-8.119092599816272e-05,19.619803685713148,0.060195390921315484,0.006136186873791085,4,-2.1860143264926246e-06,-0.0073982093668502865,-2.1334351131011917e-05,9.809805978477872,0.04046309205776143,0.00824951933739261,6,-1.6705658160767745e-06,0.15591014454805815,8.659207135130223e-05,0.0,0.0,nan,0,-0.07999717949496928,1.2632533499798033e-09,-4.1216521347760375e-08,-9.781165999364622e-12,2
7.23,4.0,6.927305578874123e-05,-0.00014979967239925189,19.61981414436777,0.03461896752812558,0.0035289801700862282,4,-2.186014583401702e-06,-0.007398601369816102,-0.00012117324085052819,9.809815101385055,0.02575865018837608,0.005251607685192598,6,-1.6731853266990782e-06,0.1559110733033787,0.0002550397430710595,0.0,0.0,nan,0,-0.07999717687525068,-3.1934876071480533e-10,-9.267772088550967e-07,-9.787839772010251e-12,2
7.235,4.0,6.847202598784021e-05,-0.00015812024325461354,19.61990760177348,0.011638795541715458,0.00118642715123321,4,-2.186022555202005e-06,-0.007399357561160404,-0.00016432171366786898,9.809908153407811,0.0076375950300031446,0.0015571185602486935,6,-1.680071754182888e-06,0.1559125508587709,0.00030650882234319846,0.0,0.0,nan,0,-0.07999716998090031,-3.0321154786420012e-09,-1.6706693553867964e-06,-9.783642240798748e-12,2
7.24,4.0,6.782896854454073e-05,-9.428301308573212e-05,19.62009233423643,0.055194763181667314,0.005626351012156475,4,-2.186043704357349e-06,-0.007400106269780612,-0.00012486210531198144,9.810090738035118,0.036776529535918,0.0074976940617542225,6,-1.6886877525976174e-06,0.1559138629592594,0.00020321201942284469,0.0,0.0,nan,0,-0.07999716134380166,-4.714418428920825e-09,-1.6359177590368828e-06,-9.785121057867551e-12,2
7.245,4.0,6.767302598405342e-05,2.4001754931667655e-05,19.620252508472383,0.06722475680124812,0.006852588341788083,4,-2.1860657627922886e-06,-0.007400496537453426,-3.8516066288868175e-05,9.810248749464206,0.04271657872513209,0.008708561794106411,6,-1.694313022972127e-06,0.15591432950409576,-1.418752010051033e-06,0.0,0.0,nan,0,-0.07999715569652177,-2.9067103017324916e-09,-5.895758228689557e-07,-9.783060483933845e-12,2
7.25,4.0,6.808309456172068e-05,0.00012153310783277514,19.620159698510104,0.05079194186021836,0.005177525834723491,4,-2.186065196183029e-06,-0.0074004192851624745,6.236640520340991e-05,9.81015746616373,0.03659364997888186,0.007460359347971167,6,-1.6943758008661214e-06,0.15591376251800823,-0.0001998325407943496,0.0,0.0,nan,0,-0.07999715563435944,1.4197795064604542e-09,3.872422070305065e-07,-9.789637445131722e-12,2
7.255,4.0,6.883278219702042e-05,0.00016477030260445217,19.620166761216854,0.01768014520146945,0.0018022420927041006,4,-2.1860620042710166e-06,-0.007399855339695192,0.00014555934729913524,9.810165769037637,0.01431491403074345,0.002918383719044479,6,-1.6900540774147932e-06,0.1559123692198648,-0.00032626264205185267,0.0,0.0,nan,0,-0.07999715995932372,4.1780413711913055e-10,1.2615184099226614e-06,-9.787099031208219e-12,2
7.26,4.0,6.962482974149453e-05,0.00014222280755156182,19.620016532723213,0.02950783862021087,0.003007932085173962,4,-2.1860542195294153e-06,-0.007399063712468678,0.00015661901506685845,9.810016863292766,0.018899000940085772,0.0038530007039645916,6,-1.6821640193426246e-06,0.15591070588023098,-0.0003147747791543125,0.0,0.0,nan,0,-0.07999716785721547,2.62932498090586e-09,1.7195559840532045e-06,-9.786605204006864e-12,2
7.265000000000001,4.0,7.011437105385686e-05,5.261729450745904e-05,19.619818257246614,0.0659519927901275,0.0067229973209122895,4,-2.186035910841516e-06,-0.007398442658076984,8.836789100412546e-05,9.809819184699123,0.04243286683398568,0.00865110070533622,6,-1.6743519926712414e-06,0.1559095156198422,-0.00015691810643344613,0.0,0.0,nan,0,-0.07999717568759976,4.590916313827702e-09,1.2935428905526612e-06,-9.792230037938824e-12,2
7.2700000000000005,4.0,7.00462319309432e-05,-6.542069710088385e-05,19.619786267410397,0.06269758262949943,0.006391260513744102,4,-2.1860154139352606e-06,-0.007398252845136492,-5.242402873534638e-06,9.809788720308394,0.04142085744366606,0.008444801131734039,6,-1.6711587203580014e-06,0.15590931428151794,5.473021466599594e-05,0.0,0.0,nan,0,-0.07999717890141794,2.091531856206157e-09,1.1556113773474735e-07,-9.789251087519148e-12,2
7.275,4.0,6.948495993912133e-05,-0.00014252722221065546,19.61981568025599,0.040029959608075046,0.004080564288721469,4,-2.186014322745622e-06,-0.0073985656169424634,-0.00010784391260575636,9.809816585049532,0.029449860608257192,0.0060041613118719675,6,-1.6730801081984992e-06,0.15591010866098712,0.00023443828512148077,0.0,0.0,nan,0,-0.0799971769811702,-2.399007472134574e-10,-7.806133169719412e-07,-9.787062615893009e-12,2
7.28,4.0,6.869201521651036e-05,-0.00016165646091815449,19.619881586988722,0.006672353833231511,0.0006801624977855527,4,-2.186020222130769e-06,-0.007399286055085014,-0.0001626973784463636,9.809882346838334,0.005730702330196809,0.0011683529175135886,6,-1.6793741676804363e-06,0.15591154237970176,0.0003084210252831776,0.0,0.0,nan,0,-0.0799971706812603,-2.4877296755391033e-09,-1.5954312360387317e-06,-9.790836485998316e-12,2
7.285,4.0,6.80002199630542e-05,-0.00010872568736157455,19.620060246573807,0.04891972850669299,0.004986705228413934,4,-2.1860399936519948e-06,-0.007400063909231359,-0.00013664746870436004,9.810058962303835,0.03252274235691104,0.006630488661053525,6,-1.6880033365390679e-06,0.15591293236512907,0.00022944037760335646,0.0,0.0,nan,0,-0.07999716203236887,-4.6471683407559416e-09,-1.7051515520688022e-06,-9.789739585649988e-12,2
7.29,4.0,6.775174756478388e-05,4.718319319258047e-06,19.62025902534923,0.0681279260388183,0.0069446510314463755,4,-2.186063324985388e-06,-0.007400522142086624,-5.287819555632105e-05,9.810255606942984,0.04293622031220887,0.00875333366070946,6,-1.6944396869431055e-06,0.15591355940658827,3.2227133395697064e-05,0.0,0.0,nan,0,-0.0799971555727361,-3.907485001287997e-09,-7.902567186864396e-07,-9.791650057430762e-12,2
7.295,4.0,6.808373406424451e-05,0.00010991894789726701,19.62016667115407,0.05416346355854309,0.005521203205493173,4,-2.1860663319411833e-06,-0.00740052429189951,4.522463591997076e-05,9.81016405908676,0.03805360031199212,0.007757994684450684,6,-1.6952845598508515e-06,0.15591314990628546,-0.00017107629103494724,0.0,0.0,nan,0,-0.07999715472490518,1.3059783175436603e-09,2.599552111181502e-07,-9.791920951848773e-12,2
7.3,4.0,6.879783511214775e-05,0.00016179322660139046,19.62017743879861,0.024092550529738924,0.0024558952746366364,4,-2.1860623490230213e-06,-0.007400027126743931,0.00013659662193086293,9.810176350858715,0.018734616413653937,0.0038194250018785928,6,-1.6916538363234701e-06,0.15591185897664386,-0.0003143225201248018,0.0,0.0,nan,0,-0.07999715835966059,2.936239465442138e-10,1.1288162576976114e-06,-9.789253752054414e-12,2
7.305,4.0,6.960597433126685e-05,0.0001506098822654271,19.620044307624678,0.022440256293786175,0.0022874827336720658,4,-2.1860562766547187e-06,-0.007399245910258622,0.0001604176194400074,9.81004435846391,0.014088662882593857,0.0028722934102613797,6,-1.6841349956692175e-06,0.15591018995767944,-0.00032696013767105864,0.0,0.0,nan,0,-0.07999716588462255,2.2799140629289507e-09,1.70460539291744e-06,-9.78790460903489e-12,2
7.3100000000000005,4.0,7.016499491632465e-05,7.077494748315817e-05,19.619861847412285,0.06269584695984334,0.006391058963354777,4,-2.1860394709555253e-06,-0.007398572171853194,0.00010225340457128061,9.8098630391865,0.041221517137028166,0.00840409636146083,6,-1.6759982410310958e-06,0.15590887753560712,-0.00018896095239421618,0.0,0.0,nan,0,-0.07999717403823184,4.1715009935757884e-09,1.4327131258512973e-06,-9.787440091721387e-12,2
7.315,4.0,7.019057797434584e-05,-4.838362886080257e-05,19.619768811625782,0.06489407840027953,0.006615172586725512,4,-2.1860171647812565e-06,-0.007398308606284352,1.0515500211535553e-05,9.809771322327387,0.04223254312001786,0.00861030124604334,6,-1.6718727839926117e-06,0.15590850872407652,2.1935563938696308e-05,0.0,0.0,nan,0,-0.07999717818604402,2.9985006940166537e-09,2.8676951914190954e-07,-9.792851762832622e-12,2
7.32,4.0,6.969163258795692e-05,-0.0001338016516641499,19.61982200978595,0.04491914775062842,0.0045789556835147335,4,-2.1860140991120103e-06,-0.007398539958012766,-9.311284886471215e-05,9.809822978340529,0.032674550705315046,0.006661598436069315,6,-1.6730839331388636e-06,0.15590915935846575,0.0002109819714451781,0.0,0.0,nan,0,-0.07999717697800948,-2.736332999645319e-10,-6.35816793781725e-07,-9.79022630742399e-12,2
7.325,4.0,6.891547508256124e-05,-0.00016326255369568577,19.61985854101926,0.008004528827223086,0.0008159619306620391,4,-2.1860183170817338e-06,-0.0073992152166889764,-0.00015902695177386837,9.809859429174397,0.00760855620337643,0.0015512059593328486,6,-1.6787295499184895e-06,0.15591053111209993,0.00030635701201718764,0.0,0.0,nan,0,-0.07999717132822373,-1.938085924581318e-09,-1.4994802536987889e-06,-9.796252598001654e-12,2
7.33,4.0,6.818359098264574e-05,-0.00012163133844019852,19.620029933492514,0.04216562489315679,0.004298222279587622,4,-2.1860363315709397e-06,-0.007400011473852283,-0.00014652809885477613,9.810028995336275,0.02783267069159613,0.005674329954545066,6,-1.687256754027977e-06,0.15591197959099387,0.00025222697947720256,0.0,0.0,nan,0,-0.0799971627830541,-4.5284675049287294e-09,-1.7492006085191933e-06,-9.794482458411191e-12,2
7.335,4.0,6.784650261088783e-05,-1.4986706154564387e-05,19.62025285956598,0.0682903881505571,0.006961213868073233,4,-2.1860601315468187e-06,-0.007400535193788545,-6.683311757227578e-05,9.810250005671834,0.042878466513978204,0.008741564483919951,6,-1.6943974417218954e-06,0.1559127607371108,6.588740154623286e-05,0.0,0.0,nan,0,-0.07999715561861542,-4.6368596357552024e-09,-9.945235103428558e-07,-9.794859046061143e-12,2
7.34,4.0,6.809452894753368e-05,9.67986533680046e-05,19.62017833919243,0.057437640494996556,0.005854956005192019,4,-2.186067351903076e-06,-0.007400614373793409,2.8397961502769757e-05,9.810175316955448,0.03918759739074158,0.007989173714971551,6,-1.6960792755885135e-06,0.15591251222876612,-0.00014112900141603234,0.0,0.0,nan,0,-0.07999715392961018,9.664082716839446e-10,1.2720276063509623e-07,-9.79495319297363e-12,2
7.345,4.0,6.876659727478377e-05,0.00015728484050567544,19.620182416982217,0.030176778794264825,0.003076095639981957,4,-2.1860625937994427e-06,-0.007400190572790207,0.00012572296710083188,9.810181267490993,0.02295665034640269,0.004680168433273808,6,-1.6931330016831114e-06,0.15591133669760096,-0.0002989401585137008,0.0,0.0,nan,0,-0.07999715688069114,3.12169668835422e-10,9.878951458583347e-07,-9.790632204961789e-12,2
7.3500000000000005,4.0,6.958192286761505e-05,0.00015722825001762244,19.6200724790967,0.015506093157185062,0.0015806356652051426,4,-2.1860580296656495e-06,-0.007399430355431184,0.0001619089220444263,9.810072273584792,0.009631974718856934,0.0019636908781584792,6,-1.686082015610324e-06,0.15590968149299259,-0.00033506948732833867,0.0,0.0,nan,0,-0.0799971639362903,1.8868912344246654e-09,1.6661658828517822e-06,-9.794232880275251e-12,2
7.355,4.0,7.020233876114254e-05,8.736178305732813e-05,19.619891882995297,0.05767515324675062,0.005879252912370847,4,-2.1860427276282346e-06,-0.007398712769116833,0.00011594130010290447,9.80989295570544,0.03839396529000768,0.007827601272178556,6,-1.67774827136008e-06,0.15590826382930636,-0.00021923536278362988,0.0,0.0,nan,0,-0.07999717228538555,3.90718964654448e-09,1.5381921482166482e-06,-9.793934452326231e-12,2
7.36,4.0,7.032161933919125e-05,-3.045167720090843e-05,19.619754009274327,0.06664785276174721,0.006793953963973507,4,-2.1860196344480887e-06,-0.007398377408898704,2.576906668641388e-05,9.809756423667402,0.04284320801099262,0.008734815863037622,6,-1.6727275214192816e-06,0.1559077295272101,-1.1249633465626624e-05,0.0,0.0,nan,0,-0.07999717732927764,3.895551769215985e-09,4.703706140338148e-07,-9.801515943316793e-12,2
7.365,4.0,6.98910613237783e-05,-0.00012381798015941633,19.619830629347447,0.04922603221367974,0.005017987478449195,4,-2.186013850477564e-06,-0.007398527373212343,-7.746526152515332e-05,9.809831909695262,0.03544213975517321,0.007225840377579763,6,-1.6732106799463575e-06,0.15590823038841725,0.0001853510333473824,0.0,0.0,nan,0,-0.07999717685195207,-2.984152941990317e-10,-4.972263147527479e-07,-9.793866950766336e-12,2
7.37,4.0,6.9139504841284e-05,-0.00016301947962364563,19.61984047572022,0.013740690660095069,0.0014006934130885856,4,-2.186016830729026e-06,-0.007399149587570707,-0.00015354270642784575,9.809841465728061,0.011478225149001056,0.002340144881872293,6,-1.678178409028619e-06,0.15590952449831447,0.0003006300133587211,0.0,0.0,nan,0,-0.07999717188129173,-1.431920454154948e-09,-1.38751253314668e-06,-9.801088729496916e-12,2
7.375,4.0,6.837639512981312e-05,-0.0001329332324646151,19.62000083456638,0.035141433094690866,0.0035822050560547314,4,-2.186032774766783e-06,-0.007399954114735585,-0.0001543502493550907,9.810000253607102,0.022957086939809874,0.004680343801493509,6,-1.6865012772843135e-06,0.1559110124744254,0.0002713513447750876,0.0,0.0,nan,0,-0.07999716354252845,-4.344321667683374e-09,-1.7708721040151158e-06,-9.800998135298107e-12,2
7.38,4.0,6.79563347379051e-05,-3.471796103900407e-05,19.620229307482045,0.06756567587761152,0.0068873482382640445,4,-2.186056435166811e-06,-0.007400540019847165,-8.047258504855338e-05,9.810227066282053,0.042547528762749434,0.008674117015901935,6,-1.6942214255966093e-06,0.15591193877934167,9.925844469173132e-05,0.0,0.0,nan,0,-0.07999715579876873,-4.952520689495458e-09,-1.1922839260528133e-06,-9.801116263027927e-12,2
7.385,4.0,6.811543228532895e-05,8.20549585900117e-05,19.620195129549646,0.0603439318146445,0.006151206082936608,4,-2.186068070644115e-06,-0.007400693978862819,1.2209517693938083e-05,9.810191759114339,0.040251674284735674,0.008206093269754714,6,-1.6967953408025815e-06,0.15591185398040097,-0.00011019654202948075,0.0,0.0,nan,0,-0.07999715321326706,3.719453519054524e-10,-1.5451871167311692e-08,-9.801217515367774e-12,2
7.390000000000001,4.0,6.873845997037227e-05,0.00015126759574597188,19.62018256352726,0.03585597610149008,0.0036550094256660166,4,-2.186062884872164e-06,-0.0074003474668852395,0.00011330496543918769,9.810181358296369,0.026882145115604005,0.005480458338901157,6,-1.6945286253969294e-06,0.15591080478050764,-0.00028050459127721924,0.0,0.0,nan,0,-0.07999715548521721,4.680597892034086e-10,8.43845535923808e-07,-9.798568079141809e-12,2
7.3950000000000005,4.0,6.955224156792426e-05,0.0001620476398125929,19.620099788777615,0.009070163879377282,0.0009245787714663175,4,-2.186059491014053e-06,-0.0073996173212179115,0.00016147334822084672,9.810099344791515,0.006103481342405737,0.0012443261027007364,6,-1.6880195499308082e-06,0.15590918119319036,-0.00033945298247032294,0.0,0.0,nan,0,-0.07999716199773552,1.4799642774051735e-09,1.606913370168765e-06,-9.796517275170722e-12,2
7.4,4.0,7.022641480411413e-05,0.00010253411929036486,19.619922756018923,0.051900753625663425,0.0052906175290360425,4,-2.1860457757767737e-06,-0.007398865160483128,0.00012855155503032023,9.809923741188966,0.03446137634809416,0.007025819416597714,6,-1.6795945301864568e-06,0.15590767519934526,-0.0002470176331006568,0.0,0.0,nan,0,-0.0799971704365195,3.6149317175756724e-09,1.6213015744270184e-06,-9.79447624116225e-12,2
7.405,4.0,7.043836377216675e-05,-1.1633846237918715e-05,19.61974575161407,0.06784170153928977,0.006915655523589912,4,-2.186022805220761e-06,-0.00739845871112794,4.0758267670726274e-05,9.809747870712863,0.043215255703524316,0.008810676130126455,6,-1.6737389997648067e-06,0.1559069771413262,-4.50563445563181e-05,0.0,0.0,nan,0,-0.07999717631506945,4.643689937520976e-09,6.664908451938164e-07,-9.794457589415438e-12,2
7.41,4.0,7.008276443527956e-05,-0.00011258569729390412,19.619832063330275,0.052874262106588014,0.005389879172861088,4,-2.186013604618675e-06,-0.007398527089678448,-6.074098096771161e-05,9.809833779253404,0.037636724869764916,0.007673264545901272,6,-1.6734489865152802e-06,0.15590732145969602,0.000157394790795625,0.0,0.0,nan,0,-0.07999717661433231,-8.932911382961907e-11,-3.6419747153166466e-07,-9.802674127976082e-12,2
7.415,4.0,6.936359158580342e-05,-0.00016094994782735438,19.61982669787345,0.020225925090902524,0.0020617842759125663,4,-2.1860157533269697e-06,-0.007399087406551125,-0.00014592279179001028,9.809827726611243,0.01587799130510666,0.003237160070004947,6,-1.6777118197475183e-06,0.1559085212900789,0.000290940887814059,0.0,0.0,nan,0,-0.07999717234939938,-9.8071682058807e-10,-1.259563151431227e-06,-9.801592326660887e-12,2
7.42,4.0,6.857854792747536e-05,-0.0001425284763921501,19.619972600777892,0.027922233920735697,0.002846307126813076,4,-2.186029370673803e-06,-0.007399888986359368,-0.00015986666487126315,9.809972395891963,0.017986820259107302,0.0036670480880536395,6,-1.6857157428065705e-06,0.15591002825438455,0.0002864633251227568,0.0,0.0,nan,0,-0.07999716433190798,-4.073149399931621e-09,-1.7678298891235583e-06,-9.801229061687228e-12,2
7.425,4.0,6.808243398966186e-05,-5.3990147946672955e-05,19.620186334674756,0.06570257613600165,0.006697446702622338,4,-2.1860525257939856e-06,-0.0074005320004592685,-9.39188179336698e-05,9.810184394137218,0.04188724812362884,0.008539543486799611,6,-1.6938689045356559e-06,0.15591108772343965,0.00013197718540405536,0.0,0.0,nan,0,-0.07999715615564015,-4.876829525048179e-09,-1.3683677005207968e-06,-9.802241585085686e-12,2
7.43,4.0,6.814888826915543e-05,6.594787373581624e-05,19.620213927154815,0.06284617647170261,0.006406268219606118,4,-2.1860682661058173e-06,-0.00740075891565178,-3.530495139509812e-06,9.810210261679792,0.04119660409491792,0.008398719904269181,6,-1.6973768443978576e-06,0.1559111685255484,-7.834912340866201e-05,0.0,0.0,nan,0,-0.07999715263200902,-4.537928778872513e-10,-1.7211818335455995e-07,-9.801920064497755e-12,2
7.4350000000000005,4.0,6.871603519172254e-05,0.00014386616500307992,19.620177687577073,0.04100292372616011,0.004179668948882351,4,-2.186063319916526e-06,-0.007400492799110291,9.92729943486263e-05,9.810176401042128,0.030368819248521355,0.00619128912815376,6,-1.6957910165676937e-06,0.1559102556034583,-0.0002590708684987289,0.0,0.0,nan,0,-0.07999715422283205,7.724457909405102e-10,6.997837383872423e-07,-9.801123368455283e-12,2
7.44,4.0,6.951971962772652e-05,0.0001649700744948668,19.620125042705975,0.005605762255508763,0.0005714298194641501,4,-2.1860606172798003e-06,-0.0073998027367853806,0.0001589118373824584,9.81012440499293,0.005578649786792297,0.0011373249831476153,6,-1.6898940069856594e-06,0.15590868219824977,-0.00033981358535400367,0.0,0.0,nan,0,-0.07999716012259325,1.085102042051831e-09,1.524833512455518e-06,-9.800471445495221e-12,2
7.445,4.0,7.023920405016835e-05,0.00011622055219379456,19.61995198756511,0.04553402695579246,0.004641604320403167,4,-2.1860485984633027e-06,-0.007399026839841937,0.00013930916818283943,9.809952830463873,0.03007391676570037,0.006131307109308149,6,-1.681497183013414e-06,0.1559071071586146,-0.0002714613581837074,0.0,0.0,nan,0,-0.07999716853148504,3.334343080806066e-09,1.6788862635170244e-06,-9.800612665863953e-12,2
7.45,4.0,7.054055616062104e-05,7.673786936204e-06,19.61974777555498,0.06836423671111384,0.006968921057822318,4,-2.1860265325794603e-06,-0.007398552095096206,5.522448737338833e-05,9.809749425149729,0.04332938392195799,0.008833943058906755,6,-1.6749026296725145e-06,0.15590625140366748,-7.88298764454695e-05,0.0,0.0,nan,0,-0.07999717514815327,5.117421371157692e-09,8.670672183372288e-07,-9.800622435826569e-12,2
7.455,4.0,7.026562815864922e-05,-0.00010017516022085715,19.61982284025141,0.056163634970138626,0.005725192875331686,4,-2.1860135498638633e-06,-0.007398541239969782,-4.367878679591988e-05,9.809824849756751,0.03900248168881084,0.007951718259226201,6,-1.6737973125083294e-06,0.15590643581863045,0.00012792238055577844,0.0,0.0,nan,0,-0.07999717626650216,3.6560339383564313e-10,-2.3229394195018658e-07,-9.80136228845018e-12,2
7.46,4.0,6.958595610694009e-05,-0.00015722192174288656,19.619817616978658,0.02661371650016564,0.002712942293320258,4,-2.1860150005229007e-06,-0.007399033806138666,-0.0001365964519502593,9.809818640232862,0.020250713261743145,0.004128662109753834,6,-1.677362299064289e-06,0.15590752839911687,0.0002778868429088822,0.0,0.0,nan,0,-0.07999717270011397,-6.21238055610631e-10,-1.1237057173046424e-06,-9.803397993388132e-12,2
7.465,4.0,6.878806733568184e-05,-0.00015039026206609937,19.619944566052805,0.020772276174492975,0.002117465327647661,4,-2.1860261943396075e-06,-0.007399822966517316,-0.00016328078782947198,9.809944726348766,0.013182844339649896,0.002687649055604111,6,-1.6849619211486977e-06,0.15590903579071094,0.00029773955478884707,0.0,0.0,nan,0,-0.0799971650893471,-3.6993357523399182e-09,-1.744866278661502e-06,-9.805023359896183e-12,2
7.47,4.0,6.822360779878517e-05,-7.233019358344297e-05,19.620136434545678,0.06253661742122706,0.00637473828276925,4,-2.1860487137738416e-06,-0.00740051671010768,-0.00010709634825725431,9.810134373347912,0.040817626882756176,0.00832152248467649,6,-1.693417035548983e-06,0.15591021433646077,0.00016349508241271784,0.0,0.0,nan,0,-0.0799971566117623,-4.728545010603027e-09,-1.5105533674642587e-06,-9.808217249493424e-12,2
7.4750000000000005,4.0,6.819531978268177e-05,4.873519375999826e-05,19.620232856221975,0.06502263967457313,0.006628121098364348,4,-2.1860678292538738e-06,-0.0074008142219839385,-1.8750569590692403e-05,9.81022900424315,0.04198229318012274,0.00855888138023372,6,-1.6978647637555522e-06,0.1559104604791541,-4.591604791973994e-05,0.0,0.0,nan,0,-0.07999715214496764,-1.4511485781368656e-09,-3.418170816738639e-07,-9.808149747933528e-12,2
7.48,4.0,6.869999776179112e-05,0.00013517683360163372,19.62016831625747,0.04558789342798686,0.00464704407150394,4,-2.186064003921462e-06,-0.0074006289806655984,8.416068271210685e-05,9.810166753291377,0.033381051072109,0.006805399319213291,6,-1.696965383747584e-06,0.15590969090283602,-0.00023526890438506143,0.0,0.0,nan,0,-0.07999715304822202,1.1496405268304392e-09,5.611588495792388e-07,-9.807226042377039e-12,2
7.485,4.0,6.948572331934591e-05,0.00016607568779890579,19.620146233778563,0.009257873174611924,0.0009437109249138342,4,-2.1860614411797763e-06,-0.007399987307448775,0.00015449034206257837,9.810145422724096,0.008568621541420011,0.0017468898109444465,6,-1.6917204583646872e-06,0.1559081838472194,-0.0003364973822482211,0.0,0.0,nan,0,-0.07999715829575918,7.496912744472586e-10,1.4245271985748246e-06,-9.805339551413596e-12,2
7.49,4.0,7.024203531694062e-05,0.00012837646241995986,19.61998018427411,0.03885387948438368,0.003960644110693446,4,-2.1860511904628344e-06,-0.0073991978643694984,0.00014809704759296207,9.809980844697376,0.025394277831817663,0.0051772329087766,6,-1.6834561834197515e-06,0.15590655843547874,-0.0002924048267143812,0.0,0.0,nan,0,-0.07999716657033387,3.0534124331723836e-09,1.7143097956850355e-06,-9.812205170597879e-12,2
7.495,4.0,7.062769238797763e-05,2.7057293271182914e-05,19.619766337365977,0.06802885587331575,0.00693472640841337,4,-2.186030561169422e-06,-0.0073986575047566,6.953713233077075e-05,9.809767484568617,0.04316106829281104,0.008799610869616661,6,-1.6762389303121017e-06,0.1559055527623094,-0.00011252570661755113,0.0,0.0,nan,0,-0.0799971738082653,5.147275367765843e-09,1.064432196559099e-06,-9.80657589577382e-12,2
7.5,4.0,7.043840742090022e-05,-8.629063972642422e-05,19.619808468779013,0.059263507230622466,0.006041191209886523,4,-2.1860139086532504e-06,-0.007398568848138711,-2.6876263668292757e-05,9.80981072562911,0.040099896169697564,0.008175467864009361,6,-1.6742574603448301e-06,0.15590557373435168,9.72356580693232e-05,0.0,0.0,nan,0,-0.07999717580643684,1.01384101386239e-09,-9.062088913298254e-08,-9.807484502297171e-12,2
7.505,4.0,6.980478354378218e-05,-0.00015192011191114297,19.619813611115415,0.03265084692488918,0.0033283544453644722,4,-2.1860145328865543e-06,-0.007398986927597433,-0.00012533121906970252,9.809814596300201,0.024408160122641444,0.004976273482650131,6,-1.6771190255379653e-06,0.15590654578155905,0.00026132012134585367,0.0,0.0,nan,0,-0.07999717294429645,-3.794379894187326e-10,-9.790764941158344e-07,-9.808498802052468e-12,2
7.51,4.0,6.900318730784136e-05,-0.0001564370139250009,19.619916368217822,0.013852929859702361,0.001412129348537146,4,-2.1860233312652466e-06,-0.00739975291898883,-0.00016436359082014026,9.809916829651385,0.008872514972672722,0.001808886890020254,6,-1.6842164397568027e-06,0.15590803371323636,0.0003048694308019533,0.0,0.0,nan,0,-0.0799971658381329,-3.225923059292682e-09,-1.6977197167705258e-06,-9.809221779286103e-12,2
7.515000000000001,4.0,6.837887214974285e-05,-8.898660438976898e-05,19.62010354459018,0.057189778326870166,0.005829712182394574,4,-2.18604497601374e-06,-0.007400489059286786,-0.00012039025372225045,9.810101818090757,0.03813151818262697,0.007773929137475177,6,-1.692837089818655e-06,0.15590931451292084,0.0001934457198603673,0.0,0.0,nan,0,-0.07999715719588715,-4.7521242647078164e-09,-1.6138537634143376e-06,-9.808718182122132e-12,2
7.5200000000000005,4.0,6.82554400973277e-05,3.046934920868149e-05,19.620249031227456,0.06672707737064208,0.0068018583519954025,4,-2.1860665165504556e-06,-0.007400856277955513,-3.365863238122079e-05,9.810245189697053,0.04254875904226913,0.008674351806610262,6,-1.6981974376648057e-06,0.15590972550804888,-1.2741819381050103e-05,0.0,0.0,nan,0,-0.07999715181404779,-2.5557073869989323e-09,-5.283410713950518e-07,-9.80827853380438e-12,2
7.525,4.0,6.86906773050103e-05,0.00012516569517341078,19.620159825044496,0.04956698368943079,0.005052658503439931,4,-2.1860649825553025e-06,-0.007400752316149067,6.794632159580312e-05,9.810157713817299,0.03588015817549162,0.007314899356807595,6,-1.698020563177527e-06,0.15590910665362015,-0.00020904308362364922,0.0,0.0,nan,0,-0.07999715199250534,1.4055356141725784e-09,4.2883902364659136e-07,-9.811518608679447e-12,2
7.53,4.0,6.945051149453842e-05,0.00016534232455944824,19.620163115660592,0.015488728136723211,0.0015788582434730406,4,-2.1860620236201223e-06,-0.007400167748153707,0.00014808196508953405,9.810162151883828,0.01281337319207763,0.0026122653211429537,6,-1.6934614575775386e-06,0.15590768259619917,-0.00032935532080572967,0.0,0.0,nan,0,-0.07999715655461892,4.858960745409891e-10,1.3070359482691345e-06,-9.815254287112704e-12,2
7.535,4.0,7.023486358897571e-05,0.00013898614499852037,19.620007953951294,0.031876062723323696,0.0032493424873361624,4,-2.18605358049892e-06,-0.0073993752353343255,0.00015477349221792064,9.810008381495122,0.020540492424356318,0.004187660524959875,6,-1.685439508715414e-06,0.15590602607622775,-0.0003096906326730349,0.0,0.0,nan,0,-0.07999716458505998,2.7551574746639466e-09,1.727344389574607e-06,-9.808491696625108e-12,2
7.54,4.0,7.069940030924251e-05,4.6321501615130034e-05,19.619802032630897,0.0666861142710338,0.006797837629566703,4,-2.186034590866137e-06,-0.00739877393722824,8.354923553004803e-05,9.809802933969967,0.04268640224496547,0.008702805251499694,6,-1.6777249571484076e-06,0.1559048805865223,-0.00014580169690278421,0.0,0.0,nan,0,-0.07999717231865022,4.798488665135012e-09,1.2462874781659566e-06,-9.81428350809997e-12,2
7.545,4.0,7.06003976186452e-05,-7.084665568537482e-05,19.61979124111202,0.061859226188888096,0.006305798612093899,4,-2.186014782416118e-06,-0.007398609642455884,-1.0664786023113125e-05,9.809793686068176,0.041094920364178895,0.008378345494165024,6,-1.674826515994654e-06,0.15590473563973992,6.55805176507442e-05,0.0,0.0,nan,0,-0.07999717523694888,1.8097210122122383e-09,6.21467231162666e-08,-9.809307044414389e-12,2
7.55,4.0,7.002005078383506e-05,-0.00014506700965200722,19.619813918710424,0.038249222703941106,0.003899040313268696,4,-2.18601422464354e-06,-0.00739894958944005,-0.00011252327256535194,9.80981485762929,0.028241498644863226,0.005757804618075793,6,-1.6769896881083102e-06,0.1559055762790368,0.00024165939386275342,0.0,0.0,nan,0,-0.07999717307438362,-2.588781748428042e-10,-8.327406636430911e-07,-9.813018742030314e-12,2
7.555,4.0,6.922378607003693e-05,-0.00016059958716591925,19.61988964795607,0.007936483218389901,0.0008090242463944434,4,-2.1860208427142147e-06,-0.007399683072026932,-0.00016343223381086428,9.809890349697833,0.005987899438948874,0.0012207882505298983,6,-1.6835150514690755e-06,0.15590702637199388,0.00030810096832840797,0.0,0.0,nan,0,-0.07999716654245125,-2.6926742905955885e-09,-1.6294723068675597e-06,-9.808783907325184e-12,2
7.5600000000000005,4.0,6.854788320003151e-05,-0.0001039380515310746,19.62007065292868,0.05111988708615593,0.005210978899153484,4,-2.1860412341978552e-06,-0.007400451916816673,-0.00013278032262705288,9.810069231611193,0.034021711051912235,0.0069360797051836,6,-1.6921876841088923e-06,0.15590839146548857,0.0002207875572179208,0.0,0.0,nan,0,-0.0799971578494762,-4.696194705945713e-09,-1.6920070021216393e-06,-9.814098766988668e-12,2
7.565,4.0,6.833077189797904e-05,1.1413241137147202e-05,19.620259159225213,0.06787548973765292,0.006918918775416753,4,-2.186064378958269e-06,-0.0074008870074892255,-4.8048706375267054e-05,9.810255562050894,0.042866600349426506,0.008739140398186523,6,-1.6983913357568325e-06,0.15590896401347665,2.070468400794234e-05,0.0,0.0,nan,0,-0.07999715162272886,-3.6209177549110053e-09,-7.255144620275734e-07,-9.814821744222304e-12,2
7.57,4.0,6.869033453676119e-05,0.00011405754266511153,19.620164200345037,0.05299336209616378,0.005401928501213241,4,-2.1860661209884003e-06,-0.0074008627022161605,5.100078993914423e-05,9.810161699381833,0.037653206339020945,0.007676368135989763,6,-1.6989742206985348e-06,0.15590850049175686,-0.00018098907812259178,0.0,0.0,nan,0,-0.07999715103815094,1.3724090540109443e-09,3.0288030769492253e-07,-9.813631585139906e-12,2
7.575,4.0,6.941740740697699e-05,0.00016297887643759772,19.62017521300935,0.02191299750067677,0.0022337208778999223,4,-2.1860623947225766e-06,-0.0074003426598187785,0.00013972914622480148,9.810174142797981,0.01723183316216183,0.0035130534710869263,6,-1.6951056844641266e-06,0.1559071737228599,-0.0003186387324682427,0.0,0.0,nan,0,-0.07999715491046253,3.2349330330995924e-10,1.1771908867201287e-06,-9.820493651610506e-12,2
7.58,4.0,7.022095365680304e-05,0.00014791786359964144,19.620035300304153,0.024833151324838605,0.002531407405210289,4,-2.1860557148818682e-06,-0.00739955743211313,0.00015923331251141808,9.810035446091348,0.01570266445835803,0.0032013471398035583,6,-1.6874275292066976e-06,0.15590550529545358,-0.0003230818502040115,0.0,0.0,nan,0,-0.0799971625953467,2.421759981051337e-09,1.7182889857664726e-06,-9.813456613991222e-12,2
7.585,4.0,7.075705306546935e-05,6.470709377000286e-05,19.619848786589728,0.06399069781325721,0.006523057186556422,4,-2.186038286906139e-06,-0.007398901442043305,9.74203214642996e-05,9.809849959566622,0.041718605009048546,0.008505452209972758,6,-1.6793518722857392e-06,0.15590423355270283,-0.00017805805361325667,0.0,0.0,nan,0,-0.07999717068848067,4.31503123904244e-09,1.3967349085259237e-06,-9.819733370883243e-12,2
7.59,4.0,7.075045228447516e-05,-5.4323623205878363e-05,19.619773474480198,0.06416304421534375,0.0065406508692673546,4,-2.1860163103605557e-06,-0.007398663197712812,5.151565017770932e-06,9.809776019097885,0.041957301571587995,0.008554181357434585,6,-1.6755200305876294e-06,0.15590392225605962,3.324145552346696e-05,0.0,0.0,nan,0,-0.079997174542348,2.7048538618331866e-09,2.2861207223206244e-07,-9.814252421855272e-12,2
7.595,4.0,7.022960860455387e-05,-0.00013688712155725385,19.619818544408336,0.043304530471118464,0.00441436605268302,4,-2.1860140006838003e-06,-0.00739892260020886,-9.830525516182532e-05,9.809819485159661,0.031620328072948414,0.006446668691668341,6,-1.6769773337407812e-06,0.15590462284932047,0.00021926180977231246,0.0,0.0,nan,0,-0.07999717308740362,-2.590857456922033e-10,-6.867618659097211e-07,-9.821800162065885e-12,2
7.6000000000000005,4.0,6.944703473921799e-05,-0.00016287880922522373,19.619865351950928,0.006715473632387517,0.0006845585850791535,4,-2.1860187792120678e-06,-0.007399614381035473,-0.000160510164228393,9.809866210136612,0.006610562179336245,0.0013477374793359565,6,-1.6828707027419232e-06,0.15590601755127592,0.00030745844222747625,0.0,0.0,nan,0,-0.07999716718930519,-2.138381572204565e-09,-1.5403490451795867e-06,-9.821920954330965e-12,2
7.605,4.0,6.87280744766251e-05,-0.00011735745160422097,19.620040037222964,0.04452096173374639,0.004538315074717648,4,-2.1860375388482733e-06,-0.0074004054869336155,-0.00014335391895411434,9.810038963062247,0.029480061741485864,0.0060101823963160965,6,-1.691480873360074e-06,0.15590744796487874,0.0002447808750551148,0.0,0.0,nan,0,-0.07999715856042403,-4.600455886406876e-09,-1.7446153179381887e-06,-9.820801849522142e-12,2
7.61,4.0,6.842093816993056e-05,-8.173344063780384e-06,19.6202577912321,0.06830544402370824,0.006962746845684421,4,-2.186061402606465e-06,-0.007400907052491643,-6.212377852001083e-05,9.810254697035973,0.04290378828466591,0.008746722610092615,6,-1.6984300582958967e-06,0.15590817701436419,5.436666280463263e-05,0.0,0.0,nan,0,-0.07999715158742443,-4.4618371006236246e-09,-9.303864956827304e-07,-9.818745716480538e-12,2
7.615,4.0,6.869851033695921e-05,0.00010149104673345662,19.620174244263186,0.05630319208173854,0.0057393162140954215,4,-2.186067199386188e-06,-0.00740096056735311,3.397301584118418e-05,9.8101713315582,0.038784242846620055,0.007906945054436629,6,-1.6998347993277263e-06,0.155907873304858,-0.0001513944866279573,0.0,0.0,nan,0,-0.0799971501769357,1.112981153515678e-09,1.7186625112602137e-07,-9.814195578436413e-12,2
7.62,4.0,6.938557035253323e-05,0.0001589582752716823,19.620182408541286,0.02814616396860543,0.0028691031900246263,4,-2.1860626742940814e-06,-0.007400511437701255,0.00012957932678034681,9.810181264844834,0.021545607360216216,0.00439249933891145,6,-1.6966568985588015e-06,0.15590665746316854,-0.0003044679903774934,0.0,0.0,nan,0,-0.07999715335941063,2.8454955819236905e-10,1.0381535886365066e-06,-9.815243628971657e-12,2
7.625,4.0,7.019931088097105e-05,0.00015516032126799124,19.62006379826207,0.017834831979774864,0.001818019774365327,4,-2.186057602587138e-06,-0.007399743173585177,0.0001615989673875897,9.810063680092266,0.011085151646855668,0.0022599550845630004,6,-1.6894146532761556e-06,0.15590499580668066,-0.00033268964125387,0.0,0.0,nan,0,-0.07999716060677672,2.0374254621743564e-09,1.6883476959545423e-06,-9.821536373075235e-12,2
7.63,4.0,7.079976681005104e-05,8.194517223413895e-05,19.619881385423255,0.05949504015576677,0.006064770625980346,4,-2.186041655163201e-06,-0.007399039743079824,0.00011124347516040609,9.809882516196593,0.039639604769038154,0.00808156564639612,6,-1.6810953099577475e-06,0.1559036122685815,-0.00020911896426532826,0.0,0.0,nan,0,-0.07999716894211656,4.0357936779686e-09,1.5133484834228191e-06,-9.817974777612238e-12,2
7.635,4.0,7.08874178992054e-05,-3.660920338638434e-05,19.6197573556159,0.06608281470141124,0.006736353921573439,4,-2.1860185537327104e-06,-0.0073987287419715764,2.0644526509770123e-05,9.80975985951397,0.04264028312363215,0.008693440763950521,6,-1.6763430386729228e-06,0.15590313396489797,3.439573554596306e-08,0.0,0.0,nan,0,-0.07999717371753838,3.6235363154987427e-09,4.0999730479123476e-07,-9.821694468833943e-12,2
7.640000000000001,4.0,7.043316908122032e-05,-0.0001272912930013817,19.61982703774208,0.04781150643405168,0.00487379489554909,4,-2.1860137566706572e-06,-0.007398906156456101,-8.28273631086497e-05,9.809828205749538,0.034546832605727794,0.007043310419132499,6,-1.6770724787576463e-06,0.15590368597689308,0.00019418841070255102,0.0,0.0,nan,0,-0.07999717299294445,-3.062421267144629e-10,-5.444222672899651e-07,-9.82244497959859e-12,2
7.6450000000000005,4.0,6.967274791618392e-05,-0.0001632317852157125,19.619845545155304,0.011611917458602267,0.0011836910165146104,4,-2.1860171506848936e-06,-0.007399546947721783,-0.00015553458116658462,9.809846516342393,0.010046022007257141,0.002048150700527536,6,-1.6822871658148109e-06,0.155905007538195,0.0003028361567102789,0.0,0.0,nan,0,-0.0799971677749125,-1.6118396474765548e-09,-1.431554298742929e-06,-9.822449420490687e-12,2
7.65,4.0,6.8919613763248e-05,-0.00012920611731572843,19.62001036334477,0.03755143626810814,0.0038278711960584777,4,-2.186033919177738e-06,-0.007400349357029831,-0.0001518298684998428,9.810009645822042,0.024628757765234578,0.005021148531841383,6,-1.6907194923670987e-06,0.1559064834307059,0.00026510581187900355,0.0,0.0,nan,0,-0.07999715932586657,-4.43660045762604e-09,-1.772499655584189e-06,-9.822077273732835e-12,2
7.655,4.0,6.852744725378182e-05,-2.793665512858033e-05,19.62024015567063,0.06789518916975923,0.006920933549341516,4,-2.186057797875368e-06,-0.0074009142349632144,-7.585013312622988e-05,9.81023769602318,0.0426623216814516,0.00869751029554479,6,-1.698290418586379e-06,0.15590736082437737,8.785665005691304e-05,0.0,0.0,nan,0,-0.07999715173111077,-4.923427281812477e-09,-1.1324722532995515e-06,-9.821360513748136e-12,2
7.66,4.0,6.871769657011234e-05,8.730841389819597e-05,19.62018973526821,0.05940093892931041,0.006055083027309817,4,-2.1860680377676356e-06,-0.0074010432363695216,1.7558796927110942e-05,9.810186449441941,0.03988039034080863,0.008130404156197715,6,-1.700573087570767e-06,0.15590721992587464,-0.00012079731328341318,0.0,0.0,nan,0,-0.07999714943825098,5.94328035728696e-10,3.260804159948325e-08,-9.821448443411686e-12,2
7.665,4.0,6.935830782694371e-05,0.0001534696546801362,19.620183666201665,0.03395263298220287,0.003460990331165016,4,-2.1860629269843113e-06,-0.007400670608319601,0.00011757938399585468,9.810182466570108,0.02557209237448978,0.005213377521087116,6,-1.698078220445376e-06,0.1559061270361539,-0.0002869791053920156,0.0,0.0,nan,0,-0.07999715193827799,4.029704801497212e-10,8.936289078624237e-07,-9.825361757528888e-12,2
7.67,4.0,7.017342671777573e-05,0.0001605734308268321,19.620091466864945,0.011129736439375256,0.0011345244193353044,4,-2.1860591593453327e-06,-0.007399929843253547,0.00016170604865778872,9.810091098832915,0.007103348600799351,0.0014481717915227966,6,-1.6913625371720031e-06,0.15590449150196173,-0.00033820951045871616,0.0,0.0,nan,0,-0.07999715865777804,1.6283121713741787e-09,1.6342449621335386e-06,-9.822831337211163e-12,2
7.675,4.0,7.083002009322255e-05,9.749805986692531e-05,19.619912465515036,0.05391391908106729,0.005495836862251976,4,-2.1860447986903064e-06,-0.007399188989202963,0.00012432331787600565,9.809913499445782,0.03583622450266439,0.007306124463725186,6,-1.6829242702048886e-06,0.1559030144044791,-0.0002377513729753973,0.0,0.0,nan,0,-0.07999716711045476,3.739457422878533e-09,1.6029266890342153e-06,-9.828446401180504e-12,2
7.68,4.0,7.101066240346715e-05,-1.812331038230023e-05,19.619746121954673,0.06748451142742233,0.006879244105193243,4,-2.186021513292391e-06,-0.007398807224258362,3.559798762080689e-05,9.809748401330337,0.043096189846730824,0.008786400646297186,6,-1.6773138251172104e-06,0.1559023723473464,-3.340463672510807e-05,0.0,0.0,nan,0,-0.07999717274423437,4.4535180921386954e-09,6.021647116984309e-07,-9.824754243489815e-12,2
7.6850000000000005,4.0,7.062891903272376e-05,-0.0001164918713404917,19.61983337686278,0.05170039950308393,0.005270217999308091,4,-2.18601349217043e-06,-0.00739890363418274,-6.661469318206213e-05,9.809835021774978,0.03696078378653684,0.0075354547154961645,6,-1.6772898363270894e-06,0.1559027708509424,0.00016717664078474655,0.0,0.0,nan,0,-0.07999717277629342,-2.1138197853352233e-10,-4.1000435409694547e-07,-9.823697311170373e-12,2
7.69,4.0,6.989817497665532e-05,-0.00016179398829017428,19.619830102230083,0.017998913734840475,0.0018347675429457092,4,-2.1860159176954885e-06,-0.007399486265926411,-0.00014879385845968592,9.809831138527699,0.014357147727041681,0.002927093754071788,6,-1.6818102785559619e-06,0.15590400457722178,0.0002946579587621396,0.0,0.0,nan,0,-0.07999716825347479,-1.1347024421751528e-09,-1.3098020410813948e-06,-9.824045477110895e-12,2
7.695,4.0,6.911983763034977e-05,-0.0001394002753559307,19.619981873474213,0.03041506433727165,0.0031004171699457227,4,-2.186030441657383e-06,-0.007400290133468854,-0.0001582279583689986,9.809981527757644,0.019701385325595483,0.004016599882446222,6,-1.6899679130336076e-06,0.1559055071327689,0.00028169838148618204,0.0,0.0,nan,0,-0.07999716008136548,-4.198996873706931e-09,-1.7789978458998066e-06,-9.826170888069238e-12,2
7.7,4.0,6.864908767846522e-05,-4.743999848290559e-05,19.620203809710787,0.06649694726224654,0.0067784155462579515,4,-2.1860539154462677e-06,-0.007400914087359332,-8.928655131501354e-05,9.810201814931373,0.042150227180992865,0.00859314170618573,6,-1.6980280575507045e-06,0.15590652218744838,0.00012079673331068918,0.0,0.0,nan,0,-0.0799971519977963,-4.965637815547467e-09,-1.3188452513722215e-06,-9.826549252076033e-12,2
7.705,4.0,6.874788645757469e-05,7.166071492598258e-05,19.62020805295111,0.061990164971883546,0.006319011990554248,4,-2.1860684455698998e-06,-0.007401116361779044,1.7358172373164305e-06,9.810204445557147,0.04086386303912846,0.008330889180935452,6,-1.701234009381103e-06,0.15590654601410486,-8.932631289592391e-05,0.0,0.0,nan,0,-0.07999714877736347,-1.5198184572105316e-10,-1.1892000900710309e-07,-9.82412452499025e-12,2
7.71,4.0,6.93350443497596e-05,0.00014653696128346692,19.620180656744537,0.03928706582207328,0.004004760864275544,4,-2.186063298718205e-06,-0.007400822913491818,0.00010417025995841273,9.810179398682429,0.02923771927668116,0.0059606900319494616,6,-1.6994190201527481e-06,0.1559055857591201,-0.00026663696621819665,0.0,0.0,nan,0,-0.0799971505975487,6.545371871710303e-10,7.488979149307606e-07,-9.830238745231466e-12,2
7.715,4.0,7.01430105099977e-05,0.00016415723882670977,19.620117652554654,0.006058563313320015,0.0006175868484184298,4,-2.18606041314795e-06,-0.007400118446486636,0.00015993929068618996,9.810117070929953,0.00525635959507219,0.0010716201564297768,6,-1.6932936783634056e-06,0.15590399367732816,-0.00034002623873331583,0.0,0.0,nan,0,-0.07999715672582516,1.2230874864557393e-09,1.5599069071240902e-06,-9.824160940305457e-12,2
7.72,4.0,7.084788460005836e-05,0.00011171128411310642,19.619942320414538,0.04774761572021106,0.004867253424137715,4,-2.1860477142331136e-06,-0.007399349888243632,0.0001357512665779343,9.80994323151388,0.03163297502874173,0.0064491657662447245,6,-1.6848415793566107e-06,0.15590244059654731,-0.00026339222415469924,0.0,0.0,nan,0,-0.07999716519067224,3.4568647509488815e-09,1.66952243233636e-06,-9.829091218713212e-12,2
7.7250000000000005,4.0,7.111910581062977e-05,1.0373201114878495e-06,19.61974462744802,0.06823892215007048,0.006956147844514166,4,-2.1860251035836498e-06,-0.007398898376532014,5.032489890885628e-05,9.809746482510713,0.043296660817462425,0.00882727415935851,6,-1.6784532691632714e-06,0.15590163821535613,-6.729185672193468e-05,0.0,0.0,nan,0,-0.07999717160164221,5.026567462761108e-09,8.036511888198015e-07,-9.82903703982961e-12,2
7.73,4.0,7.081609178113594e-05,-0.00010452441178367208,19.61982587405161,0.05503601067084391,0.0056102445581469014,4,-2.1860133553285033e-06,-0.007398914194843816,-4.946968716726062e-05,9.809827812690276,0.03861364574565642,0.007872441083156361,6,-1.6776198257170694e-06,0.15590187739960729,0.0001380644970119175,0.0,0.0,nan,0,-0.07999717244688306,1.8901801995676353e-10,-2.7731601731135454e-07,-9.829053915219587e-12,2
7.735,4.0,7.012240062911749e-05,-0.0001586156567414752,19.619819409957792,0.024449485025875187,0.00249232518556885,4,-2.1860150706161374e-06,-0.007399430238519405,-0.00013990219922876778,9.809820452008026,0.018765596956872264,0.0038258798004872823,6,-1.6814293025482763e-06,0.15590300748652353,0.00028258828979408555,0.0,0.0,nan,0,-0.0799971686357401,-7.392690414845605e-10,-1.1739330300438247e-06,-9.829283953430289e-12,2
7.74,4.0,6.932821650926391e-05,-0.00014783416667837174,19.619953925391734,0.023192102811948587,0.0023641342788204875,4,-2.186027166273946e-06,-0.007400224310272573,-0.00016226441158445322,9.809953964856229,0.01479101916211206,0.003015512450945295,6,-1.6892001076032614e-06,0.15590451609466405,0.0002941690478496621,0.0,0.0,nan,0,-0.07999716085288855,-3.859349682446037e-09,-1.76081217720265e-06,-9.829516656176251e-12,2
7.745,4.0,6.878655013840654e-05,-6.611236483215042e-05,19.620153270748723,0.06374044796279292,0.006497446486090628,4,-2.1860500255196924e-06,-0.007400901146955315,-0.00010259858740704379,9.810151247556753,0.04120566280268494,0.008400617230635937,6,-1.697598565240932e-06,0.15590565495016392,0.0001527814575927947,0.0,0.0,nan,0,-0.07999715243162081,-4.792989158398966e-09,-1.4726976337654045e-06,-9.828424196720019e-12,2
7.75,4.0,6.879116575369381e-05,5.479468871008623e-05,19.620227267581953,0.06428151050679878,0.0065525755262794165,4,-2.1860681979381236e-06,-0.007401175004243433,-1.3701381706295535e-05,9.810223433266875,0.04170525296081569,0.008502406340591885,6,-1.7017516789202825e-06,0.15590584454446188,-5.7022765880910894e-05,0.0,0.0,nan,0,-0.07999714826038384,-1.111804278809727e-09,-2.857699675365502e-07,-9.828837199685178e-12,2
7.755,4.0,6.931800837057823e-05,0.00013826515001969577,19.62017231796381,0.04406569633942843,0.004491876587555026,4,-2.186063893974688e-06,-0.007400962702252649,8.932175217149304e-05,9.810170860509087,0.03239927294839776,0.00660524131721727,6,-1.7006255143489635e-06,0.1559050257526582,-0.00024351632529732084,0.0,0.0,nan,0,-0.07999714939090152,1.0250121445495508e-09,6.068903609738805e-07,-9.833770142628189e-12,2
7.76,4.0,7.011053706936735e-05,0.00016585524190166414,19.6201404891041,0.007452392583688472,0.0007596676066440099,4,-2.186061340583162e-06,-0.007400304168502239,0.0001560935709443422,9.810139731258097,0.007319734871121119,0.0014922794316166998,6,-1.6951477554497107e-06,0.15590349504319184,-0.00033787820018125835,0.0,0.0,nan,0,-0.07999715487126297,8.607264954648898e-10,1.4639998235976198e-06,-9.828560088018227e-12,2
7.765000000000001,4.0,7.085508577057083e-05,0.00012438386035282337,19.61997111150939,0.04114397257947357,0.004194091045866816,4,-2.1860504110342294e-06,-0.007399518750996299,0.00014523176467183806,9.809971850411008,0.026995714624789915,0.005503729273934436,6,-1.6867989072605338e-06,0.1559018854301464,-0.00028554497658717955,0.0,0.0,nan,0,-0.07999716323108988,3.1716327715799665e-09,1.711672245697729e-06,-9.834447822762418e-12,2
7.7700000000000005,4.0,7.121271030533306e-05,2.0495076931778838e-05,19.61975666210286,0.0682340433513253,0.006955646242353745,4,-2.1860291069993043e-06,-0.007399000892005909,6.45751603735931e-05,9.80975798697367,0.04323409302707794,0.008814507571845967,6,-1.679743989513316e-06,0.15590093029996183,-0.00010099955309226203,0.0,0.0,nan,0,-0.07999717030736081,5.233334913033703e-09,1.0043796293840917e-06,-9.832324188160914e-12,2
7.775,4.0,7.099389776064247e-05,-9.114678350469045e-05,19.619813116812438,0.058214891776227094,0.005934296257525725,4,-2.186013540204923e-06,-0.00739893884081408,-3.257873924084005e-05,9.809815333680348,0.039720540389914814,0.00809812193987812,6,-1.6780545997810425e-06,0.15590100741483412,0.0001077962427365384,0.0,0.0,nan,0,-0.0799971720123665,7.742175683319779e-10,-1.3994462847916892e-07,-9.833350034235668e-12,2
7.78,4.0,7.034420734737431e-05,-0.0001538214960670775,19.61981354471079,0.030631894369491403,0.003122546939570616,4,-2.1860145013423427e-06,-0.0073993831042661416,-0.00012939287232440069,9.8098145599952,0.02301182990301998,0.004691593253324707,6,-1.6811642342406952e-06,0.15590202172239778,0.0002672851241597714,0.0,0.0,nan,0,-0.07999716890182007,-4.5172130386381975e-10,-1.0323772186058926e-06,-9.835303138580587e-12,2
7.785,4.0,6.95432289136784e-05,-0.00015451197447102067,19.61992548075218,0.016179324041954327,0.0016492747699604466,4,-2.1860241695009774e-06,-0.007400158106376733,-0.00016421422459728395,9.809925842107477,0.010265520960618287,0.002092884518363073,6,-1.6884684536436212e-06,0.15590351805681932,0.000302796990614304,0.0,0.0,nan,0,-0.07999716158798167,-3.4156928005471906e-09,-1.7227435184217844e-06,-9.835781866748805e-12,2
7.79,4.0,6.893870104287094e-05,-8.350430971721415e-05,19.62011484232505,0.05913849970413487,0.006028354082470473,4,-2.186046268375791e-06,-0.00740088052014181,-0.00011570173549342954,9.810112981666693,0.03945525200105659,0.008043791559748851,6,-1.6970812995800721e-06,0.15590476535251133,0.00018327687253483191,0.0,0.0,nan,0,-0.07999715295308604,-4.781437471680675e-09,-1.5888567710023526e-06,-9.834659209226301e-12,2
7.795,4.0,6.884805893798492e-05,3.690683538884634e-05,19.6202450448908,0.06617751282876537,0.006745839583282706,4,-2.186067227422789e-06,-0.00740122375194373,-2.8610346845564353e-05,9.810241135825436,0.04235582755061717,0.008635022720479406,6,-1.702162968415799e-06,0.15590511958065315,-2.4225625435440152e-05,0.0,0.0,nan,0,-0.07999714785050732,-2.1954950052985672e-09,-4.6577707867518597e-07,-9.832711433951898e-12,2
7.8,4.0,6.930812958751048e-05,0.00012876745461270098,19.620162374836287,0.048243780888846226,0.004917775904925331,4,-2.186064776622809e-06,-0.00740109229973041,7.352753321751326e-05,9.810160453453724,0.03507269721777435,0.007150280035517013,6,-1.7017404089977872e-06,0.15590444841220424,-0.00021822408893712743,0.0,0.0,nan,0,-0.07999714827556671,1.3542736816959582e-09,4.7290369478963134e-07,-9.837873526927193e-12,2
7.805000000000001,4.0,7.007767669996455e-05,0.00016576846182163026,19.62015864073935,0.013263247311261344,0.001352002045867407,4,-2.1860619916734547e-06,-0.007400487677639813,0.00015040910589525296,9.810157714940352,0.011296538346435741,0.002303028896106677,6,-1.6969383357379186e-06,0.15590299459759407,-0.00033210663303776715,0.0,0.0,nan,0,-0.07999715308047409,5.696145582420236e-10,1.35182479342271e-06,-9.834117420390282e-12,2
7.8100000000000005,4.0,7.085328171807276e-05,0.00013550256065387512,19.619999006610502,0.034290703967679026,0.003495484781230169,4,-2.1860528727907225e-06,-0.007399695605619685,0.00015260752616661242,9.809999529936611,0.022216089554154116,0.0045292743361217405,6,-1.688796340569565e-06,0.15590134727532765,-0.00030403911635247587,0.0,0.0,nan,0,-0.0799971612316373,2.879376191754177e-09,1.7318636626432656e-06,-9.841908521487892e-12,2
7.815,4.0,7.129135361953968e-05,3.973708852397589e-05,19.61978731078735,0.06725627282320776,0.0068559634982616685,4,-2.186033182180469e-06,-0.007399115127789364,7.86910227923262e-05,9.809788270244594,0.04287119235511268,0.008740492898333216,6,-1.6812028615434405e-06,0.15590024908054664,-0.00013435710505855787,0.0,0.0,nan,0,-0.07999716884485614,4.984692557440072e-09,1.193008270687182e-06,-9.838969539097103e-12,2
7.82,4.0,7.116089060247621e-05,-7.628674659374117e-05,19.619796447645086,0.060966771976887976,0.006214822069084785,4,-2.186014237823969e-06,-0.007398976739457881,-1.6190904573738497e-05,9.809798870783533,0.040749095201208514,0.008307835000077587,6,-1.678604900391678e-06,0.15590016151036193,7.654869321736823e-05,0.0,0.0,nan,0,-0.07999717146181085,1.5316662427808033e-09,9.530191908682541e-09,-9.83565663359162e-12,2
7.825,4.0,7.056160066294866e-05,-0.00014754090972799556,19.61981272836763,0.03637338655966629,0.003707821992314456,4,-2.186014154602345e-06,-0.00739934381489482,-0.00011707757729489802,9.809813704981908,0.026959017929137404,0.005496336370882616,6,-1.6810107231549076e-06,0.15590104823104708,0.0002486895648656124,0.0,0.0,nan,0,-0.0799971690561205,-2.9245765537231507e-10,-8.851035674693559e-07,-9.83562910006061e-12,2
7.83,4.0,6.976277387718624e-05,-0.00015932707222183362,19.619898108499115,0.009730985180707944,0.0009919506336776125,4,-2.1860215403263217e-06,-0.007400089358755189,-0.00016393382959909933,9.80989873612354,0.006694579631164177,0.0013648621277837154,6,-1.6877601253309504e-06,0.15590251295718083,0.00030733201546068466,0.0,0.0,nan,0,-0.07999716229938175,-2.89737981690328e-09,-1.6606922985438841e-06,-9.834995828847363e-12,2
7.835,4.0,6.910394808082424e-05,-9.890606986853583e-05,19.620081595135247,0.0532787081920274,0.005431038391322259,4,-2.186042505136071e-06,-0.007400847838492334,-0.0001286519637945003,9.810080045035592,0.03548843885360704,0.007235096694560821,6,-1.6964595395893567e-06,0.155903850618381,0.0002116291830999042,0.0,0.0,nan,0,-0.07999715357905188,-4.7409510778876145e-09,-1.6749708548740668e-06,-9.838304293460745e-12,2
7.84,4.0,6.891909382457369e-05,1.8111032565583778e-05,19.62025748742693,0.06751651584153794,0.006882327195227069,4,-2.186065325690545e-06,-0.0074012597547393,-4.320451813557263e-05,9.810253747753306,0.0427569538710833,0.00871678857050467,6,-1.7024128941070527e-06,0.15590436774472988,9.164670805273632e-06,0.0,0.0,nan,0,-0.079997147602926,-3.293421484808248e-09,-6.611917975412692e-07,-9.840497205978984e-12,2
7.845,4.0,6.93055808376446e-05,0.00011799476853897298,19.620162251372577,0.05179603316738801,0.005279878168567591,4,-2.186065888167693e-06,-0.007401208749590457,5.6804952587066716e-05,9.810159852666434,0.03717253775666768,0.007578375544321851,6,-1.7027418797097016e-06,0.15590385060859258,-0.00019072850009188658,0.0,0.0,nan,0,-0.0799971472734271,1.408672565315869e-09,3.4490416567683183e-07,-9.840506975941602e-12,2
7.8500000000000005,4.0,7.004449980295644e-05,0.0001639256627468315,19.620172557085958,0.019713597639655807,0.0020095233701230733,4,-2.1860624395721173e-06,-0.007400666183182673,0.00014271812855097627,9.810171505840092,0.015713985613188434,0.0032036107837327293,6,-1.6986359480802848e-06,0.15590248947942306,-0.00032257253446487137,0.0,0.0,nan,0,-0.07999715138285654,3.6551907905826054e-10,1.224912529529989e-06,-9.838514791746216e-12,2
7.855,4.0,7.084224422403527e-05,0.000145013416565777,19.620026618961212,0.02723910592260165,0.0027766635032265654,4,-2.1860551215370505e-06,-0.007399877766917808,0.00015785497199940972,9.810026871274093,0.017349475316634062,0.00353709027391905,6,-1.6908071088020393e-06,0.15590082367511973,-0.00031879709593287244,0.0,0.0,nan,0,-0.07999715921906306,2.5573196503189322e-09,1.7299963231193673e-06,-9.840393289103884e-12,2
7.86,4.0,7.135461293196832e-05,5.854888674698971e-05,19.619832310870713,0.06508095114886414,0.006634200549492454,4,-2.186037053458767e-06,-0.007399240216045073,9.257571449193015e-05,9.80983336312094,0.04212078771307155,0.0085874624275312,6,-1.682804624529577e-06,0.1558995941121007,-0.00016705327280422007,0.0,0.0,nan,0,-0.0799971672396646,4.499446461690669e-09,1.3566800546921855e-06,-9.840737014152308e-12,2
7.865,4.0,7.131630529097764e-05,-6.006948017409033e-05,19.619778481981015,0.06338588243449235,0.006461426921074214,4,-2.186015536406738e-06,-0.00739902742228178,-2.4382907394435534e-07,9.80978104260238,0.0416598553345217,0.008493534188703971,6,-1.6792701642495689e-06,0.15589933998271904,4.43846734888501e-05,0.0,0.0,nan,0,-0.07999717079569113,2.406914317686047e-09,1.719513796853333e-07,-9.83865334757969e-12,2
7.87,4.0,7.077465836860883e-05,-0.00013976131940018124,19.61981573277128,0.041621003600568515,0.004242751732988839,4,-2.1860139059852457e-06,-0.007399314640570914,-0.0001033193465982563,9.809816677131554,0.030511745104206425,0.0062206555144572245,6,-1.6809712836893254e-06,0.1559000892048502,0.00022715206604617615,0.0,0.0,nan,0,-0.07999716909625132,-2.5291932454072496e-10,-7.381397553699132e-07,-9.84286420146749e-12,2
7.875,4.0,6.998685996470878e-05,-0.00016222993459690893,19.61987277186283,0.006243547270018285,0.000636451351404506,4,-2.1860193165738895e-06,-0.007400021547177616,-0.0001616744235648303,9.809873589610037,0.0059498240758008155,0.0012130276749136649,6,-1.6871045064870138e-06,0.1559015042669595,0.00030797579401897697,0.0,0.0,nan,0,-0.07999716295766715,-2.3422285337374236e-09,-1.578043022730411e-06,-9.837520920094575e-12,2
7.88,4.0,6.928208345685149e-05,-0.00011285422358878062,19.62005026737774,0.04682646641913586,0.004773327874393292,4,-2.1860387765873512e-06,-0.007400805799989516,-0.00013984865394174083,9.810049054811762,0.031093851965522088,0.006339183788336057,6,-1.6957779697887587e-06,0.155902913653557,0.0002367743491994033,0.0,0.0,nan,0,-0.07999715426479304,-4.6620212036955e-09,-1.735720836713759e-06,-9.841643844318824e-12,2
7.885,4.0,6.900577299519362e-05,-1.3086305164924057e-06,19.620260866993295,0.06822006149727028,0.006954042248442811,4,-2.1860626103174796e-06,-0.007401284452759469,-5.7311284533631595e-05,9.810257546425607,0.0428946508985373,0.008744857246722556,6,-1.7025145711072054e-06,0.15590358897424547,4.2691422531422e-05,0.0,0.0,nan,0,-0.0799971475044072,-4.241460493882611e-09,-8.644322637774791e-07,-9.843582737809027e-12,2
7.890000000000001,4.0,6.931259770767588e-05,0.00010606231718629008,19.620170561121135,0.05514522957922761,0.005621279326541848,4,-2.1860670084868083e-06,-0.0074013117064605635,3.968116475997533e-05,9.810167764467094,0.038376687821190754,0.007823859640849974,6,-1.703642529868321e-06,0.15590322976086998,-0.00016167193865129184,0.0,0.0,nan,0,-0.07999714637209948,1.234539603044115e-09,2.164162683648187e-07,-9.84188365249214e-12,2
7.8950000000000005,4.0,7.001430964733384e-05,0.0001605110686462016,19.62018121375227,0.026008166705220985,0.0026511647799655606,4,-2.1860627249896403e-06,-0.007400838102479336,0.0001331368016899471,9.81018008152963,0.020066860317290474,0.004091027922121812,6,-1.7002281373149075e-06,0.15590197480276402,-0.0003095762912277422,0.0,0.0,nan,0,-0.07999714979082476,2.8466891338476637e-10,1.0878619291496051e-06,-9.84552784854817e-12,2
7.9,4.0,7.082537865953351e-05,0.00015281635942777664,19.62005469743811,0.020235364015365926,0.002062722487517648,4,-2.186057094441529e-06,-0.007400063627259449,0.00016087325213792901,9.81005467219694,0.012623012920173746,0.0025734847239840815,6,-1.6928101621085934e-06,0.15590030961652598,-0.0003296179966436316,0.0,0.0,nan,0,-0.0799971572144797,2.185478501336124e-09,1.7059833964216312e-06,-9.840491876908471e-12,2
7.905,4.0,7.140432934362942e-05,7.61449003376561e-05,19.619870981086084,0.06124519319396825,0.006243180014079577,4,-2.1860405269857885e-06,-0.007399376338473781,0.00010634619567206257,9.80987217632405,0.040617151456909806,0.008280872722264122,6,-1.6845313664873296e-06,0.15589896373522932,-0.00019841944527127363,0.0,0.0,nan,0,-0.07999716550989203,4.153138184524696e-09,1.4828943982598179e-06,-9.844967407965339e-12,2
7.91,4.0,7.14592805233686e-05,-4.285897728940242e-05,19.619761382021817,0.06544437981342051,0.006671271738645015,4,-2.186017540876245e-06,-0.007399090781930684,1.5282203073808736e-05,9.809763957452166,0.04240656988946178,0.008645788027804045,6,-1.6800677704320588e-06,0.1558985435858587,1.1648460774631667e-05,0.0,0.0,nan,0,-0.0799971699965234,3.336415723308138e-09,3.482206736899387e-07,-9.842675019464093e-12,2
7.915,4.0,7.098134242974097e-05,-0.00013071502353900226,19.619823247410018,0.04630898346314718,0.004720632074935778,4,-2.1860136778933947e-06,-0.0073992967763242415,-8.834068038870773e-05,9.809824321396103,0.03358494928549496,0.006847207082443502,6,-1.6810507131384544e-06,0.15589914787687717,0.0002031274263078263,0.0,0.0,nan,0,-0.0799971690174929,-3.014485398536785e-10,-5.940825373700973e-07,-9.842367709730877e-12,2
7.92,4.0,7.021260631813041e-05,-0.0001632690408077353,19.619851225360158,0.00957912306086154,0.0009764725482199162,4,-2.1860175285458305e-06,-0.007399956295710521,-0.00015748343417507733,9.809852169674004,0.0086883081873042,0.0017713433468779633,6,-1.6865201063961943e-06,0.1559004964910855,0.0003048242331871825,0.0,0.0,nan,0,-0.0799971635442982,-1.8016577340588053e-09,-1.4759990203925909e-06,-9.842230042075823e-12,2
7.925,4.0,6.947054968133703e-05,-0.00012523178596466787,19.620020283269124,0.04000999500466951,0.004078486609801095,4,-2.1860351153320245e-06,-0.007400755909397586,-0.00014910521874533458,9.810019426158311,0.026337751220958282,0.005369561481342015,6,-1.6950569001958349e-06,0.15590195852029892,0.0002584087987399864,0.0,0.0,nan,0,-0.07999715498996686,-4.522863192359151e-09,-1.772408360200492e-06,-9.849398530101222e-12,2
7.930000000000001,4.0,6.910743831697565e-05,-2.1035387001277312e-05,19.6202493390609,0.06812412520355145,0.006944267019882034,4,-2.1860591807899843e-06,-0.007401299071161037,-7.11160355824593e-05,9.81024663473822,0.04275279051086471,0.008715946112807496,6,-1.7024617724181734e-06,0.1559027851524954,7.622325244095282e-05,0.0,0.0,nan,0,-0.07999714756107841,-4.847353980376478e-09,-1.0692929940850443e-06,-9.84342464205032e-12,2
7.9350000000000005,4.0,6.932876965515924e-05,9.243949834169281e-05,19.620184333922964,0.0583343658042294,0.005946362665244717,4,-2.1860679518433124e-06,-0.007401402440849823,2.3084247360286982e-05,9.810181140588812,0.03948639670929839,0.008050085139799651,6,-1.7044510418062764e-06,0.1559025875500938,-0.0001314518800164504,0.0,0.0,nan,0,-0.07999714556308721,8.017639175336387e-10,8.020629518073196e-08,-9.847308646279669e-12,2
7.94,4.0,6.998616116511874e-05,0.00015549890380128764,19.620184760390707,0.03199152086124643,0.0032610825282166577,4,-2.186062983539766e-06,-0.0074010031573387884,0.00012187205942559845,9.810183567423536,0.024212882173022844,0.004936275046559992,6,-1.7017245671005488e-06,0.15590145123449978,-0.0002932990617136963,0.0,0.0,nan,0,-0.07999714829457945,3.406262108470955e-10,9.444882994948305e-07,-9.850216542425768e-12,2
7.945,4.0,7.08016349979669e-05,0.00015888815673060906,19.620082874269734,0.013372881380680301,0.0013631829657781754,4,-2.186058791261297e-06,-0.00740025204330973,0.00016184438626491883,9.810082589144162,0.00836125586542404,0.0017046249691468663,6,-1.694802089648173e-06,0.15589980500624398,-0.0003366606056539485,0.0,0.0,nan,0,-0.07999715522129841,1.78254474031272e-09,1.6606900958750418e-06,-9.84499938238845e-12,2
7.95,4.0,7.143970388510178e-05,9.228731623785146e-05,19.619901900238716,0.05590915900652156,0.005699229210299091,4,-2.1860437706480718e-06,-0.007399523290913347,0.00011992167066378097,9.809902985799338,0.037200599056866235,0.007584294994704277,6,-1.6863574406125736e-06,0.15589835854474568,-0.00022813701372795532,0.0,0.0,nan,0,-0.07999716368101731,3.867930487065597e-09,1.58254079152991e-06,-9.849359450250757e-12,2
7.955,4.0,7.158853140900364e-05,-2.45663930099649e-05,19.619748108404774,0.06703749412826757,0.006833675311004611,4,-2.1860202808962614e-06,-0.007399165955880048,3.04905980057538e-05,9.80975052198115,0.042943493718721616,0.008755267246092793,6,-1.6810040615114485e-06,0.15589777274215288,-2.1852195987003133e-05,0.0,0.0,nan,0,-0.07999716905793541,4.213754611957745e-09,5.387959576072438e-07,-9.849725379759676e-12,2
7.96,4.0,7.118126784533116e-05,-0.00012030638289955392,19.619831257287284,0.05040293954574922,0.005137958516032428,4,-2.18601340760613e-06,-0.007399290035434997,-7.223056430019295e-05,9.809832743723769,0.036172453491645454,0.007374733991216766,6,-1.6812363287932452e-06,0.15589822444541507,0.0001766089920436151,0.0,0.0,nan,0,-0.07999716883259067,-2.747119340354744e-10,-4.55660442289682e-07,-9.849344351217626e-12,2
7.965,4.0,7.04397812664568e-05,-0.00016240652391389415,19.619834357128706,0.015741074098895427,0.0016046082563562559,4,-2.186016165275223e-06,-0.007399893174067245,-0.0001512413130279224,9.809835387867352,0.01282732509211339,0.002615196807069367,6,-1.6860062276510823e-06,0.15589948943094895,0.0002977199176225962,0.0,0.0,nan,0,-0.07999716405998339,-1.3028037919041483e-09,-1.3563275091630994e-06,-9.849627680133508e-12,2
7.97,4.0,6.966953648601943e-05,-0.0001359869955992033,19.619991269864652,0.0328947745468257,0.0033531895192380093,4,-2.1860315671112795e-06,-0.007400697117267041,-0.0001561392454254664,9.809990781556658,0.021407971406263653,0.004364524265713248,6,-1.6942919164666947e-06,0.15590098397943114,0.0002761983575459115,0.0,0.0,nan,0,-0.07999715575894198,-4.309293318573192e-09,-1.7845311810090274e-06,-9.8480493870817e-12,2
7.9750000000000005,4.0,6.922559284708544e-05,-4.0651867404130166e-05,19.620218757475502,0.06707370474778562,0.006837202538552722,4,-2.1860553126550053e-06,-0.007401300773820363,-8.46345840902312e-05,9.810216621506918,0.042328666403754746,0.008629506979684362,6,-1.7022278863895735e-06,0.15590195194030457,0.00010935860385698126,0.0,0.0,nan,0,-0.07999714779927575,-5.0157849890722685e-09,-1.2629333953978e-06,-9.853723070826741e-12,2
7.98,4.0,6.935686124400427e-05,7.728345744652296e-05,19.620202155731086,0.061081884144904314,0.006226427603556798,4,-2.186068514681283e-06,-0.007401478105788407,7.083348678548111e-06,9.810198621602474,0.040509641037477555,0.008258679074707745,6,-1.705130318836734e-06,0.15590191836473608,-0.00010029461792047066,0.0,0.0,nan,0,-0.07999714488369053,1.202567699295735e-10,-6.732708577923114e-08,-9.84741345133319e-12,2
7.985,4.0,6.996343918652659e-05,0.00014908586872334486,19.620182631562873,0.03747372624252584,0.0038199161492250408,4,-2.18606329667817e-06,-0.007401157544808444,0.00010884999365488564,9.810181380849079,0.02800316151885682,0.005708999748673989,6,-1.7030856625938062e-06,0.1559009115868532,-0.0002738636383313634,0.0,0.0,nan,0,-0.07999714693361404,5.57503560703855e-10,7.986018401739321e-07,-9.849610804743527e-12,2
7.99,4.0,7.077467434330605e-05,0.00016308134880008973,19.620109633542874,0.007383604276785048,0.0007526567806901459,4,-2.186060142555374e-06,-0.007400440167188457,0.0001606295944238108,9.8101091179842,0.005457287004938454,0.0011125843635997857,6,-1.696740649870243e-06,0.15589930333529523,-0.00033963868333376285,0.0,0.0,nan,0,-0.07999715328183013,1.3684068287930465e-09,1.591448270628229e-06,-9.855459459637255e-12,2
7.995,4.0,7.146355595537854e-05,0.0001069216437303554,19.619932564316553,0.049919900935787374,0.00508869240728976,4,-2.1860467798034966e-06,-0.007399680740757382,0.0001318685034461121,9.809933542959755,0.03312132375007103,0.006752609200669058,6,-1.6882545122651194e-06,0.15589777538865013,-0.0002547178514380264,0.0,0.0,nan,0,-0.07999716178137975,3.5747714628983308e-09,1.6555787944911224e-06,-9.853680438262597e-12,2
8.0,4.0,7.170377913327931e-05,-5.653217048580329e-06,19.61974237573493,0.068037759530204,0.006935642500010696,4,-2.1860236930869303e-06,-0.007399253823971604,4.51505091864516e-05,9.809744429066562,0.043235320471719296,0.008814770004325855,6,-1.6820937795980484e-06,0.15589702861026372,-5.542496055144401e-05,0.0,0.0,nan,0,-0.07999716796524842,4.909417076480428e-09,7.375759388771804e-07,-9.852103033389211e-12,2
8.005,4.0,7.137289872544768e-05,-0.00010874527987733618,19.619828479325715,0.053867871518137316,0.005491166405955107,4,-2.1860131893293444e-06,-0.0073992977468144636,-5.556525902170114e-05,9.809830345730745,0.03820014275977435,0.007788135250758769,6,-1.6815410131404418e-06,0.15589732377527094,0.00014838290633581127,0.0,0.0,nan,0,-0.07999716852856789,2.6609401847200534e-11,-3.2439398085577204e-07,-9.852718541034064e-12,2
8.01,4.0,7.066588714476717e-05,-0.00015984471740051898,19.61982177296508,0.0222248223357713,0.0022655478314686584,4,-2.186015171174588e-06,-0.007399838027734676,-0.00014324969472232816,9.809822833655879,0.017235412640758858,0.0035139090548357323,6,-1.6856080425481368e-06,0.1558984914297076,0.0002871668154113311,0.0,0.0,nan,0,-0.07999716445960589,-8.70828909373155e-10,-1.2262126337628328e-06,-9.850200555214213e-12,2
8.015,4.0,6.987645408515155e-05,-0.00014505167161124708,19.619963250025958,0.0257133645999025,0.0026211429932080513,4,-2.1860281994856567e-06,-0.00740063675456281,-0.0001611053242794629,9.809963147333955,0.016498285803554967,0.003363577529450494,6,-1.693551758059908e-06,0.15589999995171036,0.00029022943503369914,0.0,0.0,nan,0,-0.07999715650291134,-4.009883403934021e-09,-1.7761776881267204e-06,-9.856249938430792e-12,2
8.02,4.0,6.93587780586716e-05,-5.970221689981918e-05,19.62017154968628,0.0649036109913071,0.006616008512152371,4,-2.1860513897097034e-06,-0.0074012957665901356,-9.790506571657642e-05,9.81016957446999,0.04160541855973084,0.008482099772873425,6,-1.7018841041299693e-06,0.1559010970020585,0.0001416797576154129,0.0,0.0,nan,0,-0.07999714814742431,-4.871995388401638e-09,-1.4310491507057512e-06,-9.854554405827584e-12,2
8.025,4.0,6.939672822753757e-05,6.086911476694028e-05,19.620221343964438,0.06349255122655749,0.006472154428175096,4,-2.1860685322991347e-06,-0.007401544918613642,-8.435795373152394e-06,9.810217539293602,0.041405224081003264,0.008441244837876389,6,-1.705729857491567e-06,0.15590122856638677,-6.836080853924493e-05,0.0,0.0,nan,0,-0.07999714428457763,-7.674000065974489e-10,-2.2838669949171984e-07,-9.855963056801226e-12,2
8.03,4.0,6.994551995451404e-05,0.0001412948391568127,19.62017618309693,0.04244789603630417,0.004326963798915695,4,-2.186063799078375e-06,-0.007401304654605521,9.45504601680859e-05,9.810174808018099,0.0313433224044764,0.006389962058343491,6,-1.7043687883314118e-06,0.15590035987330453,-0.00025177275261312025,0.0,0.0,nan,0,-0.07999714565042929,8.946059165112737e-10,6.550951619976238e-07,-9.852239812865842e-12,2
8.035,4.0,7.074422693092236e-05,0.0001654465361448342,19.6201339802891,0.006086523880115166,0.0006204365256863022,4,-2.1860611900750837e-06,-0.00740062950912315,0.00015756794474889747,9.810133279289289,0.006244979594796362,0.0012731691643742458,6,-1.6986538117838568e-06,0.15589880638367792,-0.00033894189832273797,0.0,0.0,nan,0,-0.07999715136806412,9.83923071960738e-10,1.5028546965629085e-06,-9.855839600000886e-12,2
8.040000000000001,4.0,7.147582338849397e-05,0.0001201242764664054,19.619961585708637,0.04347467998283209,0.004431678399870003,4,-2.186049564992243e-06,-0.007399849239669963,0.0001420737857049106,9.809962402967136,0.028627848430555537,0.005836484841551832,6,-1.690229852489844e-06,0.15589721488077862,-0.00027812544373660117,0.0,0.0,nan,0,-0.07999715980369776,3.293241923661675e-09,1.7062611190745069e-06,-9.856545701844551e-12,2
8.045,4.0,7.180386100338688e-05,1.370094863888221e-05,19.619749882746344,0.06829983901448837,0.0069623557305948545,4,-2.186027609096808e-06,-0.007399354372172169,5.9636811864180175e-05,9.809751420799135,0.04326191274210271,0.00882018532098104,6,-1.6833603190893887e-06,0.15589631233885673,-8.926510620631687e-05,0.0,0.0,nan,0,-0.07999716669523635,5.240558833162461e-09,9.408066395490334e-07,-9.856407146011079e-12,2
8.05,4.0,7.155522109926436e-05,-9.595551092306702e-05,19.619817619804778,0.05710928075627401,0.005821591399364115,4,-2.1860132611260796e-06,-0.007399319054421996,-3.8344066355362405e-05,9.809819785025258,0.03932794170628934,0.008018076288480579,6,-1.6819591611566542e-06,0.1558964460243808,0.00011837226743741123,0.0,0.0,nan,0,-0.07999716811079152,5.506623237935535e-10,-1.8742347373185917e-07,-9.856122928916774e-12,2
8.055,4.0,7.088968060185007e-05,-0.00015560850340268136,19.61981433789237,0.02850685507824754,0.0029059250599727995,4,-2.1860145242406925e-06,-0.007399788568794177,-0.00013316184825966582,9.80981537882601,0.021549722157342195,0.004393502084423766,6,-1.6853140260217336e-06,0.15589750144279982,0.00027284307768791425,0.0,0.0,nan,0,-0.07999716475471283,-5.446601826789313e-10,-1.0841420848749028e-06,-9.85645155493206e-12,2
8.06,4.0,7.009038836808102e-05,-0.00015231594249670488,19.619934857968076,0.01859375167631186,0.0018953938237731241,4,-2.186025089348509e-06,-0.007400570839296346,-0.00016367971183239358,9.809935108004394,0.011769060633110966,0.002399416612553946,6,-1.6928074734814946e-06,0.15589900336926454,0.0003000684162226425,0.0,0.0,nan,0,-0.07999715725074957,-3.5956834140718783e-09,-1.7431104127057586e-06,-9.8592848440909e-12,2
8.065,4.0,6.950717527103384e-05,-7.75334244325652e-05,19.620125954603438,0.061007316222845324,0.006218850619410144,4,-2.1860475737794927e-06,-0.007401277852114401,-0.0001111192822641377,9.810123949954033,0.0401893729062304,0.008193448545860363,6,-1.701387237436347e-06,0.15590021395908774,0.00017272550446062256,0.0,0.0,nan,0,-0.07999714864855045,-4.784809012060884e-09,-1.5585349451237655e-06,-9.861325878099369e-12,2
8.07,4.0,6.945014107847367e-05,4.3311329880900176e-05,19.620239904174003,0.06552603801905606,0.006679432905926504,4,-2.186067774453959e-06,-0.007401597281509744,-2.3555775163965332e-05,9.810235971369785,0.04212174312845221,0.008587304780716875,6,-1.706175641456864e-06,0.1559005107867631,-3.5682721083469195e-05,0.0,0.0,nan,0,-0.07999714383999507,-1.829653803521489e-09,-4.0546961178373487e-07,-9.85605365100003e-12,2
8.075,4.0,6.993432067213358e-05,0.00013219406924660335,19.62016586125755,0.04683389841883032,0.0047740573397811745,4,-2.186064586510994e-06,-0.0074014383042637225,7.901396954836836e-05,9.810164107313721,0.03419354538742862,0.0069710445234930345,6,-1.705516845869337e-06,0.15589978799419024,-0.00022713516928732312,0.0,0.0,nan,0,-0.07999714450202788,1.2620257568415589e-09,5.171285889426418e-07,-9.855632654429093e-12,2
8.08,4.0,7.071251024830996e-05,0.00016594899093854185,19.62015359539783,0.011082123344107159,0.0011296673382522977,4,-2.1860619353851474e-06,-0.0074008146321893585,0.0001524714156864695,9.810152713915091,0.00981290861130297,0.0020005618459708525,6,-1.7004758345803839e-06,0.15589830649698588,-0.0003343475012420003,0.0,0.0,nan,0,-0.07999714954573961,6.665877557140681e-10,1.3945718208462827e-06,-9.859419847210694e-12,2
8.085,4.0,7.147808993014143e-05,0.0001317874481237263,19.619989989369923,0.036675181890036636,0.0037385525588858287,4,-2.1860521299162106e-06,-0.007400024331029698,0.00015016588473192066,9.809990603376434,0.023876553290684947,0.004867803498704074,6,-1.6922290330401157e-06,0.15589667098076995,-0.00029788039159733874,0.0,0.0,nan,0,-0.07999715780239591,3.000279606145376e-09,1.7331605043350766e-06,-9.856643401470711e-12,2
8.09,4.0,7.188892818971947e-05,3.3123261123540584e-05,19.619773668691913,0.06770329385208461,0.006901536683893716,4,-2.1860317435673515e-06,-0.007399465663947127,7.368625846459391e-05,9.80977472738323,0.04301945443960742,0.008770732383797138,6,-1.6847743987760677e-06,0.15589562184023273,-0.00012273654245655103,0.0,0.0,nan,0,-0.07999716527746582,5.153443606130374e-09,1.1361316836905803e-06,-9.865707262243752e-12,2
8.095,4.0,7.172750174129276e-05,-8.156747269956622e-05,19.619801644058924,0.0600460857204579,0.006120967664180282,4,-2.18601375263916e-06,-0.007399353936612405,-2.186192217137446e-05,9.809804037388218,0.0403882032676041,0.008234252817624507,6,-1.6824808944868042e-06,0.15589559190433072,8.750240787965518e-05,0.0,0.0,nan,0,-0.07999716758901035,1.2599161261492003e-09,-4.300148248044e-08,-9.85969695887764e-12,2
8.1,4.0,7.111031677075847e-05,-0.00014980626727535888,19.61981170564279,0.034423414409698455,0.003509046358462049,4,-2.186014100537953e-06,-0.0073997484666164385,-0.00012156403402933559,9.809812709868803,0.025614312959734403,0.00522218185347536,6,-1.685135340802335e-06,0.15589652398446904,0.00025544335019630273,0.0,0.0,nan,0,-0.07999716493426545,-3.37432521869992e-10,-9.387988932728161e-07,-9.861826810728079e-12,2
8.105,4.0,7.031013734435052e-05,-0.00015779133777930445,19.61990703941597,0.011854404079399588,0.001208405733583176,4,-2.186022308905966e-06,-0.0074005052970822546,-0.00016422909383426163,9.809907581520969,0.007764556711867977,0.0015830030298132794,6,-1.6921061080296673e-06,0.1558980013597044,0.0003060935163884285,0.0,0.0,nan,0,-0.07999715795533915,-3.1016337764270004e-09,-1.689975355643922e-06,-9.863649352845301e-12,2
8.11,4.0,6.966963383871532e-05,-9.363382059853758e-05,19.620092895178185,0.055398888325512395,0.005647158616575885,4,-2.186043808971583e-06,-0.007401252104320716,-0.00012426603917098988,9.810091216694378,0.036927270122022876,0.007528425435878045,6,-1.7008190245151877e-06,0.15589930903597107,0.00020197298042894476,0.0,0.0,nan,0,-0.07999714922097191,-4.779471526052156e-09,-1.6546068869141645e-06,-9.863268324303251e-12,2
8.115,4.0,6.951771510175427e-05,2.4840611943426544e-05,19.620255019832513,0.06709214856897427,0.006839069981624225,4,-2.18606622644571e-06,-0.007401639858926619,-3.815928836516342e-05,9.810251155073107,0.04261927594133761,0.008688722697848199,6,-1.7065054352116693e-06,0.1558997690750159,-2.60816703315096e-06,0.0,0.0,nan,0,-0.07999714351219306,-2.946455607445749e-09,-5.951968250144743e-07,-9.86564331339753e-12,2
8.120000000000001,4.0,6.993095431282565e-05,0.00012193310122569029,19.62016044431876,0.05058793460543645,0.005156729961409134,4,-2.1860656399877443e-06,-0.0074015611990251124,6.264168612568224e-05,9.810158146177258,0.036487501169259126,0.007438718239925067,6,-1.7065752534670131e-06,0.15589919754178477,-0.00020050159491768403,0.0,0.0,nan,0,-0.07999714344301057,1.438241079175477e-09,3.881191656615515e-07,-9.860780536549674e-12,2
8.125,4.0,7.068140012898802e-05,0.00016473855430178475,19.620168980764944,0.01743371070142628,0.001777121361035962,4,-2.186062437962294e-06,-0.007400996593197828,0.0001455163361598975,9.81016795830891,0.014148875339027313,0.0028845327417750585,6,-1.7022244106421058e-06,0.15589780285620214,-0.00032618166213752714,0.0,0.0,nan,0,-0.07999714779710473,4.263664559730745e-10,1.272248673888024e-06,-9.868236794383055e-12,2
8.13,4.0,7.147225749832499e-05,0.00014184139885210296,19.62001758137419,0.029715316830446464,0.0030290815701058305,4,-2.1860544543693405e-06,-0.007400206369242956,0.00015613147471959724,9.81001794170558,0.01905074739562135,0.003883937319753601,6,-1.6942563319105597e-06,0.15589614214111827,-0.0003138996093558446,0.0,0.0,nan,0,-0.07999715577321638,2.690240764434386e-09,1.738346298074392e-06,-9.86295746185636e-12,2
8.135,4.0,7.195927376027032e-05,5.202795998167086e-05,19.619815488040373,0.06597915760644804,0.006725767390286303,4,-2.1860357193696778e-06,-0.007399588660489735,8.764228649274562e-05,9.809816474949356,0.042422996613881166,0.0086490907800801,6,-1.686351004309694e-06,0.1558949577825229,-0.0001555969463654957,0.0,0.0,nan,0,-0.07999716369732829,4.7015217302090175e-09,1.3095744744468426e-06,-9.863483263480819e-12,2
8.14,4.0,7.188831394932098e-05,-6.588621702819583e-05,19.619783908859297,0.06254309974721774,0.006375513618065534,4,-2.1860148454108663e-06,-0.007399401942205585,-5.794137724628284e-06,9.809786468600656,0.04133715411930791,0.008427737800740236,6,-1.6831253856139372e-06,0.155894762390649,5.575369075692727e-05,0.0,0.0,nan,0,-0.07999716694387027,2.105068419187811e-09,1.1539920079888534e-07,-9.867676353800223e-12,2
8.145,4.0,7.13258216430006e-05,-0.000142600766448749,19.619813499725556,0.03983042226093941,0.0040602243503993106,4,-2.1860138315274447e-06,-0.007399717343064258,-0.00010828527945384313,9.809814464095354,0.029317436077292213,0.005977164233757162,6,-1.6850733947013086e-06,0.15589556065059273,0.00023495941780238703,0.0,0.0,nan,0,-0.07999716499692441,-2.577109023419179e-10,-7.906080947124944e-07,-9.86836735661075e-12,2
8.15,4.0,7.05334527996062e-05,-0.0001613676957568258,19.619880851690535,0.00676768191213233,0.0006898800215241059,4,-2.1860199362830346e-06,-0.007400438643083792,-0.0001626412807544541,9.80988161416131,0.005733167105972952,0.001168855513545992,6,-1.6914434515583054e-06,0.1558969946864139,0.0003080823843094071,0.0,0.0,nan,0,-0.07999715862081212,-2.553245316451486e-09,-1.613532238858914e-06,-9.864174266291344e-12,2
8.155,4.0,6.984413567600601e-05,-0.00010807410919385397,19.62006076214063,0.049144832239036755,0.0050096513802717554,4,-2.186040055165289e-06,-0.0074012147239005035,-0.00013605621158699528,9.810059407739839,0.03269430345573265,0.006665464926733845,6,-1.7001654127254962e-06,0.15589838045149196,0.00022820376447777152,0.0,0.0,nan,0,-0.0799971498787814,-4.714293379616569e-09,-1.7233344307834934e-06,-9.870373751660854e-12,2
8.16,4.0,6.959983801397749e-05,5.632115636085909e-06,19.620261789326474,0.06801938997962777,0.006933586382280656,4,-2.1860637463150256e-06,-0.007401670070515196,-5.243712582659203e-05,9.810258266315405,0.042845995525377004,0.008734937320150566,6,-1.7066684690411615e-06,0.15589900046308594,3.0878489786140165e-05,0.0,0.0,nan,0,-0.07999714335208326,-3.963565108068584e-09,-7.973424739241088e-07,-9.869809758364344e-12,2
8.165000000000001,4.0,6.993554448032645e-05,0.00011043688045680914,19.620167540360757,0.05393825751391648,0.005498246373580632,4,-2.1860667794477984e-06,-0.007401670550318,4.554533209564264e-05,9.8101648615173,0.03796159925525847,0.0077392377785967395,6,-1.7075244376080212e-06,0.15589858560391912,-0.00017190869705370436,0.0,0.0,nan,0,-0.07999714249313089,1.3203916334178225e-09,2.603161158802245e-07,-9.863830541242925e-12,2
8.17,4.0,7.065088752867773e-05,0.00016183824985139368,19.62017962809096,0.023821433729215323,0.002428258474770462,4,-2.1860627810420252e-06,-0.007401172460459456,0.00013660649400853335,9.81017850727746,0.018550361597070037,0.0037818601533721064,6,-1.703871632667553e-06,0.15589729253868842,-0.0003143711924652456,0.0,0.0,nan,0,-0.07999714614998359,2.9604756251880303e-10,1.1376851449888458e-06,-9.866647843190214e-12,2
8.175,4.0,7.145804928463736e-05,0.00015023737935836534,19.62004544834062,0.02266404667084171,0.0023102950225590366,4,-2.186056546067683e-06,-0.0074003924648249645,0.00015995796547054584,9.81004551910995,0.0142466738940415,0.0029045071944445123,6,-1.6962837565762112e-06,0.15589562574915367,-0.0003261217575275381,0.0,0.0,nan,0,-0.079997153744144,2.3348404028497306e-09,1.7217411488276636e-06,-9.869606365506237e-12,2
8.18,4.0,7.201446320260368e-05,7.015538083716697e-05,19.61986059370157,0.06279868935234231,0.006401542870544365,4,-2.1860393597458727e-06,-0.007399722206225051,0.00010142268072680226,9.809861857038443,0.04126304037116648,0.008412562984576752,6,-1.6880562833873625e-06,0.15589431944467108,-0.00018750443835548403,0.0,0.0,nan,0,-0.07999716198885284,4.262643151396711e-09,1.4499644757883156e-06,-9.87139604502193e-12,2
8.185,4.0,7.203681803322796e-05,-4.896168114642911e-05,19.61976611080421,0.06474055412478673,0.006599523537554854,4,-2.1860166068074505e-06,-0.007399462301564203,9.865100976371187e-06,9.809768734486871,0.04214333532721934,0.00859211597497946,6,-1.6838904398144838e-06,0.15589395755339439,2.3170239288313397e-05,0.0,0.0,nan,0,-0.07999716617749869,3.0314688360108267e-09,2.8759912280589594e-07,-9.869458039710142e-12,2
8.19,4.0,7.15361576207039e-05,-0.00013395134460809384,19.6198196469279,0.044713965396084285,0.00455804041023238,4,-2.1860136002610497e-06,-0.0073996968440154486,-9.3698855573609e-05,9.80982067006575,0.03254870001919016,0.006635941902283929,6,-1.685123959614676e-06,0.15589461312465247,0.00021172389521055993,0.0,0.0,nan,0,-0.0799971649470348,-2.8676453473072566e-10,-6.4467717236811e-07,-9.872717654510442e-12,2
8.195,4.0,7.076026062750811e-05,-0.0001630301113970462,19.619857621643607,0.00782098755504845,0.0007972522233210033,4,-2.186017987886729e-06,-0.007400373717196563,-0.00015910026049355025,9.809858526195292,0.007473578721549582,0.0015236873603412047,6,-1.690842112281321e-06,0.1558959862634007,0.00030620410283151573,0.0,0.0,nan,0,-0.07999715922454384,-1.99944911910696e-09,-1.5174515279062299e-06,-9.868994410575058e-12,2
8.2,4.0,7.003070676243015e-05,-0.00012098058857614149,19.620030409774206,0.042441754465269356,0.0043263698963612145,4,-2.186036354722559e-06,-0.007401168680644997,-0.00014600091339373803,9.81002941072406,0.028026887025705435,0.0057139251784642355,6,-1.699462830392906e-06,0.15589743114946766,0.00025105526882575384,0.0,0.0,nan,0,-0.07999715058550824,-4.597853357547781e-09,-1.7677016478233137e-06,-9.871464434760247e-12,2
8.205,4.0,6.969788290715884e-05,-1.3998926035299837e-05,19.620256170189137,0.06823014848486914,0.006955072134943629,4,-2.1860605219116425e-06,-0.007401689156136684,-6.627439327068735e-05,9.810253214328895,0.042804690066109895,0.00872652094312697,6,-1.7066766564780012e-06,0.15589820481774766,6.434712207374029e-05,0.0,0.0,nan,0,-0.07999714334756432,-4.713627863085795e-09,-1.0030068642812942e-06,-9.867713657293853e-12,2
8.21,4.0,6.995026412751433e-05,9.747882377765429e-05,19.6201790985763,0.05720139285494967,0.0058308736701695426,4,-2.1860678076253415e-06,-0.0074017662269045435,2.8765814564217144e-05,9.810176001916144,0.03907802463384477,0.007966834565702383,6,-1.7083717212609817e-06,0.1558979498764078,-0.00014217079965807218,0.0,0.0,nan,0,-0.07999714164526317,9.84323457463271e-10,1.2743623315552314e-07,-9.86920135614685e-12,2
8.215,4.0,7.062415942150531e-05,0.0001574279755766257,19.620184671653472,0.02990070615057968,0.0030479535897314086,4,-2.1860630234175893e-06,-0.007401340886472081,0.00012588115773536584,9.810183489743034,0.022767661878189425,0.0046416383346945525,6,-1.7054079786832377e-06,0.1558967710099735,-0.0002992352587155166,0.0,0.0,nan,0,-0.07999714461383933,3.0809516010502087e-10,9.95446268897185e-07,-9.87416982622665e-12,2
8.22,4.0,7.143891016558163e-05,0.0001569080338683582,19.62007377278086,0.015750749928223458,0.0016055749953473308,4,-2.186058336885177e-06,-0.007400581257916073,0.00016156346211815677,9.810073579082164,0.009781824368401396,0.001994240774964012,6,-1.6982926606193272e-06,0.1558951170001452,-0.00033439758547098203,0.0,0.0,nan,0,-0.07999715173389327,1.935781540450515e-09,1.6826171808574293e-06,-9.870521189278524e-12,2
8.225,4.0,7.205680205549003e-05,8.673442642611866e-05,19.619891174581284,0.057840693023988816,0.005896127813280108,4,-2.186042676297767e-06,-0.007399866829249579,0.00011510904563381897,9.809892317252434,0.038515806155245726,0.007852442189912495,6,-1.6898684847763135e-06,0.15589370504924013,-0.0002177695256215487,0.0,0.0,nan,0,-0.07999716017377906,3.994100439773357e-09,1.5561125532432193e-06,-9.870531847419562e-12,2
8.23,4.0,7.217250249279114e-05,-3.1139256619666985e-05,19.61975098297566,0.06650755961847675,0.006779653796440772,4,-2.186019103993936e-06,-0.007399535253407391,2.509563000381696e-05,9.809753512501219,0.04275674364709881,0.008717190211275148,6,-1.684796236807451e-06,0.15589317814279163,-9.882391022719618e-06,0.0,0.0,nan,0,-0.0799971652696487,3.950171963805453e-09,4.732319878161727e-07,-9.874968298625967e-12,2
8.235,4.0,7.17396100265518e-05,-0.000124083125827708,19.61982846675665,0.04901502068541206,0.004996478003715669,4,-2.186013344125659e-06,-0.0073996884478719094,-7.807158591929467e-05,9.80982980220166,0.03531396039303095,0.0071997090887561165,6,-1.6852936871800117e-06,0.155893684599733,0.00018622873003321482,0.0,0.0,nan,0,-0.07999716477800756,-3.154999239099747e-10,-5.041344688823747e-07,-9.875145046131486e-12,2
8.24,4.0,7.098788386179062e-05,-0.00016286031134545197,19.619839261068215,0.013457251060897773,0.0013718003375900322,4,-2.186016467956714e-06,-0.007400312540803735,-0.00015366779364100046,9.80984027931723,0.01128475894725412,0.002300701871985941,6,-1.6903243034230298e-06,0.1558949807890198,0.00030060215919949145,0.0,0.0,nan,0,-0.07999715974431687,-1.4838839152445398e-09,-1.4040153386341646e-06,-9.877607076710895e-12,2
8.245000000000001,4.0,7.022688136951527e-05,-0.00013230753138778763,19.620001092335627,0.03544773281048548,0.0036134282198723028,4,-2.1860327546890934e-06,-0.007401116001866878,-0.0001538497414446752,9.810000458281774,0.023174301433723798,0.004724628002266737,6,-1.6987356804901155e-06,0.15589646562294507,0.00027023136297379355,0.0,0.0,nan,0,-0.07999715131670243,-4.412789040787764e-09,-1.7887082568409174e-06,-9.870489214855416e-12,2
8.25,4.0,6.981110802918367e-05,-3.3681667656418946e-05,19.62023261593417,0.06755246161208446,0.006886000072927077,4,-2.1860567647087603e-06,-0.007401698460699507,-7.982829496326624e-05,9.81023028803576,0.04249009735035626,0.008662405693406773,6,-1.7065312821681888e-06,0.15589738422566754,9.758408868931112e-05,0.0,0.0,nan,0,-0.0799971434971401,-5.036727614483901e-09,-1.2024213092425926e-06,-9.873264772416977e-12,2
8.255,4.0,6.997504731272591e-05,8.286276688450374e-05,19.62019609878968,0.06012394659339073,0.006128781413871763,4,-2.186068526012497e-06,-0.007401849964317179,1.2616610862959516e-05,9.81019264976567,0.040133187598073515,0.008181936691942978,6,-1.7091233743063428e-06,0.1558972921607308,-0.0001114052157502995,0.0,0.0,nan,0,-0.07999714089333604,3.8322614065302864e-10,-1.5677579529534632e-08,-9.875781870058408e-12,2
8.26,4.0,7.060036675892637e-05,0.00015147908591226717,19.620184588506312,0.03558526814530443,0.003627414205486182,4,-2.186063309702474e-06,-0.007401501471256066,0.00011359123319726422,9.81018334337409,0.026700053037217786,0.005443334156491847,6,-1.7068439844419858e-06,0.1558962387191323,-0.0002809961211815489,0.0,0.0,nan,0,-0.07999714317799159,4.6185482110852354e-10,8.498842131114329e-07,-9.878136431049033e-12,2
8.265,4.0,7.14138906089005e-05,0.00016177672884707623,19.620101187812285,0.009285835379526106,0.0009465634545548959,4,-2.1860598317206825e-06,-0.007400771366448864,0.00016122263031256517,9.810100746807946,0.0061911353913353655,0.0012621960877108964,6,-1.7002768691598558e-06,0.15589461546156358,-0.00033892512530019065,0.0,0.0,nan,0,-0.07999714974863426,1.5230162553877797e-09,1.6223230206213116e-06,-9.879204909687932e-12,2
8.27,4.0,7.208563639168681e-05,0.00010190382563862477,19.61992242350048,0.05209936030486005,0.005310863027924732,4,-2.186045786865126e-06,-0.007400021984738155,0.00012776431478540986,9.809923471949885,0.0346134732739014,0.007056828398890945,6,-1.6917637642582806e-06,0.15589311470533823,-0.00024559387062796507,0.0,0.0,nan,0,-0.07999715827583341,3.6980660436655404e-09,1.6394458409988913e-06,-9.878219031642063e-12,2
8.275,4.0,7.229388682043692e-05,-1.2392814504330895e-05,19.61974232759397,0.06772676843257705,0.006903940663616513,4,-2.1860223154979153e-06,-0.007399619616618666,4.0018610410891994e-05,9.80974456098886,0.04313620821585728,0.008794562987378947,6,-1.6858468847788521e-06,0.15589242445823778,-4.3551490172466985e-05,0.0,0.0,nan,0,-0.07999716421623365,4.723438466190636e-09,6.713214053563545e-07,-9.87168203847307e-12,2
8.28,4.0,7.193549596664119e-05,-0.00011292178384179135,19.619830738611572,0.05268155010280442,0.005370234922478491,4,-2.1860130865400396e-06,-0.007399691506269464,-6.14510876803367e-05,9.80983253286065,0.03752732463765591,0.0076509613210925115,6,-1.6855650319461124e-06,0.15589277511036986,0.0001584472131960706,0.0,0.0,nan,0,-0.07999716450736483,-1.1879522338195877e-10,-3.695871832219499e-07,-9.872960127219021e-12,2
8.285,4.0,7.121580762434277e-05,-0.0001608629433629745,19.619825152087703,0.019920278414214728,0.002030627516789573,4,-2.186015353081161e-06,-0.007400254319610592,-0.00014617204748177857,9.809826219699085,0.01566258129552966,0.0031932433755202873,6,-1.6898841064469372e-06,0.1558939779838605,0.00029110936845960073,0.0,0.0,nan,0,-0.07999716018607317,-1.0231201432190105e-09,-1.2752761576820338e-06,-9.879648110719364e-12,2
8.290000000000001,4.0,7.043256962106113e-05,-0.00014194946912994625,19.61997271446591,0.02825740300788547,0.0028804732217645886,4,-2.1860293054239144e-06,-0.007401055377142964,-0.0001594536654902079,9.809972464387522,0.01822755494592849,0.0037161276470650136,6,-1.6979752699777806e-06,0.1558954826513831,0.0002854775481774453,0.0,0.0,nan,0,-0.07999715208100666,-4.14339093429836e-09,-1.7856811989245903e-06,-9.874739148593681e-12,2
8.295,4.0,6.99406004607403e-05,-5.2946113022931255e-05,19.620189612433617,0.06577956005786377,0.006705293002487422,4,-2.186052792545884e-06,-0.00740169491616378,-9.31708422977039e-05,9.810187617449229,0.04186806813765854,0.008535630463007345,6,-1.70620804179622e-06,0.15589653453173086,0.0001301914048227439,0.0,0.0,nan,0,-0.07999714382479713,-4.9602519406902504e-09,-1.380798184180084e-06,-9.879917228780534e-12,2
8.3,4.0,7.001235913652559e-05,6.689058317605221e-05,19.620215124336575,0.06263038973008375,0.006384271460142973,4,-2.1860687316986593e-06,-0.007401918924428459,-3.05284714910462e-06,9.810211373594408,0.04107436780946296,0.00837379873791925,6,-1.7097388820483395e-06,0.15589660715366613,-7.976325058000597e-05,0.0,0.0,nan,0,-0.07999714027806712,-4.464160232045858e-10,-1.7247447754604373e-07,-9.881038998124616e-12,2
8.305,4.0,7.058255681396928e-05,0.00014419993906001662,19.62017937466309,0.040719868491948266,0.00415081510870718,4,-2.186063734185839e-06,-0.007401650554121807,9.965029605134366e-05,9.810178044222425,0.03020669181237814,0.006158235187213136,6,-1.708142745131258e-06,0.1558956889582081,-0.0002597757137205301,0.0,0.0,nan,0,-0.07999714187925094,7.682214909196203e-10,7.046546191339857e-07,-9.878542328586838e-12,2
8.31,4.0,7.138647082289948e-05,0.00016476941513159847,19.620126464869802,0.005558528659717785,0.000566614967510065,4,-2.1860609764647043e-06,-0.007400960122994442,0.00015872585415958944,9.8101258212229,0.005475761903385265,0.0011163489649723317,6,-1.7021954014997953e-06,0.1558941149857776,-0.0003394207119559985,0.0,0.0,nan,0,-0.0799971478294017,1.1207258952524966e-09,1.5387401516939108e-06,-9.883314511235886e-12,2
8.315,4.0,7.210363579247246e-05,0.00011556973921174245,19.619951877647882,0.04577770831273144,0.004666444504880147,4,-2.1860486622768405e-06,-0.007400186799846288,0.00013854045471111746,9.80995277133544,0.03024388416459705,0.006165959178309054,6,-1.6937163628064078e-06,0.1558925448705454,-0.00027003560063725983,0.0,0.0,nan,0,-0.07999715632080398,3.4116726679841693e-09,1.6963714216508474e-06,-9.884540197455072e-12,2
8.32,4.0,7.240098669375133e-05,6.80794280227649e-06,19.61974419326385,0.06827941899588602,0.006960276171116314,4,-2.1860261057472796e-06,-0.007399716431403992,5.440304076073039e-05,9.809745947571693,0.04326148321067995,0.008820102669710606,6,-1.6870553330022853e-06,0.15589169752426715,-7.713635432454856e-05,0.0,0.0,nan,0,-0.07999716300443971,5.216033921283361e-09,8.737508754219004e-07,-9.88336602558423e-12,2
8.325,4.0,7.212258428405628e-05,-0.00010064677646286206,19.61982143543345,0.05594826517184252,0.005703238977578033,4,-2.1860130195970606e-06,-0.007399709386797561,-4.445561085315989e-05,9.809823527453194,0.03892179045392107,0.007935268222715086,6,-1.6859524173337692e-06,0.15589188925531547,0.00012917705250751194,0.0,0.0,nan,0,-0.07999716412049093,3.411522380688779e-10,-2.368550028515958e-07,-9.883639584537497e-12,2
8.33,4.0,7.144188012509537e-05,-0.0001572292724144475,19.619815618512124,0.026301299692016777,0.0026810955009383872,4,-2.1860145746795123e-06,-0.007400205109527949,-0.0001370004740099936,9.809816684838388,0.02002583152124249,0.004082814626331094,6,-1.6895663807817152e-06,0.15589298605562965,0.0002783044475722621,0.0,0.0,nan,0,-0.07999716050502181,-6.505295572792649e-10,-1.1383249700356943e-06,-9.880256512936861e-12,2
8.335,4.0,7.064537555666511e-05,-0.00014987521880190208,19.61994469458711,0.02111552812036823,0.002152455417083182,4,-2.186026080500114e-06,-0.007400994451452987,-0.00016300225185479533,9.8099448228727,0.013425294127399175,0.0027370784178310545,6,-1.6972521656097306e-06,0.15589449227572771,0.0002969522077608934,0.0,0.0,nan,0,-0.07999715280778058,-3.774188931994525e-09,-1.7628113967898617e-06,-9.879521101205348e-12,2
8.34,4.0,7.008484332828678e-05,-7.130783398497788e-05,19.620138649810993,0.06269689320783864,0.006391075448230089,4,-2.1860489283972995e-06,-0.00740168506398759,-0.00010633235910408096,9.810136532297967,0.04084264278325702,0.008326620664002088,6,-1.7057901519415553e-06,0.15589566379427514,0.00016171496615137977,0.0,0.0,nan,0,-0.07999714424699575,-4.795776232970092e-09,-1.5249074474564328e-06,-9.882675022773701e-12,2
8.345,4.0,7.006210992449451e-05,4.977108693443982e-05,19.62023430047266,0.06481840362464511,0.006607301689876721,4,-2.1860682867490266e-06,-0.007401979568450743,-1.8265238075228696e-05,9.810230357975076,0.04186160355851304,0.008534275349504366,6,-1.7102701192553416e-06,0.15589590140610626,-4.743103983768281e-05,0.0,0.0,nan,0,-0.07999713974771952,-1.4530668445714449e-09,-3.435169572705922e-07,-9.884889251574014e-12,2
8.35,4.0,7.057032122610847e-05,0.0001355897919542585,19.62016993530228,0.045314524521488646,0.004619177578065203,4,-2.186064409534505e-06,-0.007401791995901585,8.459410726896851e-05,9.810168336597455,0.03322603949071948,0.006773795994257842,6,-1.7093667949510949e-06,0.15589512599639946,-0.0002361090542429847,0.0,0.0,nan,0,-0.07999714065497043,1.1474230846006113e-09,5.64185944240395e-07,-9.88084715158596e-12,2
8.355,4.0,7.135661451257873e-05,0.00016594759230287567,19.620147833493427,0.008963777593941619,0.0009137319117075777,4,-2.1860618302366186e-06,-0.0074011494506499645,0.00015440477418963492,9.810147005181403,0.008369762025019333,0.0017063479315037166,6,-1.7040803892767742e-06,0.15589361753218517,-0.0003362774855507949,0.0,0.0,nan,0,-0.07999714594400484,7.761992302776339e-10,1.437030402544773e-06,-9.888158636336934e-12,2
8.36,4.0,7.211091339595128e-05,0.00012777684301062956,19.61998046253706,0.03912648055985474,0.003988432163280074,4,-2.1860513157515027e-06,-0.007400362105135144,0.00014740515581559171,9.809981165695332,0.025585589713386703,0.005216236255958845,6,-1.6957381157381435e-06,0.15589199626229058,-0.00029110708191935696,0.0,0.0,nan,0,-0.07999715429684226,3.1240761835790424e-09,1.7316009174558804e-06,-9.888737728666577e-12,2
8.365,4.0,7.249274537832442e-05,2.6193445638709753e-05,19.619762656921786,0.06799334541058102,0.006931107842590868,4,-2.1860302176698876e-06,-0.007399826110981345,6.866571270589848e-05,9.809763890236583,0.04311316101874771,0.008789846830392559,6,-1.6884470810454855e-06,0.15589099881083784,-0.00011078420547177484,0.0,0.0,nan,0,-0.07999716160902448,5.262070716992277e-09,1.0738441445915981e-06,-9.883511686845058e-12,2
8.370000000000001,4.0,7.229971629107857e-05,-8.685574800462948e-05,19.619806957022963,0.059052542323357035,0.006019686376396177,4,-2.1860133623298472e-06,-0.007399741385626991,-2.76395262469991e-05,9.809809307770353,0.040007366334836536,0.008156604288555679,6,-1.686459385918937e-06,0.15589102748943404,9.857026309103903e-05,0.0,0.0,nan,0,-0.07999716361362436,9.973309538765768e-10,-9.410959978401797e-08,-9.88216876107447e-12,2
8.375,4.0,7.166471316922982e-05,-0.00015199154410477093,19.619811489960107,0.032342870145443674,0.003296960336443012,4,-2.186014090223287e-06,-0.007400162864284089,-0.00012580876514285526,9.80981252176163,0.024184430165356763,0.004930661031840752,6,-1.6893620959149147e-06,0.15589200434625608,0.0002618753340569124,0.0,0.0,nan,0,-0.07999716071023591,-4.0314918420411854e-10,-9.919742746216742e-07,-9.889887919720087e-12,2
8.38,4.0,7.08641875077203e-05,-0.00015597078980510647,19.619916370929154,0.014186552351679552,0.0014461379022695303,4,-2.1860231734609215e-06,-0.007400929366526942,-0.0001641527973849095,9.809916811940894,0.00907568590874486,0.0018503084343585241,6,-1.6965401281321402e-06,0.15589349174938338,0.00030419864797085567,0.0,0.0,nan,0,-0.07999715352316986,-3.300108824379231e-09,-1.7149248192501272e-06,-9.885327123534926e-12,2
8.385,4.0,7.024359196952492e-05,-8.803805085721252e-05,19.620104351865532,0.0574669431825864,0.005857965090498847,4,-2.1860451479630005e-06,-0.007401662463257822,-0.00011949015523343637,9.810102537883148,0.03832719238010701,0.007813820952859757,6,-1.7052416648247193e-06,0.15589476581705528,0.00019160330284473544,0.0,0.0,nan,0,-0.0799971447997081,-4.8075306703934995e-09,-1.628679382466755e-06,-9.88904681475663e-12,2
8.39,4.0,7.012591248647775e-05,3.161408800044116e-05,19.620250871003996,0.06654886934650817,0.006783691990896829,4,-2.1860669751939954e-06,-0.007402025996435199,-3.305293898027642e-05,9.81024692894699,0.042435058650612895,0.008651170344224511,6,-1.710639825146243e-06,0.1558951674052984,-1.4486016293774181e-05,0.0,0.0,nan,0,-0.07999713937976999,-2.5706018779728445e-09,-5.301423424509205e-07,-9.883683105280063e-12,2
8.395,4.0,7.056541869894665e-05,0.00012572614041250787,19.62016095881605,0.04928756605511054,0.0050241755058552506,4,-2.186065383994601e-06,-0.007401919270250212,6.847248860725384e-05,9.81015880695173,0.03572282066794617,0.007282822097157503,6,-1.7104580700838534e-06,0.15589454154866353,-0.00021012346032015652,0.0,0.0,nan,0,-0.07999713956316568,1.4136786097837196e-09,4.315650529555431e-07,-9.888926022491558e-12,2
8.4,4.0,7.132641495536071e-05,0.00016531204018225122,19.620164713610606,0.015121848063256497,0.0015414598484758282,4,-2.186062416802137e-06,-0.00740133330769445,0.00014808695477092288,9.810163725714606,0.012566610642189701,0.0025619573726888656,6,-1.705862262217639e-06,0.15589311496579378,-0.00032932379027510693,0.0,0.0,nan,0,-0.07999714416199019,5.039817417270776e-10,1.318364065192748e-06,-9.886874330342049e-12,2
8.405,4.0,7.210899681613026e-05,0.0001383953651539855,19.620008478390265,0.032197662070571814,0.003282125194393748,4,-2.1860537418663673e-06,-0.007400542565400136,0.00015411572286672752,9.81000894448034,0.020766667844109916,0.004233771439279758,6,-1.6977682597910104e-06,0.15589146201776102,-0.00030843584736326703,0.0,0.0,nan,0,-0.07999715226471699,2.8181590874795327e-09,1.743594351451153e-06,-9.887839780284261e-12,2
8.41,4.0,7.256953780618499e-05,4.537901017704219e-05,19.61979850939697,0.06672843401983104,0.0068021528343291835,4,-2.1860343275212357e-06,-0.007399945913209375,8.253926767647982e-05,9.809799466152771,0.04267460153718004,0.008700402426048014,6,-1.6899787591492799e-06,0.15589032520088245,-0.00014384300121538516,0.0,0.0,nan,0,-0.07999716007368142,4.9146798187224235e-09,1.2575260319824173e-06,-9.88887806085689e-12,2
8.415000000000001,4.0,7.246608211421137e-05,-7.158538291978173e-05,19.61978951128255,0.061654230492237144,0.006284902338710849,4,-2.1860142199042754e-06,-0.007399786183722039,-1.1528997694270653e-05,9.8097920576106,0.04099176920850944,0.008357316641937857,6,-1.6870700924251358e-06,0.1558901893035692,6.718969323190711e-05,0.0,0.0,nan,0,-0.0799971630025052,1.8030659223996707e-09,5.874811909494509e-08,-9.890995478209455e-12,2
8.42,4.0,7.188365604183201e-05,-0.00014524685154666865,19.619811897262274,0.03795215898443124,0.003868758699947275,4,-2.1860137691641357e-06,-0.007400130354300558,-0.00011322783311674555,9.809812895777023,0.02802930872892608,0.005714545022768431,6,-1.6892712404320553e-06,0.15589103627688217,0.00024255003326513526,0.0,0.0,nan,0,-0.0799971608018574,-2.7790552520476985e-10,-8.447366488118584e-07,-9.887330854049771e-12,2
8.425,4.0,7.108792874416007e-05,-0.00016022597003037016,19.619889525710345,0.00819616170108093,0.0008354951938277221,4,-2.1860206334614607e-06,-0.00740086537474493,-0.00016340233660498612,9.80989022060288,0.006080611204378519,0.0012396899593448921,6,-1.6958777734818464e-06,0.15589248740146616,0.0003077036912235709,0.0,0.0,nan,0,-0.0799971541885095,-2.7678048590288114e-09,-1.6473840055784646e-06,-9.892835783895073e-12,2
8.43,4.0,7.041549297904043e-05,-0.0001030015444649007,19.62007156121105,0.051455480490918,0.005245187850654497,4,-2.186041377669895e-06,-0.007401631875545807,-0.00013197123880268736,9.810070058898656,0.03426445301677166,0.006985567444687223,6,-1.7046351110036606e-06,0.15589384671505407,0.00021904820384210304,0.0,0.0,nan,0,-0.07999714541047721,-4.7584070878584405e-09,-1.7075482861715426e-06,-9.887942808980945e-12,2
8.435,4.0,7.020427190362957e-05,1.2673235367839238e-05,19.62026159054986,0.06774083281177545,0.006905191605029667,4,-2.1860648430106766e-06,-0.007402062828700626,-4.734928692128719e-05,9.81025788074619,0.04276807581219928,0.008719052308734262,6,-1.7108849947183868e-06,0.15589440926648615,1.8751508114644144e-05,0.0,0.0,nan,0,-0.07999713913717763,-3.6537942022532898e-09,-7.27969370855794e-07,-9.892647490070093e-12,2
8.44,4.0,7.056886671827028e-05,0.00011474530966039402,19.620164706979853,0.05270293032585821,0.005372322925210633,4,-2.1860665273924773e-06,-0.007402035382749959,5.165485898656293e-05,9.810162146276905,0.037542046851059926,0.007653705676069312,6,-1.7114632198111934e-06,0.1558939376031026,-0.00018232467609487782,0.0,0.0,nan,0,-0.0799971385573176,1.3902269940232703e-09,3.0537981262062343e-07,-9.888607166438878e-12,2
8.445,4.0,7.129763456094698e-05,0.00016304483553480383,19.620177051377716,0.021524811372085898,0.00219415057425024,4,-2.186062798049254e-06,-0.007401513137195946,0.00013990356421633747,9.810175951551297,0.01696477906077007,0.0034586085192666507,6,-1.7075630023913324e-06,0.15589260696726764,-0.00031887287120678677,0.0,0.0,nan,0,-0.07999714246131381,3.2936018628939703e-10,1.1876244997594456e-06,-9.891141139470282e-12,2
8.45,4.0,7.209977700429444e-05,0.0001473725591265184,19.62003596651009,0.025194576223903305,0.0025682497490737053,4,-2.1860559189026962e-06,-0.007400728978707628,0.0001586881191149385,9.810036145087654,0.015956592524182918,0.0032531159494602136,6,-1.6998154984890212e-06,0.15589094104407772,-0.00032198511370180877,0.0,0.0,nan,0,-0.07999715021574633,2.481090223992145e-09,1.734184606259228e-06,-9.892372154759988e-12,2
8.455,4.0,7.263189866059836e-05,6.373374270663821e-05,19.619846266537387,0.06411596128672593,0.006535827081996954,4,-2.1860380959824732e-06,-0.007400077416222413,9.637567306505631e-05,9.809847489056025,0.04175366917990777,0.008512603121809717,6,-1.691662674559169e-06,0.15588967773785786,-0.00017603381523627578,0.0,0.0,nan,0,-0.07999715838644264,4.415796703459397e-09,1.4098677273396883e-06,-9.891359631361528e-12,2
8.46,4.0,7.26203797076699e-05,-5.5188656926477e-05,19.619771469255706,0.06396034047327857,0.006519988326419071,4,-2.1860157504924316e-06,-0.007399843939042696,4.258914114181762e-06,9.809774121123088,0.041850400155023934,0.008532388134179102,6,-1.6878111746207458e-06,0.15588937615773274,3.500537934541079e-05,0.0,0.0,nan,0,-0.07999716226033754,2.7139709884424164e-09,2.265341016320274e-07,-9.891464436415054e-12,2
8.465,4.0,7.209678594558617e-05,-0.00013717988790534375,19.619816414150534,0.042999739443791665,0.004383296819513425,4,-2.186013536697312e-06,-0.007400107699675559,-9.907371061539046e-05,9.809817413419177,0.03143027291605748,0.006407922103231598,6,-1.6892994983280785e-06,0.15589008389040931,0.00022032927105361137,0.0,0.0,nan,0,-0.0799971607742771,-2.732370764660702e-10,-6.970479532391698e-07,-9.891909413803322e-12,2
8.47,4.0,7.131426885293121e-05,-0.00016258519074278935,19.619865082963678,0.006554958736358996,0.0006681961072250999,4,-2.1860185309037494e-06,-0.007400801363136469,-0.00016053744200807317,9.809865948290785,0.006460602924027558,0.0013171643645453108,6,-1.6952667650088626e-06,0.15589148044942458,0.00030719834128409794,0.0,0.0,nan,0,-0.07999715480206568,-2.209958953559887e-09,-1.557282195838126e-06,-9.887588425791483e-12,2
8.475,4.0,7.05985683060365e-05,-0.00011643013850504675,19.620040864912962,0.044898387459736566,0.004576788373568532,4,-2.186037648180955e-06,-0.007401590340758159,-0.00014256631931879127,9.810039719552645,0.029741895348658568,0.0060635626763833024,6,-1.703957597742889e-06,0.15589290550623483,0.00024307220235844778,0.0,0.0,nan,0,-0.07999714609216513,-4.6634963019612555e-09,-1.7595497469765166e-06,-9.893792352053089e-12,2
8.48,4.0,7.029750534135812e-05,-6.810239140182669e-06,19.620260559322222,0.0682110642105641,0.006953125215062937,4,-2.1860618310658164e-06,-0.007402087388006365,-6.132688683938872e-05,9.81025735394277,0.04281848289847551,0.008729329181413704,6,-1.710956385278517e-06,0.1558936239952694,5.221290651556013e-05,0.0,0.0,nan,0,-0.07999713906924417,-4.5112640911241e-09,-9.338549593057113e-07,-9.897947250700448e-12,2
8.485,4.0,7.058086695470733e-05,0.00010236363902843256,19.620174754576578,0.055998143688367114,0.005708220684966637,4,-2.1860676053982175e-06,-0.007402137423697296,3.465635126367097e-05,9.810171781216342,0.03865409775692713,0.007880412008878094,6,-1.7123582758474254e-06,0.15589331104834864,-0.00015294417375509572,0.0,0.0,nan,0,-0.07999713766162875,1.1318974460480483e-09,1.7417196519547076e-07,-9.890310692647866e-12,2
8.49,4.0,7.127032885797111e-05,0.0001591431752080143,19.62018421066887,0.027734023563276037,0.002827091047207916,4,-2.186063074050698e-06,-0.007401685656565617,0.00012984932493673995,9.810183035619051,0.021261148701190183,0.004334506017674632,6,-1.7091532230409379e-06,0.1558920901984954,-0.0003049166476000001,0.0,0.0,nan,0,-0.07999714087126236,2.848907830185447e-10,1.047253632037106e-06,-9.89169536280418e-12,2
8.495000000000001,4.0,7.20830758864044e-05,0.00015465078590738728,19.62006439135581,0.01821720653187381,0.0018569976294165404,4,-2.1860578354251925e-06,-0.007400918115882612,0.00016111363452353137,9.810064295159458,0.011325579403432848,0.0023089714934939184,6,-1.7018483134609297e-06,0.1558904302901457,-0.0003316885318780234,0.0,0.0,nan,0,-0.07999714818146003,2.0923960706839233e-09,1.702851873866586e-06,-9.891372954037826e-12,2
8.5,4.0,7.267953419319761e-05,8.095365959210055e-05,19.619880273253358,0.05973453590389605,0.006089184548728227,4,-2.1860415284832846e-06,-0.007400219160702809,0.00011006243376023284,9.809881475365644,0.039807690048544675,0.008115835068651718,6,-1.693455719840864e-06,0.15588905525620086,-0.00020694016878983017,0.0,0.0,nan,0,-0.07999715659041008,4.120460227295642e-09,1.5268979005977248e-06,-9.900451913844002e-12,2
8.505,4.0,7.276172002277409e-05,-3.763804717792261e-05,19.61975497903358,0.0658928522701141,0.006716990333521466,4,-2.1860179946521507e-06,-0.007399913686168908,1.96118408398326e-05,9.809757598260303,0.04253414188672456,0.008671802837262302,6,-1.688678526692855e-06,0.15588858797555924,2.1021669117306404e-06,0.0,0.0,nan,0,-0.07999716139118654,3.652532390373242e-09,4.0809141520552613e-07,-9.898211039691099e-12,2
8.51,4.0,7.230395393429975e-05,-0.0001277085667851306,19.61982477370814,0.04751193536805171,0.00484325786963407,4,-2.1860132887428774e-06,-0.007400096260548746,-8.380844825166638e-05,9.809825984863824,0.0343596602477191,0.007005151834647161,6,-1.6894384432461496e-06,0.15588914869592949,0.00019559301162411566,0.0,0.0,nan,0,-0.0799971606360254,-3.210920533361697e-10,-5.539877833811811e-07,-9.897701225278189e-12,2
8.515,4.0,7.154305578163715e-05,-0.0001630427449589319,19.619844990037087,0.011218535697994476,0.0011435906556541322,4,-2.1860168539118707e-06,-0.0074007401225079025,-0.00015577287146370218,9.80984598277725,0.00977806573911866,0.0019935207456438387,6,-1.6947270724543273e-06,0.15589047383612328,0.0003028916490255919,0.0,0.0,nan,0,-0.07999715534388052,-1.67777564813596e-09,-1.44925017519688e-06,-9.899623243378422e-12,2
8.52,4.0,7.079283901171423e-05,-0.0001283125088026554,19.62001121528596,0.03800257675637001,0.0038738588209126187,4,-2.1860339986627675e-06,-0.007401541228468247,-0.0001511513937325666,9.810010433873344,0.02494370680162547,0.005085357853544463,6,-1.7032446143344648e-06,0.1558919455391156,0.00026353997115339373,0.0,0.0,nan,0,-0.0799971468092434,-4.504511201321205e-09,-1.7883111429462623e-06,-9.8985583174532e-12,2
8.525,4.0,7.040679374766985e-05,-2.6483665463751165e-05,19.620243947356585,0.06788372760322335,0.006919763870965453,4,-2.1860582100248493e-06,-0.007402101298670935,-7.491227512673571e-05,9.810241385419774,0.04260581924969095,0.008685987953978949,6,-1.710872416529896e-06,0.15589281203502445,8.547204522446118e-05,0.0,0.0,nan,0,-0.07999713915727935,-5.000523197241959e-09,-1.1371930240019018e-06,-9.899617914307905e-12,2
8.53,4.0,7.06036882754903e-05,8.84051541276377e-05,19.620190101747248,0.05911931762440007,0.006026375617954414,4,-2.1860684601068825e-06,-0.007402226248695376,1.8311564861845227e-05,9.810186746753295,0.039738821565086575,0.008101542323491086,6,-1.7131510987797305e-06,0.1558926604711433,-0.00012264057833927773,0.0,0.0,nan,0,-0.07999713686839649,6.21450792213895e-10,3.551084355562127e-08,-9.897551123125262e-12,2
8.535,4.0,7.124756289940637e-05,0.0001537994558522462,19.620185536485554,0.03354687525152463,0.003419628748070818,4,-2.1860633211412406e-06,-0.007401850125194133,0.00011807842550481731,9.810184305418112,0.02529407772546083,0.005156697761833291,6,-1.7106310454748086e-06,0.15589156085382042,-0.0002878017046868482,0.0,0.0,nan,0,-0.07999713939363826,3.9648831245822006e-10,9.019589587630401e-07,-9.898035180363998e-12,2
8.540000000000001,4.0,7.206235584648442e-05,0.0001601715860451555,19.62009211095275,0.011513217661110308,0.0011736150468613909,4,-2.1860594312701764e-06,-0.007401109066939926,0.00016139799428712312,9.810091756146495,0.007302021713070448,0.0014886755179420988,6,-1.7038534097860158e-06,0.15588992538360158,-0.0003374933676397147,0.0,0.0,nan,0,-0.07999714617521331,1.679946684039723e-09,1.6488689691051454e-06,-9.898251895898402e-12,2
8.545,4.0,7.271520805399674e-05,9.650784006821832e-05,19.61991165795781,0.0542300689625961,0.005528064540555711,4,-2.1860447225637014e-06,-0.007400372065516853,0.00012320777177439812,9.809912763038673,0.03606379646309123,0.007352521339225503,6,-1.6953400179195444e-06,0.1558884559111335,-0.00023563936312534842,0.0,0.0,nan,0,-0.07999715470336337,3.82261783032769e-09,1.617175203925726e-06,-9.897740305128659e-12,2
8.55,4.0,7.288995247083448e-05,-1.9307435967681274e-05,19.61974339302616,0.06732476328250185,0.006862960634483369,4,-2.186020973599101e-06,-0.007399995877870903,3.4552804402326335e-05,9.80974579053951,0.04300159543940313,0.008767117182766088,6,-1.6896947994463063e-06,0.1558878253604134,-3.116908369109328e-05,0.0,0.0,nan,0,-0.0799971603723803,4.504148546634301e-09,6.019335296959983e-07,-9.898918917891602e-12,2
8.555,4.0,7.250378784571364e-05,-0.00011708128312376472,19.619831583082313,0.051404797376653474,0.005240085487887525,4,-2.186013015516991e-06,-0.007400097459066555,-6.762795597746002e-05,9.80983327416546,0.03678278956481064,0.007499167118707187,6,-1.689694738314651e-06,0.15588823348775696,0.00016878555987338194,0.0,0.0,nan,0,-0.07999716038044904,-2.3638459362294106e-10,-4.1772511259348007e-07,-9.900801856141364e-12,2
8.56,4.0,7.177185576058813e-05,-0.00016172967518903494,19.619829215363225,0.017535357793467647,0.0017875138056488952,4,-2.1860155879696586e-06,-0.0074006835214652684,-0.00014911218261208384,9.809830284248424,0.014037870875258287,0.0028620007621943874,6,-1.6942801357097692e-06,0.15588947186394375,0.0002949182146021119,0.0,0.0,nan,0,-0.0799971557925287,-1.1906718783719413e-09,-1.3261658232222686e-06,-9.903527675711426e-12,2
8.565,4.0,7.099600551414328e-05,-0.00013855911695536262,19.619982569472175,0.030903884771261932,0.003150245894646921,4,-2.1860304856430313e-06,-0.007401486430916708,-0.0001576003264340973,9.80998216509463,0.02004238589821739,0.004086120761672976,6,-1.70251850250408e-06,0.1558909710055247,0.00028023583622110705,0.0,0.0,nan,0,-0.07999714753931375,-4.268703083400195e-09,-1.7940638354845934e-06,-9.905051789879632e-12,2
8.57,4.0,7.053134684627446e-05,-4.592624183788084e-05,19.620207679369774,0.06656009272913078,0.006784850988006339,4,-2.186054274020549e-06,-0.007402105411665303,-8.825195204331803e-05,9.810205606570227,0.042118100947589505,0.00858658883140667,6,-1.7106362946509024e-06,0.15589197502700441,0.00011825462274311277,0.0,0.0,nan,0,-0.07999713939778276,-5.046825753697615e-09,-1.3249576078340868e-06,-9.904847508843103e-12,2
8.575000000000001,4.0,7.063746014358301e-05,7.29217058988752e-05,19.620208573229107,0.06170582935263172,0.006290027868187553,4,-2.186068868929164e-06,-0.007402303206135114,2.5587917726286604e-06,9.810204892269958,0.04071557384269244,0.008300657180926905,6,-1.7138407297084823e-06,0.1558919870904203,-9.140403277992005e-05,0.0,0.0,nan,0,-0.0799971361788023,-1.278947969210796e-10,-1.1599971938720473e-07,-9.898370023628227e-12,2
8.58,4.0,7.122858275249917e-05,0.00014697464666805213,19.62018241351277,0.03889296430345702,0.003964587431834552,4,-2.1860636845484616e-06,-0.00740200565912066,0.00010485581867094332,9.810181113989012,0.028978691122844277,0.005907880962874695,6,-1.7120031181247497e-06,0.15589101880322048,-0.0002677539644138231,0.0,0.0,nan,0,-0.07999713802164779,6.409161806261388e-10,7.562469197763161e-07,-9.904751585573774e-12,2
8.585,4.0,7.203675371747367e-05,0.0001638494208382758,19.620118331612506,0.00622876224713313,0.0006349362569436869,4,-2.186060719968491e-06,-0.007401300036516474,0.00015978309774124485,9.810117753323368,0.005229318460048851,0.0010661071745601254,6,-1.7058187374435763e-06,0.15588942539225506,-0.00033955598161605435,0.0,0.0,nan,0,-0.07999714420904258,1.2704349697231444e-09,1.5741995625566004e-06,-9.90224425789496e-12,2
8.59,4.0,7.273814774739987e-05,0.00011073450188725124,19.619941629648597,0.04811531669304552,0.004904735967240214,4,-2.186047693416432e-06,-0.007400534703690903,0.00013472889997928763,9.809942599128119,0.03188908951955895,0.0065013814703448235,6,-1.6972920202223962e-06,0.15588787904818352,-0.00026138682886418937,0.0,0.0,nan,0,-0.07999715274883587,3.5371087996879606e-09,1.684077274973262e-06,-9.906411591040194e-12,2
8.595,4.0,7.300338315772773e-05,-2.382860409306066e-07,19.619741293868714,0.06812673829879168,0.00694471321291904,4,-2.186024596138869e-06,-0.007400089085843382,4.9191033541584377e-05,9.809743266887134,0.04321849368792098,0.008811340421885524,6,-1.6908602324464117e-06,0.1558870885778898,-6.487613845721128e-05,0.0,0.0,nan,0,-0.07999715920377043,5.106981682044509e-09,8.048867340521469e-07,-9.902422781757319e-12,2
8.6,4.0,7.269528513256737e-05,-0.00010521632138278955,19.61982487222087,0.054744849238445116,0.005580564515227322,4,-2.18601285592937e-06,-0.007400110452423966,-5.063627011669658e-05,9.809826884870173,0.03850987174934435,0.007851284676335857,6,-1.6900479550552294e-06,0.15588733842563984,0.00013992923658572715,0.0,0.0,nan,0,-0.07999716002783758,1.5396750191323253e-10,-2.843859867123868e-07,-9.903854525369875e-12,2
8.605,4.0,7.199988189146772e-05,-0.00015866369829958818,19.61981804849573,0.023977181671660613,0.002444179819853015,4,-2.18601469896898e-06,-0.0074006309013088505,-0.00014043134746762848,9.809819132948522,0.018431452319414968,0.003757755789300685,6,-1.6939177589353482e-06,0.15588847466109038,0.0002831717268968553,0.0,0.0,nan,0,-0.07999715615624017,-7.826709573236278e-10,-1.1901095836728927e-06,-9.90748362239277e-12,2
8.61,4.0,7.120764452238591e-05,-0.0001470830151432613,19.61995459838335,0.023710943808148373,0.002417023310553645,4,-2.186027164719634e-06,-0.007401424947019367,-0.00016180064918830934,9.80995458743326,0.015151849429321785,0.003089076365089721,6,-1.7017719558393152e-06,0.1558899813276748,0.0002929603815060775,0.0,0.0,nan,0,-0.07999714828962706,-3.9357970286771684e-09,-1.776581811547672e-06,-9.90242722264942e-12,2
8.615,4.0,7.067174928349101e-05,-6.461946634278829e-05,19.620156574558298,0.06395756407135722,0.006519577336532757,4,-2.186050328530781e-06,-0.007402097028404878,-0.00010145411934032248,9.810154505504237,0.04124303935845843,0.008408234413702247,6,-1.7102342783972824e-06,0.15589110968798414,0.00015015033890371037,0.0,0.0,nan,0,-0.07999713980419021,-4.85724333016e-09,-1.4818081771144734e-06,-9.907655929006195e-12,2
8.620000000000001,4.0,7.068425898482629e-05,5.624220914698315e-05,19.62022802205918,0.06401606418249767,0.006525516840122744,4,-2.1860686494935833e-06,-0.007402365921983464,-1.2799936527925012e-05,9.810224103581435,0.04156147261273923,0.00847309341232405,6,-1.7143895324200908e-06,0.15589128645572664,-5.9365483352840715e-05,0.0,0.0,nan,0,-0.07999713563066477,-1.0867797488059782e-09,-2.8235131982052765e-07,-9.909541531791218e-12,2
8.625,4.0,7.121613257233786e-05,0.00013889285366616456,19.620173951849786,0.04366338506400391,0.004450866253393981,4,-2.18606426333548e-06,-0.007402149180340398,9.011909113134509e-05,9.81017246023552,0.03215779194122431,0.006556009503721257,6,-1.7132405789530014e-06,0.15589045822454153,-0.000244935119485513,0.0,0.0,nan,0,-0.07999713678405393,1.0129100510000367e-09,6.134870292956904e-07,-9.905630882209278e-12,2
8.63,4.0,7.200964100095751e-05,0.00016567866958564598,19.62014124979114,0.007070547131600768,0.0007207437542455038,4,-2.1860616671934285e-06,-0.007401488798589867,0.0001560570302777415,9.810140485754262,0.007046153217188328,0.0014365040393499683,6,-1.7077089256370415e-06,0.15588892471858803,-0.00033765883850038643,0.0,0.0,nan,0,-0.07999714231835292,8.989042204462716e-10,1.4774667847500708e-06,-9.905965725473502e-12,2
8.635,4.0,7.275106440459682e-05,0.00012342828564859513,19.619970672132176,0.04158344971614607,0.004238890099383318,4,-2.1860504364167033e-06,-0.007400706158093686,0.00014425634183450162,9.809971462820574,0.02729811530899097,0.005565381186367322,6,-1.6992892324443898e-06,0.15588732103909425,-0.0002836077300657406,0.0,0.0,nan,0,-0.07999715074932645,3.2450229917032827e-09,1.725755060302859e-06,-9.904633457843952e-12,2
8.64,4.0,7.310246316482287e-05,1.90888898810809e-05,19.619752800129927,0.06818611668798034,0.006950762059298606,4,-2.1860286542781104e-06,-0.007400194515696211,6.332932216151589e-05,9.80975422886275,0.04317943349955996,0.008803367034928412,6,-1.6921865402252934e-06,0.15588637838252273,-9.834127857046461e-05,0.0,0.0,nan,0,-0.07999715787385034,5.339442083195055e-09,1.006977174268165e-06,-9.911724674346837e-12,2
8.645,4.0,7.287760516331724e-05,-9.207069444535851e-05,19.619812310093728,0.057910552373326186,0.005903272820151615,4,-2.186013019125216e-06,-0.007400138448729552,-3.379254584362466e-05,9.809814611837073,0.0395979061894758,0.008073120187550688,6,-1.6905167559908008e-06,0.15588646755832414,0.00010994020981827482,0.0,0.0,nan,0,-0.07999715955931927,7.372766344645667e-10,-1.4693579697395643e-07,-9.906592779437809e-12,2
8.65,4.0,7.222536662009764e-05,-0.00015402296598729812,19.619811721937573,0.03015736375902459,0.0030741746339292973,4,-2.186014104559042e-06,-0.00740058804380421,-0.00013014821432078165,9.809812782219012,0.022672365941933538,0.0046223850434798965,6,-1.6936823568139414e-06,0.15588748977688877,0.00026824818589623597,0.0,0.0,nan,0,-0.07999715639268257,-4.821728251683598e-10,-1.0479596768789394e-06,-9.9113534157674e-12,2
8.655,4.0,7.142563312252456e-05,-0.00015386716912663104,19.619926264808534,0.016707935663506666,0.0017031598832738747,4,-2.1860241199676833e-06,-0.007401364044234772,-0.00016394812119287778,9.809926592150967,0.010598455886093807,0.0021607615075476204,6,-1.7010720829713222e-06,0.15588898589594402,0.0003018923319665112,0.0,0.0,nan,0,-0.07999714899299057,-3.4991236130280447e-09,-1.7392459560426446e-06,-9.912595977376559e-12,2
8.66,4.0,7.082653084460601e-05,-8.205563480442124e-05,19.62011627979227,0.059544058128379124,0.006069694723441216,4,-2.1860465410292185e-06,-0.007402082257012578,-0.00011452972628631503,9.810114321383793,0.039613100719949196,0.008075971272547099,6,-1.7097529797574507e-06,0.15589022359630716,0.00018066243879700863,0.0,0.0,nan,0,-0.07999714028972225,-4.8271793148827255e-09,-1.5996863436934064e-06,-9.908031628477724e-12,2
8.665000000000001,4.0,7.074415214557343e-05,3.8497215276960626e-05,19.620246041581993,0.06593649231627467,0.006721270689117023,4,-2.186067686302251e-06,-0.007402420347175825,-2.7683320509960192e-05,9.810242039458352,0.04222070950340086,0.008607475602249661,6,-1.71484431105845e-06,0.1558905644506571,-2.6736781002673296e-05,0.0,0.0,nan,0,-0.07999713517729524,-2.175554383700186e-09,-4.6302314438835174e-07,-9.91284822004776e-12,2
8.67,4.0,7.120999999507344e-05,0.00012951122884671785,19.620163647678318,0.04786874252111673,0.004879545693981111,4,-2.186065128507997e-06,-0.007402284244632025,7.444720676508628e-05,9.810161704520599,0.03485666283340359,0.007106236142334203,6,-1.7144026459511852e-06,0.15588988288593186,-0.00021988128578131648,0.0,0.0,nan,0,-0.07999713562156771,1.353809026714801e-09,4.77803870860761e-07,-9.911066534137842e-12,2
8.675,4.0,7.19810819391561e-05,0.00016571077732430926,19.620159638537338,0.012752677456426631,0.0012999565438171256,4,-2.186062350719581e-06,-0.007401676940463031,0.0001505389932914624,9.810158694930621,0.010951450843033932,0.0022326755730655147,6,-1.709552610251741e-06,0.1558884248856671,-0.0003321725847200308,0.0,0.0,nan,0,-0.07999714047443074,5.97698866454353e-10,1.3646694988180171e-06,-9.911496412492977e-12,2
8.68,4.0,7.275405799166314e-05,0.0001346265130071322,19.619998832821018,0.03477238872542597,0.0035445862175340712,4,-2.186052952934947e-06,-0.007400886875556522,0.0001517588374854171,9.809999402411806,0.0225517222047498,0.004597701035375276,6,-1.7013409838104177e-06,0.15588678223073668,-0.000302308128530733,0.0,0.0,nan,0,-0.07999714869550453,2.9478560499826203e-09,1.7460542944204745e-06,-9.913354481746989e-12,2
8.685,4.0,7.318612790885845e-05,3.8323816932294685e-05,19.619783197802242,0.0672892957371035,0.006859331222848688,4,-2.186032809808197e-06,-0.0074003124828652764,7.73900943909487e-05,9.809784232694112,0.04284895439077982,0.00873596266225154,6,-1.6936928010705121e-06,0.15588569615433728,-0.0001316366532920258,0.0,0.0,nan,0,-0.07999715636387997,5.104972365775583e-09,1.1982033220087511e-06,-9.908396669808224e-12,2
8.69,4.0,7.304918110829794e-05,-7.734967338673452e-05,19.619795428697394,0.06069392132938117,0.006187008580181796,4,-2.1860136941859176e-06,-0.007400180252787112,-1.740422631159064e-05,9.809797944036523,0.04062092248104751,0.008281704213029461,6,-1.6911078987227879e-06,0.1558856212574491,7.883119380053804e-05,0.0,0.0,nan,0,-0.07999715896794751,1.5031447171950582e-09,3.120915243726561e-09,-9.9145091136926e-12,2
8.695,4.0,7.244676212968262e-05,-0.00014784665238435504,19.619810786240407,0.03591579052415234,0.003661176034311247,4,-2.1860137406799762e-06,-0.007400553052656719,-0.00011796707352774546,9.80981181176086,0.02663308259662895,0.0054298865478130546,6,-1.6935634857967452e-06,0.15588651686286706,0.0002498910560875256,0.0,0.0,nan,0,-0.07999715651236351,-3.167732404732796e-10,-8.99238823243231e-07,-9.915822729575336e-12,2
8.700000000000001,4.0,7.164862650514907e-05,-0.00015878509731360562,19.619898808067198,0.010190089516631971,0.001038750466178966,4,-2.186021441714231e-06,-0.00740130023145265,-0.00016378495159513688,9.809899415646765,0.00691365686750064,0.0014095265556899339,6,-1.7003954861094517e-06,0.15588798256403752,0.0003066474151570283,0.0,0.0,nan,0,-0.07999714967271171,-2.982818050280313e-09,-1.6770892516716038e-06,-9.913186616025667e-12,2
8.705,4.0,7.099485351682237e-05,-9.754716397873104e-05,19.62008290275947,0.053741278094695484,0.005478190725395664,4,-2.1860427512482294e-06,-0.0074020549160739935,-0.00012742717169123024,9.810081257375014,0.035812724002451675,0.007301208433014439,6,-1.7091628402923775e-06,0.15588931140857756,0.00020905173799120504,0.0,0.0,nan,0,-0.07999714088409757,-4.792942544130964e-09,-1.6859046247990723e-06,-9.915868914853162e-12,2
8.71,4.0,7.081844293074839e-05,1.9848263355670778e-05,19.620259085978933,0.06732400611601304,0.006862703068393653,4,-2.186065806646098e-06,-0.007402460948739551,-4.214583442482635e-05,9.810255236452088,0.042638957028154845,0.008692731432658498,6,-1.7151313327704032e-06,0.15588981423894,6.375009467719996e-06,0.0,0.0,nan,0,-0.0799971348925993,-3.2891460319276264e-09,-6.579604680945866e-07,-9.913526788360415e-12,2
8.715,4.0,7.121172766094255e-05,0.0001189463766410322,19.620162447539286,0.05142509212483119,0.005242065886287379,4,-2.186066235847911e-06,-0.00740240479991733,5.7846022187606124e-05,9.810159998396859,0.03696725484440275,0.007536524348317215,6,-1.7154371258487622e-06,0.1558892851926788,-0.00019271492435140073,0.0,0.0,nan,0,-0.07999713458642659,1.425751404991703e-09,3.4999079660307295e-07,-9.9133278363944e-12,2
8.72,4.0,7.19530724923356e-05,0.00016402451683653424,19.620173663302538,0.019146474576673875,0.001951713058736614,4,-2.186062801425026e-06,-0.007401858771781064,0.0001430061614750271,9.810172588153666,0.015326040957778555,0.0031245201488678417,6,-1.711285695989162e-06,0.15588791820718276,-0.0003229531677543716,0.0,0.0,nan,0,-0.07999713874134044,3.824662622705852e-10,1.2371970950530337e-06,-9.91365823876653e-12,2
8.725,4.0,7.274871702980316e-05,0.00014419017299490392,19.62002650260592,0.027775222267139434,0.002831313430025219,4,-2.186055232708539e-06,-0.007401071748282483,0.0001570994009041988,9.81002679951502,0.01771908380255092,0.0036124435059498314,6,-1.7033900194321494e-06,0.15588625592679875,-0.0003172120272623068,0.0,0.0,nan,0,-0.07999714664463531,2.6222131746508545e-09,1.7434849532664173e-06,-9.913369580780127e-12,2
8.73,4.0,7.325505787002708e-05,5.707117616010091e-05,19.619828649107966,0.065258009353558,0.006652250691957497,4,-2.186036763211774e-06,-0.007400440419750036,9.110943325455974e-05,9.809829735837841,0.04216700380327708,0.008596888006981432,6,-1.695331401561917e-06,0.15588503864525852,-0.00016410302669397995,0.0,0.0,nan,0,-0.07999715472177224,4.606447241482757e-09,1.3640630253270344e-06,-9.919631238639014e-12,2
8.735,4.0,7.320937897878077e-05,-6.136025575523101e-05,19.619777255379226,0.06311444160852887,0.0064337572019299615,4,-2.1860149589242317e-06,-0.007400234560463724,-1.5950106909187457e-06,9.809779918413685,0.04152653564534126,0.008466354187496678,6,-1.6918086563968981e-06,0.15588479885287632,4.703288525260747e-05,0.0,0.0,nan,0,-0.07999715826637127,2.386484296455736e-09,1.647558937964319e-07,-9.915301368842977e-12,2
8.74,4.0,7.266357198914041e-05,-0.00014023113295861536,19.61981360090602,0.04118099361029522,0.004197898557853122,4,-2.186013479139187e-06,-0.0074005285408195835,-0.00010451907166286002,9.809814601339038,0.030229613230227187,0.006163136503334293,6,-1.6935596353420679e-06,0.15588555902841508,0.0002288278595150819,0.0,0.0,nan,0,-0.07999715651692171,-2.655790333775179e-10,-7.519529370634928e-07,-9.91965166674267e-12,2
8.745000000000001,4.0,7.18756217109052e-05,-0.00016184726151225712,19.61987331079569,0.006278553964145014,0.0006400198273135929,4,-2.1860191569376963e-06,-0.007401238583542132,-0.00016179813664036964,9.809874125437565,0.005851570605270032,0.0011929960630374604,6,-1.6997795945564165e-06,0.15588697740978955,0.000307723089134015,0.0,0.0,nan,0,-0.0799971502913343,-2.429132084759457e-09,-1.5961205572921457e-06,-9.919427845780906e-12,2
8.75,4.0,7.11753735209793e-05,-0.00011154678942418788,19.62005179560574,0.04737656310556961,0.004829402450016002,4,-2.1860390001238184e-06,-0.007402020159167624,-0.0001387866621620498,9.8100504979551,0.03147625112987081,0.006417143548125878,6,-1.7085290236681927e-06,0.15588837962215907,0.00023441117865515086,0.0,0.0,nan,0,-0.0799971415221116,-4.722915452450051e-09,-1.748104285496609e-06,-9.915591803186222e-12,2
8.755,4.0,7.090754513364744e-05,5.632191282167252e-07,19.62026355837655,0.0681041050420365,0.006942221223420882,4,-2.1860631220400883e-06,-0.007402492525093502,-5.6142362707355706e-05,9.810260109442082,0.04280422094231118,0.008726419170295678,6,-1.7152906187853367e-06,0.15588904020520677,3.9656906739718683e-05,0.0,0.0,nan,0,-0.07999713473644415,-4.265653743064405e-09,-8.614370836309103e-07,-9.91603855693133e-12,2
8.76,4.0,7.12221966346853e-05,0.00010721970793082231,19.620170632610126,0.05474583582766305,0.0055805667394830455,4,-2.1860673678833487e-06,-0.0074025142125842686,4.0835289047063084e-05,9.810167788031508,0.038217211654160664,0.007791347198115408,6,-1.71639183019906e-06,0.15588866763011158,-0.00016397719772117894,0.0,0.0,nan,0,-0.0799971336310365,1.261520456151373e-09,2.2216413350511066e-07,-9.919155175006056e-12,2
8.765,4.0,7.192711803473276e-05,0.00016075896025867376,19.620182692753513,0.025428800534572745,0.0025921063970484413,4,-2.1860630959741334e-06,-0.00740203600546975,0.0001336777194534671,9.810181532549137,0.01966394474979635,0.004008884990466991,6,-1.712934482374362e-06,0.15588740489069264,-0.00031035884435996736,0.0,0.0,nan,0,-0.07999713709270581,2.8684110025957843e-10,1.0999311730543373e-06,-9.91878214006978e-12,2
8.77,4.0,7.273673923394998e-05,0.0001520876311071897,19.620054438358263,0.02081001690344607,0.002121300628275665,4,-2.186057247166584e-06,-0.007401261848418148,0.00016030230500007345,9.81005444651085,0.013009868222886559,0.002652353928068929,6,-1.7054481851672132e-06,0.15588574150171783,-0.0003283120646581755,0.0,0.0,nan,0,-0.07999714458490143,2.250968830051732e-09,1.7198018516159554e-06,-9.918647136949984e-12,2
8.775,4.0,7.330984721655925e-05,7.465769199174902e-05,19.61986922483206,0.06157017144984617,0.006276308036948518,4,-2.1860402956500047e-06,-0.007400580327952016,0.00010484797456039931,9.80987049811365,0.04074948775875803,0.008307854373122212,6,-1.6971098696846876e-06,0.1558844072627255,-0.00019542775900460867,0.0,0.0,nan,0,-0.07999715294021803,4.2376230782722635e-09,1.4920738103755729e-06,-9.919628574103751e-12,2
8.78,4.0,7.335684902508948e-05,-4.432313949346368e-05,19.619759899799398,0.06518797053374356,0.0066451343815282955,4,-2.186016954973391e-06,-0.007400301919401786,1.3897084303573893e-05,9.809762585001726,0.04227680371110524,0.008619332699395355,6,-1.692650330363532e-06,0.15588400224200383,1.4503998838825974e-05,0.0,0.0,nan,0,-0.07999715742314764,3.3303424241112497e-09,3.417903176138783e-07,-9.920355104051065e-12,2
8.785,4.0,7.287379713746046e-05,-0.00013136453546333215,19.61982101534832,0.04587160379716264,0.00467604712206884,4,-2.1860132466411386e-06,-0.007400514854695123,-8.96134604089593e-05,9.809822136662877,0.033307661543531104,0.0067906759326549345,6,-1.6936781370505138e-06,0.15588461861900232,0.0002050559756219667,0.0,0.0,nan,0,-0.0799971563990989,-3.118952144901369e-10,-6.062820177781912e-07,-9.921931620746032e-12,2
8.790000000000001,4.0,7.210414498172946e-05,-0.00016302459932350305,19.619851507086008,0.009071267190868242,0.0009247029405489655,4,-2.1860173265823846e-06,-0.007401178052199895,-0.00015770173830254649,9.809852461716652,0.008342642482339464,0.0017008701231536287,6,-1.6992285651745709e-06,0.15588597185866077,0.00030480435347733295,0.0,0.0,nan,0,-0.07999715084464043,-1.883552124883097e-09,-1.493541125145391e-06,-9.924227561960956e-12,2
8.795,4.0,7.136618854802425e-05,-0.0001239657105804687,19.620021746583078,0.04062168228707071,0.004140839680174684,4,-2.186035314443585e-06,-0.007401975372105232,-0.000148087638271079,9.810020811989336,0.02675807634675751,0.005455253736884039,6,-1.7078386942773194e-06,0.15588742752517842,0.0002561314008044735,0.0,0.0,nan,0,-0.0799971422165731,-4.58581754342467e-09,-1.7842874979539616e-06,-9.925880462000017e-12,2
8.8,4.0,7.101172680166497e-05,-1.902976103000015e-05,19.620252663053506,0.06807503310471373,0.00693926161643213,4,-2.186059668455448e-06,-0.0074025119002622455,-6.984000635739718e-05,9.810249834796132,0.04268348314265504,0.008701813686999146,6,-1.7152710332646315e-06,0.15588823890544085,7.294785544569287e-05,0.0,0.0,nan,0,-0.07999713475992971,-4.892523934375877e-09,-1.0669764704952056e-06,-9.925223209969438e-12,2
8.805,4.0,7.124190673494238e-05,9.385198971054256e-05,19.62018410003785,0.05793078663091489,0.005905223553004595,4,-2.1860683129849845e-06,-0.007402609290067172,2.4277891835915527e-05,9.810180849413277,0.039312155127714424,0.008014562775377498,6,-1.717232416591219e-06,0.15588802650585207,-0.00013405175737889695,0.0,0.0,nan,0,-0.07999713278995146,8.370397593368146e-10,8.625340250050364e-08,-9.922230048695048e-12,2
8.81,4.0,7.190353059714254e-05,0.0001559219881984706,19.620186270490244,0.03139769133313411,0.0032005497705552195,4,-2.186063347543732e-06,-0.007402204782339086,0.00012257421183674484,9.810185049165206,0.02380153956338336,0.004852413984873557,6,-1.7144653403147747e-06,0.15588688076498194,-0.0002944180397596071,0.0,0.0,nan,0,-0.0799971355620428,3.3581518016213967e-10,9.557115142141872e-07,-9.919567289792787e-12,2
8.815,4.0,7.271826304523219e-05,0.0001582522790422604,19.620082570456773,0.013960375373524974,0.00142306999202399,4,-2.1860589745903436e-06,-0.007401453322489317,0.00016138812591143332,9.810082311689447,0.008698412672242785,0.0017733618120365769,6,-1.7074776875805608e-06,0.15588523496358475,-0.0003355622085676656,0.0,0.0,nan,0,-0.07999714255411809,1.8441256922060594e-09,1.6738581157051303e-06,-9.920259180781734e-12,2
8.82,4.0,7.33506367958452e-05,9.079940988509708e-05,19.619900456404174,0.05634318673157766,0.005743473251230136,4,-2.186043590118869e-06,-0.007400730073719623,0.00011834824490015029,9.809901617061849,0.03750391086988993,0.007646133943822911,6,-1.6989762452249146e-06,0.1558837997321457,-0.00022506942228520615,0.0,0.0,nan,0,-0.07999715107099453,3.95059833918489e-09,1.5915878024090235e-06,-9.922496502220957e-12,2
8.825000000000001,4.0,7.349092153067486e-05,-2.624457505728867e-05,19.61974605944126,0.06681634819911811,0.0068111328247253515,4,-2.1860196783365926e-06,-0.007400380749777222,2.89435431171419e-05,9.809748596084772,0.04282501143494036,0.008731112936376883,6,-1.693622303379494e-06,0.15588323051473027,-1.86206994452984e-05,0.0,0.0,nan,0,-0.0799971564488978,4.232789474532777e-09,5.31793283441374e-07,-9.926663835366191e-12,2
8.83,4.0,7.307745843244243e-05,-0.00012112917093577176,19.619829383425376,0.04999565410283798,0.005096441271306241,4,-2.18601297349158e-06,-0.007400512713702188,-7.379237994161836e-05,9.80983089596219,0.035922597649958476,0.007323795492691831,6,-1.6939026339854446e-06,0.15588369633319582,0.00017899985560820492,0.0,0.0,nan,0,-0.07999715617532167,-3.0198440631599757e-10,-4.672821098371073e-07,-9.926869892759561e-12,2
8.835,4.0,7.233424200762657e-05,-0.00016233109554136073,19.61983419362816,0.015102587879604832,0.0015395224781776828,4,-2.1860159040640315e-06,-0.007401121201798815,-0.00015177825608522018,9.809835251614972,0.0123891038680205,0.002525853605131831,6,-1.6987562821216273e-06,0.15588496842934027,0.00029818769247284057,0.0,0.0,nan,0,-0.07999715131879259,-1.375841252428162e-09,-1.3755247798117976e-06,-9.92599414883774e-12,2
8.84,4.0,7.15674306659913e-05,-0.00013481251299722654,19.619992803983912,0.033592074204538816,0.0034242697782965363,4,-2.186031737780314e-06,-0.007401924173233576,-0.00015532351006045892,9.809992243636081,0.02189254964910537,0.004463316403396233,6,-1.707125063414583e-06,0.1558864586039202,0.0002742144000188795,0.0,0.0,nan,0,-0.07999714293422724,-4.381368801932611e-09,-1.7981994522722859e-06,-9.926434685333912e-12,2
8.845,4.0,7.11319664491828e-05,-3.857593242608576e-05,19.620223868450104,0.06716499288987575,0.006846506272324347,4,-2.1860557908488787e-06,-0.007402521118313211,-8.319965171702337e-05,9.810221641297666,0.0423082313122467,0.008625336482540531,6,-1.7150994583783885e-06,0.15588741140520077,0.00010585399722405746,0.0,0.0,nan,0,-0.07999713493582884,-5.0985690486796525e-09,-1.262543468264553e-06,-9.926098953891266e-12,2
8.85,4.0,7.127309531307496e-05,7.896645877892909e-05,19.620201901408855,0.06071822550059747,0.0061893578675393255,4,-2.186068912609501e-06,-0.00740269181214809,8.37255064070211e-06,9.810198305333342,0.040331138851379345,0.008222288193594048,6,-1.717969895856375e-06,0.15588736136233652,-0.00010326056021655003,0.0,0.0,nan,0,-0.07999713205231923,1.7032563720399975e-10,-5.977127984098015e-08,-9.925102417704361e-12,2
8.855,4.0,7.188506121003604e-05,0.00014970350005346592,19.62018404192772,0.036908018658727476,0.0037622499951943567,4,-2.186063649309289e-06,-0.007402364969638159,0.00010986619409018356,9.810182749577269,0.0276176116191816,0.005630396971019051,6,-1.7158839658928948e-06,0.15588634294627499,-0.00027549120881627405,0.0,0.0,nan,0,-0.0799971341435621,5.439518711555401e-10,8.095148833381815e-07,-9.92619931805269e-12,2
8.86,4.0,7.269652819950936e-05,0.00016262165947006878,19.62010934894856,0.007844740352577607,0.000799663265179305,4,-2.1860603717643867e-06,-0.007401645761044552,0.00016043914208621287,9.810108848425266,0.005588903914638802,0.0011394173094289247,6,-1.7094702616168855e-06,0.15588473266321787,-0.0003389822801024691,0.0,0.0,nan,0,-0.07999714056059358,1.4277165832340566e-09,1.605803349683456e-06,-9.926718902428212e-12,2
8.865,4.0,7.338025757079322e-05,0.00010547778542637032,19.619931096155696,0.05045767640757001,0.0051435120908713714,4,-2.186046646205503e-06,-0.007400890825802555,0.0001304211766909037,9.809932142186407,0.033501460670364656,0.006830110582782881,6,-1.700921561979818e-06,0.1558832143913112,-0.00025182040453558633,0.0,0.0,nan,0,-0.07999714912306842,3.6589273655892757e-09,1.6658348450217422e-06,-9.928918032195387e-12,2
8.870000000000001,4.0,7.361151156156737e-05,-7.5304090444029456e-06,19.61973977247874,0.06787405930537728,0.0069189561219957126,4,-2.1860230956724513e-06,-0.007400471848932718,4.360782997894106e-05,9.80974195410989,0.043140116537359524,0.008795362149008525,6,-1.6947503151884535e-06,0.1558824845533379,-5.199882722371184e-05,0.0,0.0,nan,0,-0.0799971553179154,4.954394920152166e-09,7.318435100158072e-07,-9.928532562761238e-12,2
8.875,4.0,7.327319539979028e-05,-0.00010981036119268463,19.619827962342562,0.053477457768403756,0.005451368673675024,4,-2.1860127393420747e-06,-0.007400523593300531,-5.7163846824332494e-05,9.809829891608999,0.03797587099984987,0.0077424117277167396,6,-1.694241462943391e-06,0.1558827950069354,0.00015105283785796496,0.0,0.0,nan,0,-0.07999715583717362,-2.0649752076368565e-11,-3.344369695009274e-07,-9.929007738215779e-12,2
8.88,4.0,7.256338309183773e-05,-0.00015996255351764888,19.619821203697384,0.0215332153466643,0.0021950470519686827,4,-2.1860148753972963e-06,-0.007401069697707206,-0.00014390678812711082,9.80982230162928,0.016755981531234462,0.0034161641293852015,6,-1.698383764993372e-06,0.15588397131689857,0.00028794800761747225,0.0,0.0,nan,0,-0.07999715169278515,-9.32592548021122e-10,-1.244259311467054e-06,-9.93222916134403e-12,2
8.885,4.0,7.17766430675333e-05,-0.00014397595335860735,19.61996476104419,0.026448446171446694,0.002696074788468589,4,-2.1860283389296686e-06,-0.007401867986037075,-0.00016038380771872112,9.809964590484677,0.017001270775469663,0.0034661227609241937,6,-1.7064074793390893e-06,0.15588547673868197,0.0002884384631813594,0.0,0.0,nan,0,-0.07999714365565694,-4.089152056908946e-09,-1.7892228197656331e-06,-9.933129774261605e-12,2
8.89,4.0,7.126727066533313e-05,-5.757020151685359e-05,19.620176603631293,0.0651118244141359,0.006637231226765313,4,-2.1860518204484813e-06,-0.007402520253305326,-9.637213418015357e-05,9.810174574723034,0.04162166911553985,0.008485408449872552,6,-1.7147786884469385e-06,0.1558865587719623,0.00013802107393178203,0.0,0.0,nan,0,-0.07999713526101598,-4.948462672461945e-09,-1.4322606144803836e-06,-9.93296634943238e-12,2
8.895,4.0,7.131593498870658e-05,6.277302824730931e-05,19.62022119704112,0.06313540255309483,0.006435748294480608,4,-2.186068940732838e-06,-0.007402762322976729,-7.06906577556558e-06,9.81021732377973,0.041226691208980724,0.008404847690590548,6,-1.7185929892041263e-06,0.1558866725711009,-7.162518810023902e-05,0.0,0.0,nan,0,-0.0799971314296446,-7.156494489804875e-10,-2.202616829796819e-07,-9.93338112875438e-12,2
8.9,4.0,7.18711429549054e-05,0.00014207731509097415,19.6201780429943,0.041899808393095775,0.004271093595713498,4,-2.1860641335504083e-06,-0.007402515107081495,9.580162739331461e-05,9.810176639793124,0.03100266895290934,0.006320511870734903,6,-1.7171914072217076e-06,0.15588579054121068,-0.0002538001319738351,0.0,0.0,nan,0,-0.07999713283608344,8.671499066012113e-10,6.65300702138595e-07,-9.927118582717075e-12,2
8.905,4.0,7.267091618391719e-05,0.0001651460600985262,19.620133761439845,0.005787493975475967,0.0005899545890813789,4,-2.1860614593700867e-06,-0.007401836947069509,0.00015759365931141206,9.810133064007273,0.005956060547770595,0.0012142670255152778,6,-1.7114078045901704e-06,0.15588423300212162,-0.0003386608727590304,0.0,0.0,nan,0,-0.0799971386224099,1.0383750189121467e-09,1.517668838762966e-06,-9.934987843515618e-12,2
8.91,4.0,7.33978927001912e-05,0.00011873862024173819,19.619960300099358,0.04408886439223249,0.004494286809745402,4,-2.186049483425545e-06,-0.007401060234000086,0.0001407687018645967,9.809961177622963,0.029053143763170277,0.005923192403542233,6,-1.7029190693199081e-06,0.15588264970686858,-0.0002754284393135545,0.0,0.0,nan,0,-0.07999714712317078,3.372378770070922e-09,1.7171938966466416e-06,-9.929872823996567e-12,2
8.915000000000001,4.0,7.371701057058857e-05,1.1725220457925736e-05,19.619746124182853,0.06821983606374155,0.006954201714124662,4,-2.186027034754151e-06,-0.0074005736474577685,5.796717550817304e-05,9.809747788321722,0.043195376458168594,0.008806623246642832,6,-1.6960299630830455e-06,0.1558817643969692,-8.56134770299023e-05,0.0,0.0,nan,0,-0.07999715403477536,5.328407729319989e-09,9.361003999048169e-07,-9.934167166655818e-12,2
8.92,4.0,7.346003637971065e-05,-9.720392037902063e-05,19.619817228475437,0.05670041011739561,0.00577991216300454,4,-2.1860127704352583e-06,-0.007400546655663301,-4.008193632050764e-05,9.809819461023194,0.03917249167405253,0.007986383812606216,6,-1.6946748241791765e-06,0.1558819147740597,0.00012136481178042,0.0,0.0,nan,0,-0.07999715540422825,4.977440780081952e-10,-1.980930925674184e-07,-9.933486821986328e-12,2
8.925,4.0,7.279095660455325e-05,-0.00015588767334244,19.619813084800974,0.027825400472005074,0.002836459282434325,4,-2.1860141817438283e-06,-0.007401023434538761,-0.00013414712615198373,9.809814170549533,0.021066935119275255,0.0042950732303413475,6,-1.698103106670401e-06,0.15588298102758508,0.0002741137907189142,0.0,0.0,nan,0,-0.07999715197458414,-5.891961673568471e-10,-1.1027176586429587e-06,-9.928965993830056e-12,2
8.93,4.0,7.199350342490475e-05,-0.0001513916566882813,19.619936595659084,0.019346006101208207,0.0019720763119579618,4,-2.1860251757030436e-06,-0.007401806754183972,-0.00016323175771521236,9.809936795245758,0.012269570026935172,0.0025014575084482582,6,-1.7056848632610033e-06,0.15588448219546544,0.0002987024417730915,0.0,0.0,nan,0,-0.07999714438188324,-3.6881146163195536e-09,-1.7580287263808215e-06,-9.931392497272676e-12,2
8.935,4.0,7.141799995552586e-05,-7.548707336459264e-05,19.620128144420278,0.06154018240428611,0.006273168243479325,4,-2.18604796355798e-06,-0.007402507641462875,-0.00010946267486839679,9.810126031349045,0.04037281057536512,0.008230844424699655,6,-1.7143138256806023e-06,0.15588567898144998,0.00016902881175102775,0.0,0.0,nan,0,-0.07999713573018263,-4.8190715577503925e-09,-1.5638567312111317e-06,-9.93984973218506e-12,2
8.94,4.0,7.137234439300142e-05,4.546596561171755e-05,19.62024010958734,0.06521190194826977,0.006647411202312889,4,-2.1860682465069114e-06,-0.007402819454743191,-2.210270473063155e-05,9.810236088674142,0.04195998861367848,0.00855432799667707,6,-1.7190747063008938e-06,0.15588595684570983,-3.9284161212358796e-05,0.0,0.0,nan,0,-0.07999713094906874,-1.7727762937084055e-09,-3.9593195036398e-07,-9.937457867700808e-12,2
8.945,4.0,7.186439941602486e-05,0.00013325124810356322,19.620167539335704,0.0462969075571317,0.004719318269256656,4,-2.1860648935674576e-06,-0.007402653089860833,8.041697049930238e-05,9.810165776323164,0.033867974857213226,0.006904669223623843,6,-1.7183718063265574e-06,0.15588521882140222,-0.00022958908278070968,0.0,0.0,nan,0,-0.07999713165537134,1.2436318588812279e-09,5.267874488456461e-07,-9.933790579005866e-12,2
8.950000000000001,4.0,7.26448207289948e-05,0.00016586603326005592,19.620153641881934,0.010373574909301112,0.0010574407416624179,4,-2.1860622290773013e-06,-0.007402025283004443,0.0001527081615675293,9.81015275477512,0.009334866076985563,0.0019031031035560155,6,-1.713264156454064e-06,0.15588373098901137,-0.00033449502285091927,0.0,0.0,nan,0,-0.07999713676573539,7.084107745399971e-10,1.4095305906904234e-06,-9.939710288173165e-12,2
8.955,4.0,7.340651857512565e-05,0.00013048589205037742,19.619988847237384,0.037382946826634664,0.0038107001097402167,4,-2.1860520908398295e-06,-0.007401237655376316,0.00014898645996753605,9.809989518568687,0.024364694677487125,0.0049673232843661635,6,-1.7049516995090719e-06,0.15588210205949646,-0.0002953931438850575,0.0,0.0,nan,0,-0.07999714508838024,3.074784785060642e-09,1.744268175568543e-06,-9.932963684897123e-12,2
8.96,4.0,7.380836074188566e-05,3.100712683132484e-05,19.619768831087917,0.06773850394038802,0.00690512763158096,4,-2.1860312234972534e-06,-0.007400687405324184,7.19044508365551e-05,9.809769984673087,0.042993575426483195,0.008765460452927422,6,-1.6974713517234341e-06,0.15588107036341767,-0.00011883233337599329,0.0,0.0,nan,0,-0.07999715258964507,5.27423997015299e-09,1.1330205529126903e-06,-9.938062717204623e-12,2
8.965,4.0,7.363736192604046e-05,-8.313363490357392e-05,19.619801504013083,0.05967493468388421,0.006083133376418528,4,-2.186013220842331e-06,-0.0074005844536436565,-2.364205915840947e-05,9.809803978902908,0.04022355807746852,0.00820068538861201,6,-1.6952253807586692e-06,0.15588105880687386,9.085497451191682e-05,0.0,0.0,nan,0,-0.07999715485366837,1.2020241451623678e-09,-5.4387099505624834e-08,-9.940100198499417e-12,2
8.97,4.0,7.301537957326697e-05,-0.00015031410525210033,19.619810005100423,0.03375029662780691,0.0034404305259870594,4,-2.186013733310871e-06,-0.007400987261301954,-0.00012282841918943776,9.809811057199546,0.02513802705144075,0.005125078741040915,6,-1.6979505801442696e-06,0.15588200399338664,0.000257221841050031,0.0,0.0,nan,0,-0.0799971521280062,-3.6828010058363364e-10,-9.569772403955165e-07,-9.940173029129832e-12,2
8.975,4.0,7.221596462192297e-05,-0.00015704344785599802,19.6199087596696,0.012585724127460217,0.0012829543991897912,4,-2.1860223423444958e-06,-0.007401746446007386,-0.00016402726985239715,9.809909264958932,0.008168773220721307,0.0016654125945690904,6,-1.705014009721617e-06,0.1558834829897259,0.0003051500704757005,0.0,0.0,nan,0,-0.0799971450560173,-3.2015607062688512e-09,-1.7062487809072587e-06,-9.934896361138393e-12,2
8.98,4.0,7.158260506623115e-05,-9.17025447515037e-05,19.62009510820764,0.05604570031262736,0.005713091603636708,4,-2.1860441912491257e-06,-0.007402487951001248,-0.00012255734011275098,9.810093322123475,0.03737200785686897,0.007619093239936579,6,-1.7137814987758238e-06,0.15588477825113875,0.0001983392737963898,0.0,0.0,nan,0,-0.07999713626672904,-4.824283525496669e-09,-1.6608891298879977e-06,-9.94165095802021e-12,2
8.985,4.0,7.144246211307158e-05,2.7186020749049496e-05,19.62025561216069,0.06682380435692331,0.006811715981468226,4,-2.186066732808023e-06,-0.0074028677689299376,-3.665374245452122e-05,9.810251642454737,0.04247609527945061,0.008659532258200498,6,-1.7194466790451668e-06,0.1558852186090647,-6.452853196743602e-06,0.0,0.0,nan,0,-0.07999713057905691,-2.8940740416941547e-09,-5.853734252017727e-07,-9.942978784757661e-12,2
8.99,4.0,7.186463296886972e-05,0.00012314663331513458,19.620160313507483,0.0501045233578508,0.005107453003159856,4,-2.1860659246628056e-06,-0.0074027813672722905,6.424831904122675e-05,9.81015797345046,0.036218426280624536,0.007383861988490625,6,-1.7194717149490724e-06,0.15588463043377623,-0.00020331549109200048,0.0,0.0,nan,0,-0.07999713055487884,1.4516601734556778e-09,3.964099733863482e-07,-9.94295569211875e-12,2
8.995000000000001,4.0,7.261812003645043e-05,0.000164830406812698,19.620169402218572,0.01666190494202758,0.001698446593447202,4,-2.1860627688573275e-06,-0.007402211330767571,0.00014602231019197938,9.810168361121576,0.013619820432818138,0.0027766741469584756,6,-1.7150571177473872e-06,0.15588322730760967,-0.00032677321957165934,0.0,0.0,nan,0,-0.07999713497268154,4.550159813917665e-10,1.2876034348609414e-06,-9.940629552837554e-12,2
9.0,4.0,7.340587288966187e-05,0.0001406646095082379,19.620016583738256,0.030475671281091195,0.0031065897575591733,4,-2.1860544667899606e-06,-0.007401422556170232,0.00015516772724407006,9.810016999896225,0.019576421389197764,0.003991108555551912,6,-1.7070195674206978e-06,0.1558815711777458,-0.0003117528031479942,0.0,0.0,nan,0,-0.07999714301858366,2.7628541464083296e-09,1.7502963801786962e-06,-9.940721035214784e-12,2
9.005,4.0,7.38842818839673e-05,4.992038055238615e-05,19.61981015828124,0.06615425522883028,0.00674361828123067,4,-2.186035281653842e-06,-0.007400812902446445,8.579588419970042e-05,9.809811189701827,0.04245408545383494,0.008655433755626716,6,-1.699079395893477e-06,0.1558804035127952,-0.00015163669497582558,0.0,0.0,nan,0,-0.07999715097799004,4.83158857639134e-09,1.3095998234319735e-06,-9.942132350723688e-12,2
9.01,4.0,7.380315442606903e-05,-6.763230305299532e-05,19.61978360068067,0.062182256117206285,0.006338730067853449,4,-2.1860142733719223e-06,-0.007400635190737478,-7.6007425520395184e-06,9.809786251202421,0.04117091586794758,0.0083938456585435,6,-1.695896965976662e-06,0.15588022732649248,5.9312651554665016e-05,0.0,0.0,nan,0,-0.07999715418147793,2.0523077007269693e-09,1.0390520969154646e-07,-9.936209088842708e-12,2
9.015,4.0,7.3235000682071e-05,-0.00014326122207208408,19.619811848527004,0.03919813783264493,0.003995771023215782,4,-2.186013446443119e-06,-0.007400959452468743,-0.00010976828724138633,9.809812875864138,0.02887508403881997,0.005886979579368661,6,-1.6979116843063302e-06,0.15588104014009696,0.00023710915143664363,0.0,0.0,nan,0,-0.07999715216763623,-2.8079142028323774e-10,-8.076249939710897e-07,-9.941570133784018e-12,2
9.02,4.0,7.244253264961629e-05,-0.00016079476500135945,19.61988245226529,0.007150954177278652,0.0007289497472450973,4,-2.1860199062549712e-06,-0.007401684226544723,-0.00016264998066580923,9.809883196689118,0.005781202513486745,0.0011786485929695736,6,-1.7043751321041412e-06,0.15588247778051545,0.00030752442396509886,0.0,0.0,nan,0,-0.07999714569777833,-2.6563758392398156e-09,-1.6307656683183898e-06,-9.946695811444108e-12,2
9.025,4.0,7.17597015255171e-05,-0.00010623077409637624,19.620063045824462,0.04986921109151523,0.005083491421514916,4,-2.186040416397167e-06,-0.007402455904997008,-0.00013447422086790547,9.810061590757936,0.03319751029549604,0.006768053388527434,6,-1.7131561148436836e-06,0.15588385268858285,0.00022478470944182165,0.0,0.0,nan,0,-0.07999713689633517,-4.7672766409504285e-09,-1.7304516398695784e-06,-9.944338585918221e-12,2
9.03,4.0,7.152724142611934e-05,8.15781348352301e-06,19.620263480838645,0.06783501450205418,0.006914791390880409,4,-2.1860643034804506e-06,-0.007402902649078564,-5.080709392012837e-05,9.810259826735182,0.0427340536835572,0.008712114549116674,6,-1.7196457176918423e-06,0.1558844522914357,2.6729031093799476e-05,0.0,0.0,nan,0,-0.07999713038289494,-3.937761916485187e-09,-7.866950489628482e-07,-9.9442293399726e-12,2
9.035,4.0,7.187323575647598e-05,0.00011193432411300307,19.62016722265191,0.05342849508917835,0.005446283355576499,4,-2.1860670677796568e-06,-0.007402894943805616,4.728012463785461e-05,9.810164509905707,0.037768539571785116,0.007699878943650484,6,-1.7204494680428395e-06,0.15588401899068516,-0.0001751346619137334,0.0,0.0,nan,0,-0.07999712957643001,1.3458161687837266e-09,2.696817831610471e-07,-9.942585321717738e-12,2
9.040000000000001,4.0,7.259288789025137e-05,0.00016216125578231245,19.620180354116627,0.023011195948009617,0.0023456660981387464,4,-2.1860631112119444e-06,-0.007402390426935496,0.00013734348298048482,9.810179210820863,0.017990297096618507,0.0036676796029933437,6,-1.7167341115828516e-06,0.15588271522071492,-0.00031542491574307075,0.0,0.0,nan,0,-0.07999713329579278,3.088589864405254e-10,1.1529120497108421e-06,-9.939608147654903e-12,2
9.045,4.0,7.339786805067042e-05,0.00014918068106305586,19.620044152170276,0.02347048991702862,0.0023925012334319773,4,-2.186056591271107e-06,-0.007401610914104191,0.00015916492629106086,9.810044269891208,0.014789215789272957,0.003015117033602738,6,-1.7090759156304647e-06,0.15588105112693781,-0.0003242657481486456,0.0,0.0,nan,0,-0.07999714096055838,2.4096866307318396e-09,1.7335829004034196e-06,-9.944720502638696e-12,2
9.05,4.0,7.394591419317168e-05,6.80377242039786e-05,19.619858104845825,0.06323077487520422,0.006445589416325811,4,-2.1860390050851275e-06,-0.007400948569788252,9.938100196891824e-05,9.809859451207151,0.041430937316117425,0.008446795292468568,6,-1.700810895614857e-06,0.15587976113587493,-0.00018333883078015673,0.0,0.0,nan,0,-0.07999714924321431,4.3467318394093855e-09,1.4529740205066376e-06,-9.946876111663308e-12,2
9.055,4.0,7.395710326565666e-05,-5.1001746559886836e-05,19.619765499071256,0.06440277987120291,0.006565091705530482,4,-2.1860159722802974e-06,-0.00740069858801717,7.894873184395262e-06,9.809768230398548,0.041982738885677696,0.008559374268513586,6,-1.6966881070737405e-06,0.15587942036460783,2.7186804955621876e-05,0.0,0.0,nan,0,-0.07999715338908539,2.9877004168995696e-09,2.742255812010937e-07,-9.947158552400777e-12,2
9.06,4.0,7.344935113888288e-05,-0.00013485673811248556,19.619817214561465,0.04411324919746747,0.004496805318321461,4,-2.186013208151094e-06,-0.007400943207315967,-9.556016969395267e-05,9.809818275617939,0.03216230660822978,0.006557166647657153,6,-1.6979923065582603e-06,0.15588009313579082,0.0002144968755736876,0.0,0.0,nan,0,-0.07999715208769978,-2.938029596847133e-10,-6.616951813106058e-07,-9.946954271364245e-12,2
9.065,4.0,7.267210251952035e-05,-0.00016270732712246716,19.619858894047958,0.0073002709044636205,0.0007441716012216877,4,-2.1860178825126864e-06,-0.0074016255794531844,-0.00015948642993244674,9.809859799738454,0.0070847023011480475,0.0014444043943088638,6,-1.7038118058643192e-06,0.15588147315648576,0.0003062737610140217,0.0,0.0,nan,0,-0.07999714626357582,-2.102207188715882e-09,-1.537511876702546e-06,-9.946136259039704e-12,2
9.07,4.0,7.194812343596694e-05,-0.00011925195868295907,19.620032855967263,0.043284018642054264,0.004412226927427372,4,-2.186036698412913e-06,-0.007402417763227336,-0.00014466841853500722,9.810031763259042,0.028609445076713775,0.0058326916297790415,6,-1.7125048520430508e-06,0.15588290971946278,0.0002480004173713103,0.0,0.0,nan,0,-0.07999713755176348,-4.661157117115438e-09,-1.7772343820724009e-06,-9.94002026244165e-12,2
9.075000000000001,4.0,7.162700074839585e-05,-1.1330043630081857e-05,19.62025975040882,0.06816684388139234,0.006948617882591689,4,-2.1860611324996115e-06,-0.007402929402340854,-6.452773034196711e-05,9.81025664485903,0.04273485518098193,0.008712280774708727,6,-1.7197182913472608e-06,0.15588366288156413,5.993785032130418e-05,0.0,0.0,nan,0,-0.07999713031393979,-4.734001174124019e-09,-9.925870601053657e-07,-9.942038203811206e-12,2
9.08,4.0,7.189097100988711e-05,9.92893573222616e-05,19.620178406118374,0.056676262414313616,0.005777344246435561,4,-2.1860681174885876e-06,-0.007402997868455145,3.055215980751092e-05,9.81017527571433,0.03886536538393262,0.007923480323566927,6,-1.7213539401997324e-06,0.15588338777789823,-0.00014576140458368933,0.0,0.0,nan,0,-0.07999712867135567,1.0336356855419506e-09,1.3810612383762225e-07,-9.944680534609813e-12,2
9.085,4.0,7.257024427886878e-05,0.00015795809034212122,19.62018595604734,0.02909559531946455,0.002965883746937342,4,-2.1860633607900803e-06,-0.00740256465894862,0.00012696356597268466,9.810184747239001,0.02220469727049107,0.0045268662808293,6,-1.7183282331814653e-06,0.15588219569578501,-0.00030084150757025047,0.0,0.0,nan,0,-0.07999713170186915,3.0119181909506525e-10,1.0110237892561488e-06,-9.951809054606326e-12,2
9.09,4.0,7.338381020664563e-05,0.0001560115623407401,19.62007238465808,0.016596723612353398,0.001691810640345161,4,-2.1860584298420693e-06,-0.007401803986138938,0.0001610455607263004,9.810072231045746,0.010301834877655253,0.0021002566821176375,6,-1.7111362962188292e-06,0.1558805418578908,-0.00033297693812272834,0.0,0.0,nan,0,-0.07999713889878682,2.0120307136481004e-09,1.695861369240758e-06,-9.949218238156063e-12,2
9.095,4.0,7.399377637168663e-05,8.466196805052068e-05,19.61988877921671,0.058442458524001456,0.005957470929795421,4,-2.1860423634056936e-06,-0.0074010966510764786,0.00011304277973522675,9.80989000278403,0.03892976284429352,0.00793683982863117,6,-1.7026685198220926e-06,0.1558791449576876,-0.00021362452664072396,0.0,0.0,nan,0,-0.07999714738267939,4.081807100374219e-09,1.5603526625930668e-06,-9.949779566917311e-12,2
9.1,4.0,7.409767422924925e-05,-3.3403747735454044e-05,19.619750023773324,0.06620571403060196,0.0067488845627880325,4,-2.18601844257163e-06,-0.007400775186031866,2.309550879976399e-05,9.80975267267628,0.04261024230213499,0.008687322448163238,6,-1.6976320607042794e-06,0.1558786399959907,-5.611503717109664e-06,0.0,0.0,nan,0,-0.07999715244310909,3.922224649120749e-09,4.5998276362462167e-07,-9.951190882426215e-12,2
9.105,4.0,7.365642221205324e-05,-0.00012522868974495187,19.619826143277415,0.04843365404860066,0.004937215416171879,4,-2.186012950870786e-06,-0.007400938648217388,-8.003642904979994e-05,9.809827497510886,0.03494791877944146,0.007125083247041608,6,-1.6981977933386294e-06,0.1558791651115797,0.00018934541234322364,0.0,0.0,nan,0,-0.07999715188291792,-3.2974086034008207e-10,-5.195438556445226e-07,-9.9527638464075e-12,2
9.11,4.0,7.290227774379586e-05,-0.00016274423625367617,19.619840118823905,0.012607546614786132,0.0012851834202960754,4,-2.1860163124942655e-06,-0.00740156908225384,-0.0001542164121161011,9.809841152447284,0.010710571713446861,0.0021836381541764046,6,-1.7033252743062222e-06,0.1558804700916517,0.00030104097812370993,0.0,0.0,nan,0,-0.07999714675212508,-1.5788998170577041e-09,-1.424064801730141e-06,-9.949267087969143e-12,2
9.115,4.0,7.214610248995763e-05,-0.00013067592075762807,19.620003496958983,0.03636434253401994,0.0037068640216762713,4,-2.1860330774239878e-06,-0.007402370482348528,-0.00015262512308729276,9.810002774413466,0.02380424746328634,0.004853056214290333,6,-1.711809698635991e-06,0.15588194806874858,0.0002673814098064111,0.0,0.0,nan,0,-0.07999713825098556,-4.48187091078998e-09,-1.79827550999685e-06,-9.946563472859576e-12,2
9.120000000000001,4.0,7.174201667341798e-05,-3.087145284441199e-05,19.620237491871343,0.06760105241852879,0.006890951492971059,4,-2.1860573622030366e-06,-0.007402943863748533,-7.796482735994302e-05,9.810235031834676,0.042452286766154805,0.0086546931094709,6,-1.7196094369148485e-06,0.15588284593789453,9.291668237411257e-05,0.0,0.0,nan,0,-0.07999713042701226,-5.089550766558574e-09,-1.1928974008233566e-06,-9.955366209177224e-12,2
9.125,4.0,7.191882630032395e-05,8.501163645925489e-05,19.620195068913823,0.059656024939869434,0.006081083774175952,4,-2.186068853597678e-06,-0.007403086293640166,1.4443669540576922e-05,9.810191574198068,0.03991605020652464,0.008137669872117165,6,-1.7221374689971314e-06,0.15588273196026967,-0.00011537486761942244,0.0,0.0,nan,0,-0.07999712788753854,4.472164203947111e-10,-3.801132192849301e-09,-9.953476165500106e-12,2
9.13,4.0,7.25509646536489e-05,0.00015225827885127934,19.620185934272723,0.034784747809005465,0.0035458122492349215,4,-2.186063631844093e-06,-0.007402729165338264,0.0001149085769932144,9.810184663217417,0.026147438579093542,0.005330672046802847,6,-1.7197962829743063e-06,0.15588166309590593,-0.00028308638125092926,0.0,0.0,nan,0,-0.07999713023399607,4.467977499630541e-10,8.649594676885413e-07,-9.953694657391352e-12,2
9.135,4.0,7.336441210958312e-05,0.00016106031763376592,19.620099722995036,0.010055771535971567,0.00102504795367437,4,-2.1860599615786125e-06,-0.007401996932351931,0.00016089171713547026,9.81009931331295,0.006538284388051506,0.0013329700707878918,6,-1.7131518015370273e-06,0.1558800378179362,-0.0003378715239607977,0.0,0.0,nan,0,-0.07999713688219753,1.596628679099951e-09,1.635893203224703e-06,-9.953071156140723e-12,2
9.14,4.0,7.402868004138805e-05,9.985072507955884e-05,19.61992014592603,0.05280755712275307,0.005383055255066191,4,-2.186045523523694e-06,-0.0074012539389437,0.00012576128267869691,9.80992127008328,0.035105058040031924,0.007157051942320819,6,-1.7045943848034706e-06,0.15587855095924982,-0.00024153146073560363,0.0,0.0,nan,0,-0.07999714545410211,3.7833984070631185e-09,1.6439964354619141e-06,-9.954156510169598e-12,2
9.145,4.0,7.422462173067767e-05,-1.4912856112647536e-05,19.619740305030724,0.06749635767193633,0.00688045372900573,4,-2.1860216127163323e-06,-0.007400862629722761,3.783082739823401e-05,9.809742679239495,0.043015522148934615,0.008769959326245939,6,-1.6987078316696436e-06,0.15587788411117426,-3.883738804752035e-05,0.0,0.0,nan,0,-0.07999715136461583,4.734402930194024e-09,6.567074735725374e-07,-9.954716062574012e-12,2
9.15,4.0,7.385640343570773e-05,-0.0001143024353659642,19.619830667774735,0.05216582644045375,0.005317663268739144,4,-2.1860126800596347e-06,-0.007400945829272639,-6.378259837578664e-05,9.809832516015577,0.037227933360363404,0.007589922315102712,6,-1.698502794682255e-06,0.15587825593203491,0.0001621656531951446,0.0,0.0,nan,0,-0.07999715157863524,-1.7851548323042623e-10,-3.84797151250127e-07,-9.953555213379461e-12,2
9.155,4.0,7.31331070945707e-05,-0.000160997322448379,19.619825325342852,0.01899744511924173,0.0019365559890793527,4,-2.1860151256519744e-06,-0.007401517174163313,-0.0001471691379905251,9.809826426618866,0.015023332371781575,0.003062915023861363,6,-1.7029237688384602e-06,0.1558794709764636,0.0002922471161125524,0.0,0.0,nan,0,-0.07999714715526526,-1.1040973601509156e-09,-1.2979091524315091e-06,-9.953399782156014e-12,2
9.16,4.0,7.23535898217211e-05,-0.00014048673913948946,19.619975243360937,0.029267897237390702,0.002983479527813824,4,-2.1860295971697086e-06,-0.00740231808886506,-0.00015855150967279767,9.809974907380866,0.018923480220921066,0.00385800787455294,6,-1.7111038645364895e-06,0.1558809718118162,0.00028311894070708044,0.0,0.0,nan,0,-0.07999713896074778,-4.227888104448054e-09,-1.7981698570979755e-06,-9.953512580815318e-12,2
9.165000000000001,4.0,7.18728118788529e-05,-5.0113972591573873e-05,19.62019685249585,0.06606156166908995,0.006734036581359414,4,-2.1860533747503075e-06,-0.007402948808844676,-9.112195801998686e-05,9.810194807162286,0.04191577824271453,0.008545350845043853,6,-1.7193571701171195e-06,0.15588200371329777,0.00012531665873035384,0.0,0.0,nan,0,-0.07999713068371439,-5.047120320735045e-09,-1.374949024702432e-06,-9.960620672708176e-12,2
9.17,4.0,7.19586069240007e-05,6.93628180739312e-05,19.620214035240572,0.06217789979684627,0.006338146942247043,4,-2.1860691314830316e-06,-0.007403162984392626,-1.094038285558209e-06,9.81021022818292,0.040859696550676,0.008330034851504742,6,-1.7228173826988602e-06,0.1558820524975408,-8.418801544285339e-05,0.0,0.0,nan,0,-0.07999712720779488,-3.5636202428000025e-10,-1.579340292011231e-07,-9.95794459112962e-12,2
9.175,4.0,7.25371513042728e-05,0.00014523645800541493,19.620181018092868,0.03995796137443132,0.004073149104749221,4,-2.186064033116858e-06,-0.007402884726804683,0.00010137221546569457,9.810179656628824,0.02971196870354972,0.006057375041745149,6,-1.7211552417809028e-06,0.15588111609949395,-0.00026252787289776425,0.0,0.0,nan,0,-0.07999712887508395,7.348264939296623e-10,7.199434686403941e-07,-9.955653978985212e-12,2
9.18,4.0,7.334232154204627e-05,0.000164308917555699,19.620125080656656,0.0056456680810704415,0.0005754976645522476,4,-2.1860611602031454e-06,-0.0074021901620036365,0.0001587582276800141,9.810124454182244,0.005278557426183942,0.0010761448442040084,6,-1.7151225063724573e-06,0.15587953676855762,-0.00033898630843351484,0.0,0.0,nan,0,-0.07999713491074206,1.1907397814966626e-09,1.5547468924019148e-06,-9.954397206521339e-12,2
9.185,4.0,7.405287143016645e-05,0.00011360610826363772,19.619949483931848,0.04662477165276754,0.004752792222115743,4,-2.186048441734506e-06,-0.007401421781204029,0.0001367343561189404,9.80995044762718,0.03082999161871167,0.006285453078138391,6,-1.7065886522213414e-06,0.15587797824215352,-0.0002662595913503038,0.0,0.0,nan,0,-0.07999714345736447,3.498532273714349e-09,1.7028142061123355e-06,-9.95569305883568e-12,2
9.19,4.0,7.433752244601628e-05,4.041855957082001e-06,19.61974117831609,0.06814201343392853,0.006946270372744741,4,-2.1860253930812423e-06,-0.007400962293666012,5.22255197156315e-05,9.809743079758737,0.0431765638051359,0.008802791970000867,6,-1.6999470911771564e-06,0.15587715450806444,-7.218646640976873e-05,0.0,0.0,nan,0,-0.07999715012202395,5.262996951192721e-09,8.59998530198403e-07,-9.957511160060804e-12,2
9.195,4.0,7.404765737882415e-05,-0.00010235580482958528,19.619821696751224,0.055410542245909654,0.0056484246495558,4,-2.1860125798446595e-06,-0.00740096645624489,-4.683252087898727e-05,9.809823841287928,0.038725795776603525,0.007895309111181598,6,-1.6989206032408388e-06,0.15587736894035645,0.0001332692712010538,0.0,0.0,nan,0,-0.0799971511613749,2.7090432391654136e-10,-2.515731504687087e-07,-9.960284941265527e-12,2
9.200000000000001,4.0,7.336184772043185e-05,-0.00015763981203990429,19.619815252814767,0.02533952949332594,0.002583054852128701,4,-2.1860143096449902e-06,-0.007401471383733565,-0.00013817995097601776,9.809816361816198,0.019356294588851203,0.003946311301849398,6,-1.7026288542595913e-06,0.15587848008233063,0.00027990074473935463,0.0,0.0,nan,0,-0.07999714745144389,-7.171212290116655e-10,-1.1601261904646385e-06,-9.960201452494076e-12,2
9.205,4.0,7.256793016904452e-05,-0.00014857304901444072,19.619947566609085,0.022149991946781397,0.002257905315147545,4,-2.1860263398135182e-06,-0.007402261420708273,-0.0001622617011126018,9.809947624034498,0.014113183809309,0.002877320929773675,6,-1.7104033591744394e-06,0.155879984441865,0.00029491576808785133,0.0,0.0,nan,0,-0.07999713966495861,-3.873921258391901e-09,-1.7751785324769503e-06,-9.961503522057357e-12,2
9.21,4.0,7.201818091160026e-05,-6.844782409482288e-05,19.620144738560803,0.06316685525611895,0.006438979538410116,4,-2.1860494737804825e-06,-0.007402943390087841,-0.00010417436882750456,9.810142589521453,0.04095518932358836,0.008349560457425765,6,-1.7189635167988437e-06,0.15588113656569147,0.00015670324712215958,0.0,0.0,nan,0,-0.07999713108171685,-4.853575586717709e-09,-1.521332059119928e-06,-9.961179336934168e-12,2
9.215,4.0,7.201052786441368e-05,5.253666253381042e-05,19.620233324023097,0.06438920751097335,0.006563551660941252,4,-2.1860687203292817e-06,-0.007403227577690381,-1.6219793816411118e-05,9.81022931289183,0.04165661590586815,0.008492485665167136,6,-1.723371800800566e-06,0.15588134881171184,-5.2235778277233306e-05,0.0,0.0,nan,0,-0.07999712665423608,-1.3557088118246543e-09,-3.275552054294414e-07,-9.957868207785527e-12,2
9.22,4.0,7.252855345583727e-05,0.00013687474503997716,19.62017200627897,0.04459190240781542,0.004545515950986041,4,-2.1860646724526644e-06,-0.007403029406746183,8.658665697474689e-05,9.810170408239316,0.0327751781252981,0.006681877431562463,6,-1.722400513402833e-06,0.1558805530207281,-0.00023938027533303028,0.0,0.0,nan,0,-0.07999712762962116,1.1075358497522255e-09,5.786967435474248e-07,-9.961255720278263e-12,2
9.225,4.0,7.331731412747168e-05,0.00016573031922793578,19.62014677242614,0.008115807248070392,0.0008272932248882283,4,-2.186062062647931e-06,-0.007402381109892468,0.00015474493971696438,9.81014595201064,0.0077889653258536974,0.0015879407633598579,6,-1.7170262068197384e-06,0.15587903636893582,-0.0003363940960197961,0.0,0.0,nan,0,-0.07999713300658734,8.371922666769091e-10,1.4544855681208229e-06,-9.954202695447425e-12,2
9.23,4.0,7.406590444162513e-05,0.00012593518499436987,19.6199782252,0.040070266440053,0.004084639236611032,4,-2.1860511467824972e-06,-0.007401597311403213,0.0001458269921780838,9.809978995574983,0.026236392269238337,0.005348919152848923,6,-1.708622317596331e-06,0.1558774243860467,-0.0002876809780023724,0.0,0.0,nan,0,-0.07999714142144222,3.2064399091965766e-09,1.7394200614699212e-06,-9.960373759107504e-12,2
9.235,4.0,7.443531359442548e-05,2.333546075767415e-05,19.619757495439725,0.06799699715384137,0.006931481917617596,4,-2.1860295294010013e-06,-0.00740107242679698,6.632570392149507e-05,9.809758857195312,0.0430752299424216,0.0087821180050367,6,-1.701338413033493e-06,0.15587645049838322,-0.00010557992926490183,0.0,0.0,nan,0,-0.07999714872701397,5.373056002842788e-09,1.0613844175121793e-06,-9.960519420368332e-12,2
9.24,4.0,7.42296565027615e-05,-8.887057555526525e-05,19.61980767202739,0.05851301538738398,0.005964687968965967,4,-2.186012856043862e-06,-0.007400999525986279,-3.0096930520531496e-05,9.809810091298493,0.03979554052825601,0.008113417111622882,6,-1.6994341387535639e-06,0.1558765036609409,0.00010304877773372399,0.0,0.0,nan,0,-0.07999715064801144,9.113516617461819e-10,-1.105716473260407e-07,-9.961552371870445e-12,2
9.245000000000001,4.0,7.358850030030383e-05,-0.0001526246422607976,19.61981020239352,0.031418913141234885,0.003202774422089153,4,-2.1860137753189346e-06,-0.00740143209083722,-0.0001274527394454372,9.809811280327098,0.023531089014101916,0.004797460081885958,6,-1.7024321456032832e-06,0.15587749778845228,0.0002641586896098907,0.0,0.0,nan,0,-0.07999714764913513,-4.469067133597656e-10,-1.0148567917365846e-06,-9.963325175996166e-12,2
9.25,4.0,7.278930020001694e-05,-0.00015490508531684573,19.61991929524201,0.015221450556450107,0.0015516323311423033,4,-2.1860233615847435e-06,-0.007402201464896332,-0.00016382458499104968,9.80991968061196,0.009695377337131257,0.0019766476490715654,6,-1.7097135368640548e-06,0.15587898676925088,0.00030281101446335575,0.0,0.0,nan,0,-0.0799971403582074,-3.4150631486610044e-09,-1.7308056096475121e-06,-9.962403246796515e-12,2
9.255,4.0,7.217852299861551e-05,-8.541114917117507e-05,19.620107633016506,0.05829827535016469,0.005942706986179931,4,-2.186045683808674e-06,-0.0074029271808053075,-0.00011717220378604756,9.810105697385245,0.038892614670283765,0.007929091871181385,6,-1.718453040311374e-06,0.1558802436691817,0.0001866647333658241,0.0,0.0,nan,0,-0.07999713159643156,-4.84385282190223e-09,-1.6292596462477823e-06,-9.961720237591764e-12,2
9.26,4.0,7.207649191203924e-05,3.467947498515968e-05,19.620250599829106,0.06619855434135531,0.006747982550430004,4,-2.186067523002322e-06,-0.007403279816408364,-3.09192533195293e-05,9.810246554445191,0.04226329908063162,0.008616154312957891,6,-1.7237868065109185e-06,0.15588061874287312,-1.967880500213581e-05,0.0,0.0,nan,0,-0.07999712624087599,-2.4702266169810206e-09,-5.11834140086997e-07,-9.964600600206855e-12,2
9.265,4.0,7.252764141298936e-05,0.00012735644519670683,19.620162237751373,0.04861237693844147,0.004955349130080673,4,-2.1860656096127362e-06,-0.007403161997677656,7.068248695683187e-05,9.810160111730264,0.0353208782431083,0.007200877017465638,6,-1.7235292944575709e-06,0.15587997018182448,-0.00021395747923382897,0.0,0.0,nan,0,-0.07999712650035123,1.403938079623489e-09,4.455014715124999e-07,-9.967585767875466e-12,2
9.27,4.0,7.329269952011097e-05,0.00016540749386953293,19.620164065555855,0.01407476318776317,0.0014347243112479468,4,-2.1860626794080462e-06,-0.007402568696818235,0.00014875593451716483,9.810163072787237,0.011854911748067397,0.002416863340621149,6,-1.7188448189833783e-06,0.15587853223022222,-0.0003300819392087485,0.0,0.0,nan,0,-0.07999713118780674,5.487393802114038e-10,1.3369591697653289e-06,-9.958888724789761e-12,2
9.275,4.0,7.407080379670674e-05,0.00013672555480257804,19.62000627139424,0.03324674369679011,0.0033890655524675857,4,-2.1860536162550404e-06,-0.007401780074117814,0.00015276999320730023,9.810006806302477,0.02148797964521609,0.004380828692475739,6,-1.7106822217533013e-06,0.15587688591079082,-0.0003054140225733984,0.0,0.0,nan,0,-0.07999713935951694,2.899643774921489e-09,1.7525894973903673e-06,-9.962675917571362e-12,2
9.28,4.0,7.451913706225057e-05,4.2396045535973747e-05,19.619791850688276,0.06691675242846998,0.006821351922357167,4,-2.186033704183049e-06,-0.007401194310657625,8.010918833552928e-05,9.809792872314983,0.042700006358309776,0.008705587755846905,6,-1.7028899156612542e-06,0.155875772221792,-0.00013842367217672236,0.0,0.0,nan,0,-0.07999714717178492,5.055975214550389e-09,1.2477209312679493e-06,-9.966595448937499e-12,2
9.285,4.0,7.440157808158235e-05,-7.398272185401907e-05,19.6197902677837,0.061173656252477705,0.00623591337293006,4,-2.186013646092444e-06,-0.0074010467559149,-1.4023987653984744e-05,9.809792892695043,0.04078133476008584,0.008314412996517806,6,-1.7000677891357285e-06,0.15587566263393812,7.208830746243754e-05,0.0,0.0,nan,0,-0.07999715001401939,1.7116725477536394e-09,4.0774881790263136e-08,-9.96763017679645e-12,2
9.290000000000001,4.0,7.381124795399863e-05,-0.00014619786871425186,19.619810226368624,0.03705352093051431,0.003777153856535792,4,-2.186013432020628e-06,-0.007401402951531651,-0.00011518061737102623,9.809811277320236,0.02740077604105478,0.005586402279604282,6,-1.7023626686166193e-06,0.15587652956777198,0.00024546012030250323,0.0,0.0,nan,0,-0.07999714771940383,-3.0619251750883015e-10,-8.671392178836821e-07,-9.970521197552577e-12,2
9.295,4.0,7.301532284427714e-05,-0.00015943035210079363,19.619892407940085,0.00901342901487348,0.0009188051419920922,4,-2.186020759589735e-06,-0.00740214238557949,-0.00016335890926780358,9.809893064550689,0.00638907086048528,0.001302577065508086,6,-1.7090780753889478e-06,0.1558779853352003,0.000306870931851678,0.0,0.0,nan,0,-0.07999714099671931,-2.891808803919016e-09,-1.6651015721061524e-06,-9.9682634480097e-12,2
9.3,4.0,7.235184817086994e-05,-0.0001004673176881997,19.62007490395277,0.052426058776363305,0.005344124223073303,4,-2.186041910857972e-06,-0.007402902676699053,-0.00012978928562177585,9.810073281696086,0.034930179955054035,0.007121288282367423,6,-1.7178806056353246e-06,0.1558793295094454,0.00021433831005861383,0.0,0.0,nan,0,-0.07999713217308763,-4.802946305505795e-09,-1.7094049701150238e-06,-9.968418879233148e-12,2
9.305,4.0,7.215662611228526e-05,1.5978988179679206e-05,19.62026206605326,0.06746647329989071,0.006877224480769844,4,-2.186065455322961e-06,-0.00740332233616037,-4.515180680925543e-05,9.810258225700025,0.042627470467310496,0.008690387039076895,6,-1.724072403695709e-06,0.15587986479959876,1.3254561647038636e-05,0.0,0.0,nan,0,-0.07999712595779493,-3.5647032960453907e-09,-7.085818107802167e-07,-9.961931624055657e-12,2
9.31,4.0,7.253431077705438e-05,0.00011658292822752868,19.620164057252477,0.052045742554781255,0.005305332045431379,4,-2.186066739677528e-06,-0.007403283423080516,5.413551550623135e-05,9.81016147548424,0.03730649607660143,0.0076056844058746634,6,-1.7245693835141185e-06,0.15587936861066898,-0.00018663666444560916,0.0,0.0,nan,0,-0.0799971254595806,1.4094543124273606e-09,3.191305266609278e-07,-9.969034386877998e-12,2
9.315,4.0,7.326825350466414e-05,0.00016338822251330971,19.62017708329164,0.020455183303108655,0.002085117093110041,4,-2.186063105241026e-06,-0.007402752017019122,0.00014096934513325914,9.810175962712583,0.01622350390888985,0.0033074847934539873,6,-1.7205817669369017e-06,0.1558780236708762,-0.00032027575208661463,0.0,0.0,nan,0,-0.07999712945088147,3.5344330578803704e-10,1.2076215017710512e-06,-9.96840644473527e-12,2
9.32,4.0,7.406711867172655e-05,0.0001459063726018988,19.62003372783323,0.02629266951653887,0.002680185965148444,4,-2.186055849961316e-06,-0.0074019681297194185,0.0001576889342304773,9.810033976202789,0.016706366646934437,0.0034059752876413668,6,-1.712755115818032e-06,0.15587636132758698,-0.000319513455000083,0.0,0.0,nan,0,-0.07999713728483773,2.5667881456400644e-09,1.7452229978235821e-06,-9.967799818874617e-12,2
9.325000000000001,4.0,7.458778818135139e-05,6.0832302131637725e-05,19.619839686068023,0.06455024100864563,0.006580098720631497,4,-2.1860375672595744e-06,-0.007401326653100331,9.387260884686038e-05,9.809840908458481,0.04189074106229657,0.0085405546233021,6,-1.7045852501937353e-06,0.15587511959081715,-0.00017062302287364735,0.0,0.0,nan,0,-0.0799971454730359,4.542790408788822e-09,1.404896237127296e-06,-9.967689684750575e-12,2
9.33,4.0,7.456153478317039e-05,-5.781860153229607e-05,19.61977202025877,0.06351248741726749,0.006474334905796709,4,-2.186015102500355e-06,-0.007401105594135354,1.7384118208741984e-06,9.809774765782091,0.04164958216461657,0.008491445147119242,6,-1.7008165828572008e-06,0.15587484519479064,4.016211409265651e-05,0.0,0.0,nan,0,-0.07999714926421783,2.6251847816113565e-09,2.075368963884612e-07,-9.964843072915434e-12,2
9.335,4.0,7.40288909035212e-05,-0.00013832955914180908,19.619814330114927,0.042166622661344105,0.004298371223281307,4,-2.1860131818284e-06,-0.007401382115254203,-0.00010134326533589816,9.80981538239271,0.030890236089746153,0.006297822106864507,6,-1.7023971962196183e-06,0.15587557476951078,0.00022375478513689875,0.0,0.0,nan,0,-0.07999714768557499,-2.8479718222760276e-10,-7.185692943492798e-07,-9.97415473546757e-12,2
9.34,4.0,7.324495862166922e-05,-0.00016205810562216303,19.619867627929086,0.006272042871777314,0.0006393562883012519,4,-2.1860185687831712e-06,-0.00740208194030228,-0.00016083361993246204,9.809868479518101,0.006115153353995527,0.001246735033555909,6,-1.7084778039105908e-06,0.1558769789367438,0.000306973722493038,0.0,0.0,nan,0,-0.0799971415996302,-2.3345035983793667e-09,-1.5773421464027709e-06,-9.973314518682531e-12,2
9.345,4.0,7.253709695486762e-05,-0.00011406718563444704,19.620044336541838,0.04596505065987974,0.004685519550460036,4,-2.18603816005275e-06,-0.007402866261078641,-0.0001406372264937093,9.8100430791423,0.03047835036101955,0.006213703673905639,6,-1.7172252438565905e-06,0.1558783915292714,0.00023878644534593632,0.0,0.0,nan,0,-0.07999713283264884,-4.7208824298109245e-09,-1.7635519645702975e-06,-9.971510628312118e-12,2
9.35,4.0,7.225179412996624e-05,-3.315609649903811e-06,19.620263127234143,0.06807530648925833,0.006939285783050033,4,-2.1860625263360467e-06,-0.0074033515890722205,-5.902163589915084e-05,9.810259757096963,0.042727563652703436,0.008710791500050415,6,-1.724179682749405e-06,0.15587908257035574,4.641931505081667e-05,0.0,0.0,nan,0,-0.07999712585389353,-4.473753589752418e-09,-9.137604825458328e-07,-9.967965908239093e-12,2
9.355,4.0,7.254993765617734e-05,0.00010463412911742738,19.62017351329444,0.05533592648707443,0.005640717341218144,4,-2.1860678331153682e-06,-0.007403389852455037,3.714278296030574e-05,9.810170524993675,0.0383974587623455,0.007828092012166171,6,-1.7254890934889633e-06,0.15587874310065963,-0.00015769480629122633,0.0,0.0,nan,0,-0.07999712453922586,1.1843666652397091e-09,1.8954444056633658e-07,-9.971515957382635e-12,2
9.36,4.0,7.324629283631868e-05,0.00015980686597317757,19.62018476860896,0.0266514164625593,0.002716734503458893,4,-2.1860633708965793e-06,-0.007402927775907136,0.00013121964173209142,9.810183573667889,0.020508578277276215,0.0041810794106492645,6,-1.7221968198963267e-06,0.15587750507956033,-0.0003069443656312623,0.0,0.0,nan,0,-0.07999712783601151,2.8784708666487007e-10,1.0673123526469435e-06,-9.974052594949299e-12,2
9.365,4.0,7.40571783275394e-05,0.00015339630521070069,19.620061765889197,0.019354353365819327,0.0019729146214481526,4,-2.1860578086306537e-06,-0.007402159128091982,0.0001603782169473067,9.810061726268572,0.012047490984778385,0.002456149883852129,6,-1.7148081313464458e-06,0.1558758459570641,-0.0003296923437967739,0.0,0.0,nan,0,-0.07999713523031221,2.1813322046967603e-09,1.7147537140786325e-06,-9.974081016658727e-12,2
9.370000000000001,4.0,7.464279858107939e-05,7.814372704723615e-05,19.619876875110858,0.060498888331840105,0.006167101732283248,4,-2.1860410649304773e-06,-0.007401469677134118,0.0001073378778562868,9.809878163423509,0.040321213261751206,0.008220532934260148,6,-1.7063938450231908e-06,0.15587449129684428,-0.00020139939025581234,0.0,0.0,nan,0,-0.0799971436613921,4.211515815254162e-09,1.5244390395744883e-06,-9.9745846138227e-12,2
9.375,4.0,7.470925319890339e-05,-4.062626213592109e-05,19.619754922874083,0.06550135058175734,0.006677081425251778,4,-2.1860172474130746e-06,-0.007401177666018531,1.69080889629416e-05,9.809757663958209,0.04235430580484237,0.008635138044328106,6,-1.7016980662434844e-06,0.15587405324228393,7.800424112925538e-06,0.0,0.0,nan,0,-0.07999714838103827,3.580245925559298e-09,3.8604702942295374e-07,-9.96972094879642e-12,2
9.38,4.0,7.424053116524561e-05,-0.00012920425576575835,19.61982217420644,0.04673868280566755,0.0047644349057468435,4,-2.1860129356364444e-06,-0.007401374276115388,-8.649311261708413e-05,9.809823388296591,0.03386744012911875,0.006904801195406557,6,-1.702559221453126e-06,0.15587463898576898,0.00019977965561767986,0.0,0.0,nan,0,-0.0799971475242447,-3.3346551203825765e-10,-5.754249037711153e-07,-9.974403425425077e-12,2
9.385,4.0,7.347649011610743e-05,-0.00016286734197046973,19.619846937769545,0.010179737660247766,0.0010376979690551078,4,-2.1860168053708384e-06,-0.0074020267473621105,-0.00015653816151214078,9.809847933571104,0.00908076183060473,0.0018513562885167042,6,-1.7079715879178559e-06,0.1558759759096008,0.0003034878270119637,0.0,0.0,nan,0,-0.07999714210805836,-1.798389719755191e-09,-1.4729911794687076e-06,-9.971275261030893e-12,2
9.39,4.0,7.273276995018753e-05,-0.00012613274569450432,19.620014828524457,0.03921386833922606,0.00399733320101422,4,-2.186034498072309e-06,-0.007402825281407251,-0.00014956009329380839,9.810013939468034,0.025776292352379444,0.005255098007287278,6,-1.7165636089708225e-06,0.15587743857552933,0.00025977519881366547,0.0,0.0,nan,0,-0.07999713349839446,-4.574919119039491e-09,-1.7955148265008216e-06,-9.97252492806741e-12,2
9.395,4.0,7.23621467293366e-05,-2.2846508084048627e-05,19.620249318053403,0.06791986957169945,0.006923446126569204,4,-2.1860589692092314e-06,-0.007403373633148997,-7.24875609597666e-05,9.810246587874126,0.04257040283482287,0.008678763057279654,6,-1.724163564559289e-06,0.15587827796239087,7.941646516742795e-05,0.0,0.0,nan,0,-0.07999712587401762,-5.027427830429956e-09,-1.1178146727822245e-06,-9.981606552408844e-12,2
9.4,4.0,7.25753707039869e-05,9.106610939202186e-05,19.62018813912629,0.05845912393984095,0.00595907883505588,4,-2.1860687276255286e-06,-0.007403486379959443,2.084753387601478e-05,9.81018475666763,0.03947053553610777,0.00804684855894912,6,-1.726339308581737e-06,0.1558780978973071,-0.00012783121084339487,0.0,0.0,nan,0,-0.07999712368856507,7.094625492073606e-10,5.296623707999894e-08,-9.976978254663788e-12,2
9.405,4.0,7.322751995600266e-05,0.00015472577953583354,19.62018695986547,0.03249555845665809,0.00331246165218814,4,-2.1860636198571537e-06,-0.007403098262666111,0.00011989920257764864,9.810185704647505,0.02455961758715424,0.005006962829565866,6,-1.7237311923587462e-06,0.15587697804302372,-0.00029054251338887804,0.0,0.0,nan,0,-0.07999712630183896,3.7065766639168095e-10,9.227582599937059e-07,-9.975837833572893e-12,2
9.41,4.0,7.404182184682168e-05,0.00015916667128698441,19.62008935440358,0.012635645589378996,0.001288031400992883,4,-2.186059464916873e-06,-0.007402354013685469,0.00016103574723477272,9.810089046891123,0.007919803905457302,0.0016146242643877195,6,-1.716858190552173e-06,0.1558753399045957,-0.00033611991349495065,0.0,0.0,nan,0,-0.0799971331790456,1.773081320931256e-09,1.6635012997163084e-06,-9.976144255127689e-12,2
9.415000000000001,4.0,7.468461562230746e-05,9.376876610777204e-05,19.619908194145292,0.05515577631376163,0.0056224296024199,4,-2.1860443026600063e-06,-0.007401625121723359,0.00012063656785541753,9.809909383502234,0.036700314593717434,0.007482294312613734,6,-1.7083118445185286e-06,0.15587388863148305,-0.00023032279263575812,0.0,0.0,nan,0,-0.07999714174060378,3.916153803072662e-09,1.6167611434651402e-06,-9.976422254973055e-12,2
9.42,4.0,7.484309741879081e-05,-2.2555455985230304e-05,19.619742680657776,0.06700010210897538,0.006829865528769424,4,-2.1860201760114106e-06,-0.0074012625118202715,3.183625757949465e-05,9.809745219059621,0.042849337478005164,0.008736075508821986,6,-1.7027391357518629e-06,0.15587328795258995,-2.5198223962353923e-05,0.0,0.0,nan,0,-0.07999714733748908,4.455486244890581e-09,5.794962466875615e-07,-9.974463821557616e-12,2
9.425,4.0,7.444443979345307e-05,-0.00011886336220081526,19.619829809239015,0.05068425773962648,0.005166635820231138,4,-2.186012660145009e-06,-0.0074013782977413066,-7.046362751924157e-05,9.80983148296487,0.03634224335357561,0.0074093512037765865,6,-1.7028407680377833e-06,0.15587372280912432,0.00017340960365926685,0.0,0.0,nan,0,-0.07999714724342252,-2.7633350446896423e-10,-4.373913369669185e-07,-9.975227654998559e-12,2
9.43,4.0,7.370799958260243e-05,-0.00016183514601234546,19.61983054430927,0.01633392455888467,0.001665042368433944,4,-2.1860154724544223e-06,-0.007401974258168924,-0.0001501605209145873,9.809831635238996,0.01321774488494096,0.0026947954616183254,6,-1.7075466050564536e-06,0.15587497562293234,0.00029607831717402773,0.0,0.0,nan,0,-0.0799971425348231,-1.2986399066675447e-09,-1.3506351020725165e-06,-9.978616055669714e-12,2
9.435,4.0,7.293743755926772e-05,-0.00013656867284820562,19.619986174171363,0.032187074048430554,0.0032810496157028974,4,-2.1860309569361747e-06,-0.007402775889126949,-0.00015623576443718324,9.809985665402078,0.020921274150502434,0.004265301676084548,6,-1.715866118336129e-06,0.1558764682292648,0.0002768871238433126,0.0,0.0,nan,0,-0.07999713419987523,-4.351670055359505e-09,-1.8024666486187832e-06,-9.975931092306958e-12,2
9.44,4.0,7.248774748498387e-05,-4.2193535182323534e-05,19.62021533148179,0.0667838255551939,0.006807654699694892,4,-2.186055018789379e-06,-0.007403383196637843,-8.570302893592141e-05,9.810213145933474,0.04213359595419195,0.008589741186542344,6,-1.7239669016164139e-06,0.15587744564038264,0.00011197928698942508,0.0,0.0,nan,0,-0.07999712607508,-5.119569662372127e-09,-1.3079624966925828e-06,-9.98348327340967e-12,2
9.445,4.0,7.261163616324617e-05,7.597713313713576e-05,19.620206516713665,0.06112648963250021,0.00623097311238075,4,-2.1860691899015794e-06,-0.007403568311413835,5.150594070486546e-06,9.810202800688092,0.040453779652697024,0.008247287130467797,6,-1.7270608679703647e-06,0.15587742728019457,-9.704496802171361e-05,0.0,0.0,nan,0,-0.07999712296699243,-1.6999392950280446e-11,-9.610991824777728e-08,-9.981798398947502e-12,2
9.450000000000001,4.0,7.32129825871836e-05,0.0001482401472751001,19.62018353046114,0.03787891898865752,0.0038612196394441412,4,-2.186063953295292e-06,-0.00740325798221121,0.00010697663801808704,9.810182193173526,0.028284261596305656,0.005766307095904382,6,-1.7251327832021324e-06,0.1558764360184638,-0.00027113398979183227,0.0,0.0,nan,0,-0.07999712490036373,6.085031323807206e-10,7.766553538558933e-07,-9.980710380383369e-12,2
9.455,4.0,7.402226912364639e-05,0.00016313192447805122,19.620115576739146,0.006892976941892147,0.0007026438672016994,4,-2.186060800511702e-06,-0.007402547619512008,0.00015970652337153778,9.810115033131815,0.005294166276239824,0.0010793280727819754,6,-1.7188490344724472e-06,0.15587483678330552,-0.0003387556160327677,0.0,0.0,nan,0,-0.07999713118731513,1.3589454442283418e-09,1.5902660778259083e-06,-9.98153194542159e-12,2
9.46,4.0,7.471451018192553e-05,0.00010808975702182065,19.619938227753117,0.04917519369541716,0.0050127776269812165,4,-2.1860473248987156e-06,-0.007401789186239798,0.00013231260742770998,9.809939276812528,0.03262360299332538,0.0066511325040384,6,-1.710283981048999e-06,0.15587330652323397,-0.0002563194963175851,0.0,0.0,nan,0,-0.07999713976589409,3.627717069019897e-09,1.6847576316633584e-06,-9.982099491431777e-12,2
9.465,4.0,7.49631905242525e-05,-3.767375784799312e-06,19.61973856630905,0.06792665868290525,0.006924318430985486,4,-2.186023736857473e-06,-0.007401358048757255,4.626235817874363e-05,9.809740707533939,0.04311080667000398,0.008789387600611018,6,-1.7039158287240896e-06,0.15587254711984966,-5.841207794405256e-05,0.0,0.0,nan,0,-0.07999714615768436,5.12429843008002e-09,7.806382156891223e-07,-9.980331128198154e-12,2
9.47,4.0,7.464069784574647e-05,-0.00010731126768201515,19.61982557955295,0.05405732484312261,0.005510479654769117,4,-2.186012452987801e-06,-0.007401394676443636,-5.3898742322449784e-05,9.809827630074198,0.03826648502781719,0.007801663081317109,6,-1.7032204013070484e-06,0.1558728266548367,0.00014529295077592155,0.0,0.0,nan,0,-0.07999714686444553,6.741697250314187e-11,-3.055206887595085e-07,-9.983588966641613e-12,2
9.475,4.0,7.393912562672335e-05,-0.00015912578464959492,19.619818387963797,0.02274325459716119,0.00231839603684747,4,-2.1860144977237095e-06,-0.007401927729433847,-0.0001420626856705986,9.809819513800917,0.017571437894313344,0.003582418182025269,6,-1.7072171905538336e-06,0.15587398169484967,0.00028527144741534243,0.0,0.0,nan,0,-0.07999714286566148,-8.692154515613568e-10,-1.21800691457159e-06,-9.981483095608507e-12,2
9.48,4.0,7.31504962378307e-05,-0.00014536650357108825,19.619958465850523,0.025082342804092127,0.002556819154102609,4,-2.186027594948403e-06,-0.0074027231067747366,-0.0001609052114216055,9.809958352881301,0.016081595368233722,0.003278626634232421,6,-1.7151751915897573e-06,0.15587548611656485,0.0002903547284131085,0.0,0.0,nan,0,-0.07999713489461313,-4.04369280809922e-09,-1.7892584045665186e-06,-9.987046645229508e-12,2
9.485,4.0,7.262860083267797e-05,-6.097071116548023e-05,19.620165474056723,0.06456362352601366,0.006581353619202102,4,-2.186051044548304e-06,-0.0074033842950621985,-9.86835230828788e-05,9.810163404167557,0.04141991269263702,0.008444285989169353,6,-1.723643481062187e-06,0.15587658961542444,0.00014373728399612163,0.0,0.0,nan,0,-0.07999712640292399,-4.923384458289972e-09,-1.4714110940764026e-06,-9.984274640381623e-12,2
9.49,4.0,7.266007803410088e-05,5.9688766918851994e-05,19.62022599937973,0.0634821457696292,0.006471092205730567,4,-2.1860690967295815e-06,-0.00740363964002547,-1.0062616401129594e-05,9.810222023179863,0.041316882950577095,0.008423230963163204,6,-1.7276813876129782e-06,0.15587673389853496,-6.554306444110078e-05,0.0,0.0,nan,0,-0.07999712234701517,-9.402797429017643e-10,-2.583839190071883e-07,-9.982212290091079e-12,2
9.495000000000001,4.0,7.320407190724017e-05,0.00014048088077429989,19.620176150561043,0.04270798177380657,0.004353475875657245,4,-2.186064486445205e-06,-0.0074034087020693595,9.273014182795573e-05,9.810174660772326,0.031549326934225304,0.00643196029126387,6,-1.7264332693375795e-06,0.155875879382236,-0.0002491279001958797,0.0,0.0,nan,0,-0.07999712359979366,9.575706574879355e-10,6.342969100289638e-07,-9.98250805350484e-12,2
9.5,4.0,7.400039413878336e-05,0.00016530604712843553,19.62013891427332,0.0062618015707884825,0.0006383034899139401,4,-2.1860618116056885e-06,-0.0074027409751715595,0.00015646022984008964,9.810138175267376,0.0064179186560239234,0.0013084257410775975,6,-1.7207899214236044e-06,0.1558743357488186,-0.0003376831182321913,0.0,0.0,nan,0,-0.07999712924586636,9.790073854362341e-10,1.4973693326513654e-06,-9.983297644119954e-12,2
9.505,4.0,7.473392089279447e-05,0.00012093578484046252,19.61996708594554,0.04281163635784961,0.004364088499263291,4,-2.186050108900911e-06,-0.00740196324255467,0.00014213468854362425,9.809967954818053,0.028145730904564452,0.00573819018251553,6,-1.7123151246078994e-06,0.15587274490534125,-0.00027898727831868826,0.0,0.0,nan,0,-0.07999713773241579,3.3380179669792095e-09,1.7293097884182753e-06,-9.983982429681543e-12,2
9.51,4.0,7.506855082925571e-05,1.5294605653385174e-05,19.61974834458573,0.06812518215893044,0.00694455208725756,4,-2.1860277766225233e-06,-0.007401465718427783,6.0417031557006467e-05,9.809749941459176,0.04312011289091298,0.008791276668261122,6,-1.7052622154831165e-06,0.15587183316735312,-9.162840581237242e-05,0.0,0.0,nan,0,-0.07999714480770712,5.408648482917131e-09,9.83611058244781e-07,-9.985684179533686e-12,2
9.515,4.0,7.482732428194664e-05,-9.464375430794101e-05,19.619813876421993,0.057218738813703304,0.0058327504199686235,4,-2.1860125650717543e-06,-0.007401424736373251,-3.697442297981517e-05,9.809816229865511,0.039336228318809036,0.008019768647459836,6,-1.7037126160551752e-06,0.15587195382810284,0.00011570144502190996,0.0,0.0,nan,0,-0.07999714637256802,6.271689861322616e-10,-1.682519658155591e-07,-9.98781491956255e-12,2
9.52,4.0,7.416703135227705e-05,-0.00015483841577661306,19.61981130197171,0.028909640321291966,0.002946984542953955,4,-2.186013865219244e-06,-0.007401887825436436,-0.00013204329828057343,9.809812409064184,0.02180131622120463,0.004444797782485707,6,-1.7069985224077433e-06,0.15587299762653428,0.0002709650181305148,0.0,0.0,nan,0,-0.07999714308541148,-5.485267173269504e-10,-1.0751877097037856e-06,-9.990673077717147e-12,2
9.525,4.0,7.336933340880883e-05,-0.00015239401056288667,19.61993051461628,0.018082525091345798,0.0018432812570742636,4,-2.186024503803008e-06,-0.007402666426828952,-0.00016330749050888876,9.809930762221548,0.011457161536119604,0.002335829235460379,6,-1.7144956634476682e-06,0.15587449434249057,0.0002997848414848623,0.0,0.0,nan,0,-0.07999713557768182,-3.625294832278229e-09,-1.7528722994260683e-06,-9.989023730391762e-12,2
9.53,4.0,7.27834640000671e-05,-7.845112050331659e-05,19.620120706781204,0.06056006754074004,0.0061732614641671355,4,-2.1860472413683107e-06,-0.007403374322644548,-0.00011165651643442672,9.810118611931689,0.039976793012073714,0.008150114100241643,6,-1.7231871519002295e-06,0.1558757085245169,0.00017419101369220452,0.0,0.0,nan,0,-0.07999712686350571,-4.8427936140696775e-09,-1.592225405518578e-06,-9.9838811773417e-12,2
9.535,4.0,7.272119784801988e-05,4.231028521698918e-05,19.62024430349637,0.06545350220856179,0.006672037431959788,4,-2.186068203888225e-06,-0.007403698447868987,-2.4874968161181683e-05,9.81024022071991,0.04200029353000067,0.00856254130073046,6,-1.728161471724332e-06,0.15587601533287712,-3.335190395831681e-05,0.0,0.0,nan,0,-0.0799971218682733,-2.0201240910636505e-09,-4.3685329293625773e-07,-9.988737736940619e-12,2
9.540000000000001,4.0,7.320114413928283e-05,0.00013144582113639312,19.620165671928117,0.04697569076244558,0.004788511121458759,4,-2.1860652994268315e-06,-0.0074035475621021555,7.73391004684591e-05,9.810163771743422,0.03430787522499857,0.006994353208213876,6,-1.7276157761522692e-06,0.15587530491798446,-0.0002247014721644886,0.0,0.0,nan,0,-0.07999712241692328,1.3128868019948352e-09,4.975120527081369e-07,-9.988735072405359e-12,2
9.545,4.0,7.39767103789662e-05,0.0001656820986629596,19.620157763089622,0.011447133011730665,0.0011668747162946426,4,-2.186062549577872e-06,-0.007402930960524556,0.00015133621567940653,9.810156828980588,0.010065367416156726,0.002052029868966459,6,-1.7226509912218746e-06,0.15587383316751433,-0.0003329348285568716,0.0,0.0,nan,0,-0.07999712738450801,6.639887316070196e-10,1.3866400037764617e-06,-9.988775040434244e-12,2
9.55,4.0,7.474317665806213e-05,0.00013234164422699793,19.619995376703496,0.036103857662298455,0.00368031255554399,4,-2.1860526807776504e-06,-0.0074021439348373776,0.00014996622577313513,9.809996026965802,0.023468695188899023,0.0047846492749615945,6,-1.71437294175375e-06,0.15587220009307692,-0.00029822434787217284,0.0,0.0,nan,0,-0.07999713567247624,3.0382423413230127e-09,1.7517262274130855e-06,-9.988297200444445e-12,2
9.555,4.0,7.515909162916662e-05,3.447201662842945e-05,19.6197753957606,0.06745492086755672,0.006876217439485291,4,-2.1860319841318643e-06,-0.007401583649257293,7.42758881825944e-05,9.809776531198331,0.042865203003207036,0.008739282259260754,6,-1.7067572402121312e-06,0.15587114431023635,-0.00012466434633378757,0.0,0.0,nan,0,-0.07999714330892438,5.25514711219168e-09,1.1775511953466148e-06,-9.991858795907443e-12,2
9.56,4.0,7.500437816253671e-05,-8.032396664921136e-05,19.61979720806795,0.060082492280598865,0.006124680254686023,4,-2.1860131323402088e-06,-0.007401467273342063,-2.0683837501257843e-05,9.809799786956184,0.04035923019834807,0.008228349420956096,6,-1.7043038509981234e-06,0.15587110306568008,8.509139897797004e-05,0.0,0.0,nan,0,-0.07999714578121533,1.37432475805079e-09,-2.148935289165774e-08,-9.990459914896414e-12,2
9.565,4.0,7.439239918389026e-05,-0.0001489678326460851,19.6198092830115,0.0347351350027679,0.0035408229001333397,4,-2.1860134497599104e-06,-0.007401855743464755,-0.00012045065245774397,9.809810358185018,0.02580263475434646,0.005260577689520267,6,-1.7068841440398552e-06,0.1558720239328555,0.00025350211628396234,0.0,0.0,nan,0,-0.07999714320065482,-3.5423905137142225e-10,-9.280255095161622e-07,-9.989514893057851e-12,2
9.57,4.0,7.359453825577254e-05,-0.00015766029795820667,19.619903101357533,0.011454307713824744,0.0011676212318329137,4,-2.186021734514737e-06,-0.007402608369695884,-0.0001636762915688561,9.809903650210273,0.007555775347456174,0.0015404382381052676,6,-1.7138440202776883e-06,0.15587349483827065,0.0003054202570626236,0.0,0.0,nan,0,-0.07999713623254379,-3.1280807277226187e-09,-1.6957904596946578e-06,-9.993984206865782e-12,2
9.575000000000001,4.0,7.295266807616687e-05,-9.422871995243187e-05,19.6200876157951,0.05494739979121425,0.00560113704558373,4,-2.1860434678624974e-06,-0.00740335479054472,-0.00012459328960663977,9.81008583456368,0.03663338193083865,0.007468514047403945,6,-1.7226437009840168e-06,0.15587480354773678,0.00020290571345002185,0.0,0.0,nan,0,-0.07999712741117969,-4.830968585113653e-09,-1.6822713598932506e-06,-9.993649363601555e-12,2
9.58,4.0,7.279668640239763e-05,2.4002400166097414e-05,19.62025876443099,0.06696687991045493,0.006826299358687082,4,-2.1860664987036205e-06,-0.007403746081920092,-3.922437609416916e-05,9.810254778560019,0.042471003072857845,0.008658491350433995,6,-1.7285069913511308e-06,0.1558752712394054,-6.942838241500519e-07,0.0,0.0,nan,0,-0.07999712152490843,-3.1443247436327806e-09,-6.283858735443685e-07,-9.994856398073924e-12,2
9.585,4.0,7.320626183032557e-05,0.00012127832438593558,19.620161301264112,0.05061867733224355,0.005159863525585004,4,-2.186066372970863e-06,-0.007403674509472977,6.105707219646485e-05,9.81015884672614,0.036511740971037106,0.007443659484315457,6,-1.7286940364388825e-06,0.15587471051033164,-0.00019825161997414736,0.0,0.0,nan,0,-0.07999712133803905,1.4518788216663258e-09,3.6960409519453086e-07,-9.988199500818273e-12,2
9.59,4.0,7.395404512694191e-05,0.0001643879869787957,19.620172451194197,0.0177372041729736,0.0018080579278388566,4,-2.1860630363274014e-06,-0.007403116974267119,0.00014428469861773666,9.810171371156219,0.014357809890247914,0.0029271272329579527,6,-1.724423658595875e-06,0.15587332561081224,-0.00032458887263104295,0.0,0.0,nan,0,-0.07999712561180349,4.267931724130268e-10,1.2615965024844075e-06,-9.989977634014513e-12,2
9.595,4.0,7.474486767110886e-05,0.00014215636332593002,19.620022874300915,0.029225809459918848,0.0029791819965918564,4,-2.186055005397314e-06,-0.00740233092078771,0.00015566183868759713,9.810023257287993,0.018710138159493857,0.0038144941492557326,6,-1.7164468140082323e-06,0.15587166915395342,-0.00031373435269060846,0.0,0.0,nan,0,-0.07999713359672897,2.7178820261583204e-09,1.7516629297624093e-06,-9.99378259036451e-12,2
9.6,4.0,7.523553743208429e-05,5.311021180804552e-05,19.61981973910349,0.06569720209801885,0.006697024026890558,4,-2.186036012489373e-06,-0.007401713050985897,8.792883662041489e-05,9.809820837128761,0.042278319937901675,0.008619590640816664,6,-1.7084062142527778e-06,0.15587048103373727,-0.0001569551627401872,0.0,0.0,nan,0,-0.07999714165637162,4.7623641759572305e-09,1.3476353317215964e-06,-9.99594352845964e-12,2
9.605,4.0,7.517030264589222e-05,-6.479373918887938e-05,19.619779074112213,0.06252423478043882,0.006373592133148729,4,-2.1860142984282682e-06,-0.007401523281830263,-4.917497048768932e-06,9.809781816284705,0.04127361516522665,0.008414787594299087,6,-1.7050186298175896e-06,0.1558702769188963,5.3795158290841246e-05,0.0,0.0,nan,0,-0.07999714506572009,2.249566526889254e-09,1.3785817131599583e-07,-9.990349780772368e-12,2
9.61,4.0,7.461259629607641e-05,-0.0001417735624398506,19.619811940303762,0.04005343850048465,0.004082958452645039,4,-2.1860131739701028e-06,-0.007401833772971791,-0.00010734479929400332,9.809813002093744,0.029447594023862444,0.006003701399318689,6,-1.706894386853397e-06,0.15587106553609792,0.0002332023201521429,0.0,0.0,nan,0,-0.07999714319113747,-2.878888691340932e-10,-7.799770162460593e-07,-9.991466221045928e-12,2
9.615,4.0,7.38228870988686e-05,-0.00016109428300812906,19.61987744949037,0.006620855341926906,0.0006749130170636091,4,-2.1860193737191502e-06,-0.007402551106956675,-0.0001620401846844541,9.80987822816185,0.0057210109592354666,0.0011663775688492833,6,-1.7132486850521267e-06,0.1558724929991721,0.00030721846248047124,0.0,0.0,nan,0,-0.07999713683068951,-2.582319902745581e-09,-1.6172949717743864e-06,-9.9980698275964e-12,2
9.620000000000001,4.0,7.313328366075667e-05,-0.00010838509123200134,19.620056573933066,0.04874602268286696,0.004968999197242911,4,-2.1860397206134585e-06,-0.007403325931737235,-0.00013614484690839285,9.81005514189565,0.03242366940996041,0.006610292998555972,6,-1.7220404926396315e-06,0.15587387784746476,0.0002286139692992545,0.0,0.0,nan,0,-0.079997128018585,-4.7718660275989175e-09,-1.7462336262566555e-06,-9.996599892311795e-12,2
9.625,4.0,7.288619515249236e-05,5.012600501449329e-06,19.620264588286986,0.06786133394226498,0.00691747388389219,4,-2.1860639078281896e-06,-0.007403783288093656,-5.316649565731451e-05,9.810260966473797,0.042681146973194826,0.008701327542469271,6,-1.7287050821726546e-06,0.15587450271258527,3.223796268588958e-05,0.0,0.0,nan,0,-0.07999712132985823,-4.146828463670629e-09,-8.303519696618144e-07,-9.992432559166561e-12,2
9.63,4.0,7.321910901184178e-05,0.0001099236147041517,19.620169107351874,0.053900584552480486,0.005494405706450654,4,-2.1860675012003172e-06,-0.007403789336019233,4.4203739117676334e-05,9.810166269516174,0.037905932875652186,0.007727887955057394,6,-1.7296779330142065e-06,0.15587409626708915,-0.00017004324991784446,0.0,0.0,nan,0,-0.07999712035346401,1.3058386115191363e-09,2.428619197997628e-07,-9.997032435202185e-12,2
9.635,4.0,7.393204416036331e-05,0.00016146298133018497,19.620182565965614,0.02402751746616495,0.0024492654322029166,4,-2.1860633711012767e-06,-0.007403297517754004,0.00013545096863170846,9.810181385680213,0.018687460371302006,0.0038098093473745214,6,-1.726103103193155e-06,0.15587281193429497,-0.00031282980968327077,0.0,0.0,nan,0,-0.07999712393247392,2.9873397183601584e-10,1.1260332799648987e-06,-9.997362837574315e-12,2
9.64,4.0,7.473855302950591e-05,0.0001503513091395945,19.62005037624443,0.022284358729148294,0.002271590368201068,4,-2.186057088897353e-06,-0.0074025219495773825,0.00015933271971623101,9.810050459293592,0.01399315569928581,0.002852820331016613,6,-1.7185201661926164e-06,0.15587115027805062,-0.0003255998522024219,0.0,0.0,nan,0,-0.07999713152174312,2.358102718479047e-09,1.731077915404432e-06,-9.997249150736593e-12,2
9.645,4.0,7.529718618021993e-05,7.090133159700187e-05,19.619864580971708,0.062433571309787335,0.006364322348110234,4,-2.186039650135113e-06,-0.007401852608262416,0.00010154220639085792,9.809865949719573,0.041091680058650666,0.008377623153928076,6,-1.7101813728562232e-06,0.15586984272456825,-0.00018835932495921736,0.0,0.0,nan,0,-0.0799971398780252,4.3298458783355345e-09,1.4823743910367548e-06,-9.99101058551662e-12,2
9.65,4.0,7.53240749741536e-05,-4.804113995142425e-05,19.619761296576097,0.06466252149350246,0.006591570663480693,4,-2.186016172339017e-06,-0.007401590744945531,1.0517507994846547e-05,9.809764087707949,0.04204781923585662,0.008572646367417606,6,-1.705852891609183e-06,0.15586947439362261,2.1607881365347484e-05,0.0,0.0,nan,0,-0.07999714423003423,3.198350565779237e-09,3.124004909295531e-07,-9.999885264286263e-12,2
9.655,4.0,7.482766447849779e-05,-0.00013316464243742678,19.619818254055772,0.04483153346879083,0.0045700253578570575,4,-2.1860129311990217e-06,-0.007401821201591749,-9.286569039647209e-05,9.809819394424302,0.0326357430657923,0.006653688871039109,6,-1.7070093283819143e-06,0.1558701216821116,0.00021011461862183257,0.0,0.0,nan,0,-0.07999714307688857,-3.1440986342366225e-10,-6.337343958822804e-07,-9.99539729873152e-12,2
9.66,4.0,7.40546700524649e-05,-0.00016264111196841204,19.619854813673943,0.007962895867370728,0.0008117181236041599,4,-2.186017428601472e-06,-0.007402494258620945,-0.00015844800836755347,9.809855752781733,0.00757156375018538,0.0015436646452295383,6,-1.7127038363859426e-06,0.15587148815509577,0.0003051734425059122,0.0,0.0,nan,0,-0.07999713737793315,-2.0314712844707682e-09,-1.5188250571388072e-06,-9.997859329310926e-12,2
9.665000000000001,4.0,7.332573058862316e-05,-0.000121061854853937,19.620026695171905,0.04211773103955154,0.00429334084952248,4,-2.1860360133255097e-06,-0.007403287182761743,-0.00014585730861125786,9.810025632786806,0.02778611938923988,0.00566484134279402,6,-1.721377061135454e-06,0.1558729304404113,0.000251003522020462,0.0,0.0,nan,0,-0.0799971286861737,-4.653205816164445e-09,-1.7862904571027251e-06,-1.000294237440687e-11,2
9.67,4.0,7.29913759741668e-05,-1.4398363162061058e-05,19.620257426168664,0.06804626150403864,0.006936327085421564,4,-2.1860605662372967e-06,-0.007403808509868183,-6.67398880829251e-05,9.810254395156264,0.042631390115294064,0.008691189524370129,6,-1.7287347560401845e-06,0.15587370654402505,6.522264618498721e-05,0.0,0.0,nan,0,-0.07999712130397588,-4.865217348938615e-09,-1.0358455839723627e-06,-9.997536032366154e-12,2
9.675,4.0,7.324185216291761e-05,9.710579841026417e-05,19.620181324581267,0.057107665665758374,0.005821318847263728,4,-2.186068495335647e-06,-0.00740388990150543,2.764698017355995e-05,9.810178067409737,0.03898875511574594,0.007948633520785921,6,-1.730550652022378e-06,0.1558734578815483,-0.00014066834726029554,0.0,0.0,nan,0,-0.07999711948020077,9.37522462383896e-10,1.098789305686174e-07,-1.0000835615195339e-11,2
9.68,4.0,7.391374194391536e-05,0.00015705457556888092,19.620186913193567,0.030013979169370382,0.0030594998204820896,4,-2.1860636072318362e-06,-0.007403470263328237,0.00012477962156728537,9.810185673934717,0.02283805235158088,0.004655987788745059,6,-1.7276633817800424e-06,0.1558722867758468,-0.00029774972942152225,0.0,0.0,nan,0,-0.07999712237240916,3.2088569851120486e-10,9.826190663419373e-07,-1.0003224815144333e-11,2
9.685,4.0,7.472738623864424e-05,0.00015685228475943358,19.620078313486953,0.015461675049980802,0.0015761073735727506,4,-2.186058870895513e-06,-0.007402715341845816,0.00016080487666518358,9.810078122651595,0.009592686546797211,0.0019556799501214118,6,-1.720567429426556e-06,0.15587063863250827,-0.000333572657318319,0.0,0.0,nan,0,-0.07999712947314785,1.953984615941891e-09,1.6877659506732577e-06,-1.0002516936943831e-11,2
9.69,4.0,7.534632477336038e-05,8.718707621106725e-05,19.619895673172877,0.057491761632874734,0.00586055732309379,4,-2.186042986889597e-06,-0.007402003016233166,0.00011497736559588845,9.80989692374589,0.03828658525840842,0.007805705922501937,6,-1.712055452900152e-06,0.15586922779098153,-0.00021807990130616345,0.0,0.0,nan,0,-0.0799971380010584,4.050475316984232e-09,1.5837375560742594e-06,-1.0002659045490983e-11,2
9.695,4.0,7.546544521278863e-05,-3.0404558979927408e-05,19.619746411022657,0.06638654209435638,0.0067673190777898596,4,-2.18601876483121e-06,-0.007401671115650008,2.5415828033680427e-05,9.809749092745417,0.04263564007701158,0.008692503686672645,6,-1.7068279744084092e-06,0.15586869719276153,-1.0926692158388076e-05,0.0,0.0,nan,0,-0.07999714325280896,4.129769956283355e-09,4.987776272626244e-07,-1.000145556373229e-11,2
9.700000000000001,4.0,7.503611069541046e-05,-0.00012339214236997055,19.61982709788522,0.04904265279484898,0.004999295105932425,4,-2.1860126622301468e-06,-0.007401821628686906,-7.74515353428059e-05,9.809828571922623,0.03533032178410577,0.007203045705656282,6,-1.7072491959868596e-06,0.15586919746330036,0.00018492829100477377,0.0,0.0,nan,0,-0.07999714283773997,-3.3581916975143094e-10,-4.941386087800713e-07,-9.999357686304957e-12,2
9.705,4.0,7.428726267916359e-05,-0.00016241144820725167,19.619836832537583,0.013585854145411337,0.0013849100032147592,4,-2.1860159109404753e-06,-0.007402442589964042,-0.00015305146666707076,9.809837899184144,0.01136318173497533,0.0023166910303217903,6,-1.7122558670021326e-06,0.1558704876957603,0.00029954756456382873,0.0,0.0,nan,0,-0.07999713782787024,-1.5163608839144725e-09,-1.4045814937240895e-06,-1.0000865813261608e-11,2
9.71,4.0,7.352762510497545e-05,-0.00013217661505459795,19.619997833181262,0.03523646066104537,0.003591892411063737,4,-2.186032424595502e-06,-0.007403243574069628,-0.00015350141954680136,9.80999714487767,0.023019383621245854,0.004693045936973696,6,-1.7207079759315458e-06,0.15587196874078865,0.00026976272069060333,0.0,0.0,nan,0,-0.07999712935929768,-4.465828636614247e-09,-1.8038112720127462e-06,-1.0002570227649014e-11,2
9.715,4.0,7.311166548203853e-05,-3.3817217410400086e-05,19.620232314541248,0.06736913688359308,0.006867312863942333,4,-2.1860567448392376e-06,-0.007403825574458257,-7.997491098633646e-05,9.810229918311649,0.042324428268786594,0.00862863125965771,6,-1.728627224369117e-06,0.15587288712433078,9.787685088596468e-05,0.0,0.0,nan,0,-0.07999712141577903,-5.1483179416847806e-09,-1.2332299618467833e-06,-1.0008755502163806e-11,2
9.72,4.0,7.327487482280508e-05,8.269769877020523e-05,19.620198706975835,0.05998800445876753,0.006114923233416508,4,-2.1860691615908923e-06,-0.0074039798275353135,1.1783477427347418e-05,9.810195099345403,0.0400117334781252,0.008157173852902279,6,-1.7313388476561387e-06,0.1558727985917796,-0.00011039641730768757,0.0,0.0,nan,0,-0.079997118691789,3.1138656902820135e-10,-3.296523398328501e-08,-1.0007770512296357e-11,2
9.725,4.0,7.389888055073075e-05,0.00015116246841887583,19.620186005925873,0.035602887703907356,0.0036292100078107554,4,-2.186063894200202e-06,-0.007403635957355844,0.00011265485649098676,9.810184698783699,0.02670824924248305,0.005445004362821922,6,-1.7291308712502618e-06,0.15587175113976676,-0.00027973252961915364,0.0,0.0,nan,0,-0.07999712090508282,4.877023025970006e-10,8.371105743149469e-07,-1.0004846628938703e-11,2
9.73,4.0,7.471111385553242e-05,0.00016159417980692316,19.620105094167574,0.009114591828587213,0.0009291073401331257,4,-2.1860603540563295e-06,-0.007402910400317433,0.00016039469219938433,9.810104647241678,0.006087448131620578,0.0012410567166237507,6,-1.7225912309834501e-06,0.15587013377350015,-0.00033790404030926925,0.0,0.0,nan,0,-0.07999712744831326,1.5418504997740856e-09,1.624350926446793e-06,-1.0001698924619287e-11,2
9.735,4.0,7.538277697981017e-05,0.00010204610233362014,19.619926267634753,0.05179335091516006,0.005279668252433644,4,-2.186046097425731e-06,-0.007402164078278866,0.00012738314702099142,9.809927405249725,0.034419347061485785,0.007017248067109339,6,-1.7140116245137338e-06,0.15586863621259592,-0.0002453443812509047,0.0,0.0,nan,0,-0.07999713604222639,3.761495749597629e-09,1.661805271885241e-06,-1.0008200390651493e-11,2
9.74,4.0,7.559281444567711e-05,-1.1938846111132856e-05,19.619738619451276,0.06756534011479823,0.006887486263228097,4,-2.186022091892059e-06,-0.007401762491966652,4.0085960004100215e-05,9.809740978923845,0.04299780652799466,0.008766349003582282,6,-1.7079510335402115e-06,0.15586794501325846,-4.406220938056203e-05,0.0,0.0,nan,0,-0.07999714212687292,4.897850907124821e-09,6.980312096837463e-07,-1.0009299067356663e-11,2
9.745000000000001,4.0,7.523690603034864e-05,-0.00011238460260477478,19.619829084388407,0.05263150252118682,0.005365133640543888,4,-2.186012405612503e-06,-0.0074018328763877555,-6.10391824876887e-05,9.809831037982937,0.03748937033747191,0.00764322447396206,6,-1.7075883788977841e-06,0.1558682917307176,0.00015750872601457582,0.0,0.0,nan,0,-0.07999714249926387,-1.1912748382334744e-10,-3.5965044831327636e-07,-1.0005690398437422e-11,2
9.75,4.0,7.451980794334348e-05,-0.00016040772951683127,19.61982280499624,0.019961449621969565,0.0020348246587513857,4,-2.186014789472973e-06,-0.00740239334763605,-0.00014563524381735706,9.809823933086022,0.01567388696336849,0.003195549088399943,6,-1.7118814211597444e-06,0.15586948972485762,0.0002901279506685057,0.0,0.0,nan,0,-0.07999713820388779,-1.0510516128007047e-09,-1.2750181973249628e-06,-1.0003101358343995e-11,2
9.755,4.0,7.37384140535325e-05,-0.00014166194046768456,19.619969832140477,0.028152915904343365,0.002869822547660051,4,-2.1860289761421736e-06,-0.007403191804396299,-0.00015897403096193144,9.809969536958675,0.018159152686599667,0.003702183297957404,6,-1.720003768794498e-06,0.15587099000049448,0.0002847209851783997,0.0,0.0,nan,0,-0.07999713006740353,-4.196049982975494e-09,-1.797916869178474e-06,-1.0008733297703314e-11,2
9.76,4.0,7.324737762869356e-05,-5.283652545092293e-05,19.620187836292338,0.06562561954021956,0.00668960155608999,4,-2.186052737059019e-06,-0.007403829771922682,-9.302770761099793e-05,9.810185760883016,0.041728284946115794,0.008507134515740266,6,-1.7283411989851838e-06,0.1558720394296146,0.0001299492832260702,0.0,0.0,nan,0,-0.07999712170626247,-5.036151409622306e-09,-1.408757059331146e-06,-1.000906458825386e-11,2
9.765,4.0,7.331958973575248e-05,6.694121206771388e-05,19.620217954752423,0.062450630818804656,0.00636594669466226,4,-2.186069301950838e-06,-0.0074040550354189895,-3.602208167381333e-06,9.810214051144861,0.04092624479806265,0.008343598739986009,6,-1.7319890903214064e-06,0.1558721129063548,-7.925391732078717e-05,0.0,0.0,nan,0,-0.07999711804185627,-5.382175895532831e-10,-1.8975301516894866e-07,-1.0009526441032103e-11,2
9.77,4.0,7.388933599454443e-05,0.00014398026466477123,19.620179913898564,0.04065588866593225,0.00414429315575566,4,-2.186064328928844e-06,-0.007403790157029544,9.892052366600084e-05,9.81017849442975,0.03018800107963331,0.00615442442699165,6,-1.7304598392414716e-06,0.15587119870723962,-0.0002588156653359799,0.0,0.0,nan,0,-0.07999711957613043,8.008740728912196e-10,6.925633266778185e-07,-1.0009244000294636e-11,2
9.775,4.0,7.46920498698137e-05,0.0001645294718855324,19.62012973248305,0.005479295062270076,0.0005585381072377482,4,-2.186061495972752e-06,-0.007403103745783602,0.00015791660664748054,9.81012907273271,0.005433442417266939,0.0011077208825660025,6,-1.7245447145250448e-06,0.15586963000783352,-0.00033836091912047104,0.0,0.0,nan,0,-0.07999712549413814,1.1416763570623241e-09,1.5385496745052172e-06,-1.0008473949604757e-11,2
9.78,4.0,7.540840325429716e-05,0.00011548696937391074,19.619955470000733,0.04557736614135584,0.004646021364426077,4,-2.186048987374428e-06,-0.007402334000424718,0.0001379745502816256,9.80995643632729,0.030082462676495614,0.006133047148934754,6,-1.7160155926856935e-06,0.15586806433498737,-0.0002693763238210252,0.0,0.0,nan,0,-0.07999713403581862,3.4719298085946956e-09,1.7148802491073076e-06,-1.0013321627419479e-11,2
9.785,4.0,7.57062915957479e-05,7.0169514094728936e-06,19.619741433001757,0.06810887737724088,0.006942892454502693,4,-2.1860259657030534e-06,-0.007401865703164745,5.41756115024167e-05,9.809743293672767,0.04312022802742188,0.008791306099770052,6,-1.7092239710039814e-06,0.15586721857546526,-7.710733065418069e-05,0.0,0.0,nan,0,-0.07999714085051202,5.378435310508764e-09,9.004576254804534e-07,-1.0012770068620843e-11,2
9.790000000000001,4.0,7.542928788279972e-05,-0.00010028815411948765,19.619819223070568,0.05583269048372582,0.005691458198358243,4,-2.1860123431589884e-06,-0.007401858506043631,-4.429100077137641e-05,9.809821478042354,0.038854419053221644,0.007921534380659376,6,-1.7080388146073489e-06,0.15586740880831856,0.00012866442357494933,0.0,0.0,nan,0,-0.07999714204934102,3.621547817730578e-10,-2.2732552430311434e-07,-1.0010928874756804e-11,2
9.795,4.0,7.475065801836712e-05,-0.0001568113360056073,19.619813418040504,0.02624444254565387,0.0026752999110095503,4,-2.186014007886372e-06,-0.007402352820054194,-0.00013658413207153947,9.809814551757675,0.019962494011039056,0.004069902423886754,6,-1.7116274032766277e-06,0.15586850217863715,0.00027748077318734437,0.0,0.0,nan,0,-0.07999713845913767,-6.779053451380998e-10,-1.137602615513724e-06,-1.0013699103247851e-11,2
9.8,4.0,7.395627501523684e-05,-0.00014945143539141014,19.619942407631186,0.021114225743383258,0.0021523229074485836,4,-2.1860257627681623e-06,-0.0074031395636618555,-0.0001624272934394902,9.809942501635389,0.013433587362554735,0.0027387698470842737,6,-1.7193366666015675e-06,0.15587000373187365,0.00029596407036972026,0.0,0.0,nan,0,-0.07999713073816953,-3.831002416578058e-09,-1.772283933702947e-06,-1.0014959428425404e-11,2
9.805,4.0,7.339779654952797e-05,-7.09222807486278e-05,19.62013560333994,0.062599899545031,0.006381189285396641,4,-2.186048869003837e-06,-0.0074038275856509825,-0.00010591285267318092,9.810133378252658,0.040745087009788045,0.008306734564916873,6,-1.727958987673972e-06,0.1558711706591364,0.000160920511390252,0.0,0.0,nan,0,-0.0799971220927923,-4.841499167741772e-09,-1.5487718874841033e-06,-1.0013312745635279e-11,2
9.81,4.0,7.33769410257948e-05,5.0094436180106667e-05,19.62023710441229,0.06460166361829263,0.00658520723011698,4,-2.1860687798268275e-06,-0.007404121820008989,-1.851264068592423e-05,9.8102330170985,0.04169232892828322,0.008499763227971573,6,-1.7325498602449585e-06,0.15587140617600814,-4.749638109567666e-05,0.0,0.0,nan,0,-0.07999711748205895,-1.5575311955188041e-09,-3.605975615588857e-07,-1.0012937934342165e-11,2
9.815,4.0,7.3885791557425e-05,0.00013552574317064056,19.620170314398646,0.04515553958877383,0.004602971214336051,4,-2.1860650134437887e-06,-0.007403936411087122,8.40899797833524e-05,9.81016861536567,0.033150229679038024,0.006758340448321104,6,-1.7317083218434948e-06,0.15587063234372678,-0.00023553027212545264,0.0,0.0,nan,0,-0.07999711832741382,1.1752334510547669e-09,5.534530037271541e-07,-1.0013133333594497e-11,2
9.82,4.0,7.467115574206611e-05,0.00016568562906394283,19.62015036630476,0.008859867906418831,0.0009031396539788589,4,-2.1860623486136266e-06,-0.007403297116480842,0.00015364480914413408,9.810149506657845,0.008299892527748562,0.0016921031676664419,6,-1.7264550718695815e-06,0.1558691281122902,-0.00033524495094939524,0.0,0.0,nan,0,-0.07999712358337868,7.994581264200363e-10,1.4354296504627701e-06,-1.001332962102525e-11,2
9.825000000000001,4.0,7.542398311048431e-05,0.00012748377368641857,19.61998381833079,0.03905367552183692,0.003981009962439356,4,-2.186051645217124e-06,-0.007402513750153548,0.0001466344400696474,9.80998458165147,0.0255158714785532,0.005202020709854716,6,-1.7180777863792795e-06,0.155867512346131,-0.0002900326900599659,0.0,0.0,nan,0,-0.07999713197141764,3.178853535122614e-09,1.7462419256190503e-06,-1.0015603357779684e-11,2
9.83,4.0,7.580483374659656e-05,2.6083690339338263e-05,19.61976144978991,0.06782567001624334,0.006914015768216145,4,-2.186030150955892e-06,-0.00740198097035879,6.816806139033738e-05,9.809762774626762,0.04298048634914067,0.008762798313596524,6,-1.7106741060507469e-06,0.1558665191434188,-0.00011016619159509266,0.0,0.0,nan,0,-0.0799971393966423,5.393766501048078e-09,1.0995545132443255e-06,-1.0017318430308123e-11,2
9.835,4.0,7.561177537355691e-05,-8.674369800883844e-05,19.619804352539862,0.05887225380664369,0.006001308957907365,4,-2.186012711687113e-06,-0.007401897437988459,-2.772402883332091e-05,9.80980687108828,0.03990282180620081,0.008135292025738743,6,-1.7086025833265572e-06,0.1558665490973224,9.855332341588582e-05,0.0,0.0,nan,0,-0.0799971414856544,1.0408942517345004e-09,-8.452650704067374e-08,-1.0016687823630139e-11,2
9.84,4.0,7.497813706437047e-05,-0.00015164209073835488,19.619809273441106,0.03220931394493958,0.003283346284975421,4,-2.1860135159430805e-06,-0.007402318821963188,-0.00012563252837164242,9.809810373178976,0.024062111648165206,0.004905724113475929,6,-1.7114810529142432e-06,0.15586752454768937,0.00026136025212490784,0.0,0.0,nan,0,-0.07999713860643064,-4.294208010860807e-10,-9.911060443562176e-07,-1.0016559925937703e-11,2
9.845,4.0,7.417974803646606e-05,-0.00015546980193993057,19.61991455192232,0.014282132037060571,0.0014558811659718708,4,-2.186022849466618e-06,-0.007403083331524886,-0.00016361002341506206,9.809914970512459,0.009136437312145872,0.0018626944962538438,6,-1.7186803800209316e-06,0.15586900787454427,0.0003031654948133228,0.0,0.0,nan,0,-0.07999713139782008,-3.362442527023204e-09,-1.7231281623012036e-06,-1.0015952411898626e-11,2
9.85,4.0,7.356198342282525e-05,-8.744657939063298e-05,19.620101170247292,0.05747412509691574,0.005858698138016924,4,-2.186045101142814e-06,-0.007403813243375533,-0.00011881334194849184,9.810099232471227,0.038337749414921414,0.007815975864550738,6,-1.7274527898333836e-06,0.1558702759794561,0.0001903456272413702,0.0,0.0,nan,0,-0.07999712260320868,-4.848644863332566e-09,-1.6488186173163186e-06,-1.0016090967732101e-11,2
9.855,4.0,7.344751276758131e-05,3.222731081277228e-05,19.620253489559612,0.06631765444079124,0.006760122082630623,4,-2.1860674081913833e-06,-0.007404175005865222,-3.29984273007191e-05,9.810249408439603,0.04225559043860141,0.008614580257714874,6,-1.7329537578478216e-06,0.15587067264123075,-1.5143141165284178e-05,0.0,0.0,nan,0,-0.07999711707998369,-2.677088852766389e-09,-5.465825076081531e-07,-1.0016560814116123e-11,2
9.86,4.0,7.388899591029153e-05,0.00012588864245062544,19.620161258448146,0.049053194588189415,0.005000284548330901,4,-2.1860659883861377e-06,-0.007404069128061344,6.819927807045204e-05,9.810158992366075,0.03559354953084015,0.007256467414756033,6,-1.7328286092618828e-06,0.15587004570909613,-0.00021000214173073233,0.0,0.0,nan,0,-0.07999711720660216,1.4334070224649902e-09,4.222662837253678e-07,-1.001559447599549e-11,2
9.865,4.0,7.464968328641898e-05,0.00016510529543051824,19.62016686673278,0.014919554338408124,0.0015208386798896355,4,-2.1860629371567297e-06,-0.007403485409456082,0.0001474489086372318,9.810165836433946,0.012429851525475787,0.0025340757195587045,6,-1.7282650177433134e-06,0.15586862173210891,-0.00032846838883182367,0.0,0.0,nan,0,-0.07999712177329499,5.225087580925841e-10,1.3160477013213634e-06,-1.0018621388049829e-11,2
9.870000000000001,4.0,7.543052079166981e-05,0.00013796656698626154,19.620011611363346,0.03225125430787005,0.0032875876881939305,4,-2.1860540784582327e-06,-0.007402698592570806,0.00015324189475680324,9.81001212926095,0.020792755462769246,0.004239088634916029,6,-1.7201471408864744e-06,0.1558669745068948,-0.00030712261005555154,0.0,0.0,nan,0,-0.07999712990008065,2.8680952440226686e-09,1.7550577733908424e-06,-1.0016891216488253e-11,2
9.875,4.0,7.588891633519158e-05,4.499129474147993e-05,19.619798808899333,0.0665973425852281,0.006788789552217045,4,-2.1860343101844093e-06,-0.007402106116056086,8.178961334371021e-05,9.809799858978735,0.0425680501240261,0.008678678614439685,6,-1.7122617133810691e-06,0.1558658440641952,-0.0001426950199457221,0.0,0.0,nan,0,-0.07999713780532652,5.018235752328421e-09,1.281442167879885e-06,-1.0021880114671707e-11,2
9.88,4.0,7.578404575817669e-05,-7.173647444034825e-05,19.619786611096345,0.061444972957346106,0.006263571992428779,4,-2.186013601589848e-06,-0.007401948868829828,-1.1848774422641343e-05,9.809789325271348,0.04085899206861705,0.008330248635076953,6,-1.7092689990616527e-06,0.1558657121170869,6.767117345723457e-05,0.0,0.0,nan,0,-0.07999714081879951,1.8671815862888633e-09,6.852740682032698e-08,-1.0018445528722726e-11,2
9.885,4.0,7.5202038871392e-05,-0.0001450170654138899,19.619809904300972,0.03776203165045295,0.0038493779332872046,4,-2.1860131827651508e-06,-0.007402294187087474,-0.00011330738195211728,9.809810984410056,0.027871242073447846,0.005682319897445806,6,-1.7114462567552335e-06,0.15586655987195452,0.00024241040841591,0.0,0.0,nan,0,-0.07999713864201075,-3.0387562949406e-10,-8.437271165514091e-07,-1.0020196128387956e-11,2
9.89,4.0,7.440815006323359e-05,-0.00015971817988997292,19.619888160396986,0.008327551238658578,0.0008488887572221593,4,-2.1860202940524043e-06,-0.007403027983726812,-0.00016292745213782826,9.809888847361695,0.006125079358987159,0.0012487561182988243,6,-1.718072793165104e-06,0.15586800798730754,0.0003067316295345298,0.0,0.0,nan,0,-0.07999713200841314,-2.837164243930973e-09,-1.6547184195079964e-06,-1.0020841834099077e-11,2
9.895,4.0,7.373906034173745e-05,-0.00010222223297719445,19.620069295354828,0.051537125137683805,0.005253511020971321,4,-2.186041345587919e-06,-0.007403791086524933,-0.0001311765088775789,9.810067681248338,0.03433303834652913,0.006999551779271767,6,-1.7268895166969167e-06,0.15586936060991496,0.00021748477581977568,0.0,0.0,nan,0,-0.07999712317068816,-4.810587015792493e-09,-1.7239155691449313e-06,-1.002071926547716e-11,2
9.9,4.0,7.353220023893709e-05,1.3561184747883881e-05,19.620263952209815,0.06751600878773352,0.006882273240786778,4,-2.1860652143351755e-06,-0.00740421902096034,-4.7029232233807515e-05,9.810260108530112,0.04258848509857575,0.0086824374945053,6,-1.73323376865403e-06,0.15586991583472326,1.7554117909042276e-05,0.0,0.0,nan,0,-0.07999711680261756,-3.760284179089894e-09,-7.439697756862059e-07,-1.0022000906936785e-11,2
9.905,4.0,7.390007447126579e-05,0.00011511517293253477,19.620165127350578,0.0524071598894689,0.005342173172275002,4,-2.186067127832314e-06,-0.007404191204816365,5.163972698541677e-05,9.810162439742626,0.03740532251946052,0.007625831427199459,6,-1.7338652191431492e-06,0.15586944057479932,-0.0001826687930362221,0.0,0.0,nan,0,-0.07999711616930368,1.396032807630917e-09,2.97318850777704e-07,-1.0022727436884099e-11,2
9.91,4.0,7.462919374151261e-05,0.00016291306644607967,19.620178920484733,0.021228626098422083,0.0021639584617913986,4,-2.186063324062515e-06,-0.007403670088140433,0.00013942436320576147,9.810177770015965,0.016755602397932064,0.0034159630519936634,6,-1.7299952138269403e-06,0.1558681107694878,-0.00031825128630620094,0.0,0.0,nan,0,-0.0799971200431629,3.4376626883849343e-10,1.1849855663454292e-06,-1.0024206253952897e-11,2
9.915000000000001,4.0,7.542949100297248e-05,0.00014684371295150525,19.620038753253738,0.025362463061787317,0.0025853631973669034,4,-2.186056261309355e-06,-0.007402889614752837,0.00015776211099675078,9.810038976342938,0.016066729295031668,0.0032755689011586676,6,-1.722232571076121e-06,0.15586645042965577,-0.00032051964413671463,0.0,0.0,nan,0,-0.07999712781291848,2.528533769084703e-09,1.7427653049965497e-06,-1.0021920970879008e-11,2
9.92,4.0,7.595849257731179e-05,6.308918937238727e-05,19.61984785031741,0.06405962719403566,0.006530083992776662,4,-2.1860381121674433e-06,-0.007402243099556823,9.536477797390073e-05,9.80984917834977,0.04169477592844487,0.008500594692212963,6,-1.7140007992424988e-06,0.15586519534388477,-0.00017436775106931946,0.0,0.0,nan,0,-0.0799971360628896,4.496946382435936e-09,1.4310981518008e-06,-1.0018126672670049e-11,2
9.925,4.0,7.59441262467599e-05,-5.5624131471725374e-05,19.619768433505612,0.06371608413008267,0.0064950903315730965,4,-2.1860151689437335e-06,-0.007402013504641394,3.6685238028052135e-06,9.809771251752233,0.0416953535162305,0.008500779976654976,6,-1.7100682543694234e-06,0.15586490054648153,3.604186041311416e-05,0.0,0.0,nan,0,-0.07999714001842778,2.795589336078392e-09,2.361772045801768e-07,-1.0023230145869643e-11,2
9.93,4.0,7.541981066102868e-05,-0.00013709218307918463,19.619814830811386,0.042740396851938076,0.00435686037003954,4,-2.1860129377042348e-06,-0.007402279687368277,-9.943495429802835e-05,9.809815933318262,0.031272147819016445,0.006375684932640392,6,-1.711535745331505e-06,0.15586561147615816,0.0002206134265924889,0.0,0.0,nan,0,-0.07999713855321819,-3.0038329418423044e-10,-6.965113636708398e-07,-1.002403750005315e-11,2
9.935,4.0,7.463875225714075e-05,-0.00016208914244928178,19.61986413068757,0.006439018051599856,0.0006563774355122614,4,-2.1860181764615794e-06,-0.007402973090431547,-0.00016016321629181525,9.8098650062139,0.0063446734586709245,0.0012935292085369152,6,-1.7175228082741412e-06,0.1558670063691717,0.00030633868442733275,0.0,0.0,nan,0,-0.0799971325609666,-2.284139535237189e-09,-1.5642036043218144e-06,-1.0023545449208635e-11,2
9.94,4.0,7.39268261720642e-05,-0.00011547534526380676,19.620039261199754,0.04510818727374886,0.004598175026382747,4,-2.1860376298622752e-06,-0.007403758524208169,-0.00014164320299255451,9.810038015392106,0.029868198048067906,0.006089313415749098,6,-1.7262639568360605e-06,0.1558684241607621,0.00024120491041432088,0.0,0.0,nan,0,-0.07999712380041477,-4.720469576059744e-09,-1.7728829899644326e-06,-1.0023245244902776e-11,2
9.945,4.0,7.36313698557929e-05,-5.606616771952517e-06,19.620262618066313,0.06801334728286525,0.006932970124491468,4,-2.186062158529567e-06,-0.007404251179854935,-6.069290784989831e-05,9.810259283235617,0.04264750803403613,0.008694471125124052,6,-1.7333442021635892e-06,0.15586913270463626,5.038592325339858e-05,0.0,0.0,nan,0,-0.0799971166956909,-4.611103126829537e-09,-9.483955048750903e-07,-1.0023428209657235e-11,2
9.950000000000001,4.0,7.391964607174468e-05,0.00010305433837147322,19.620175450872853,0.05564374979297616,0.005672095026092207,4,-2.186068185156681e-06,-0.007404299413029384,3.4888724907103103e-05,9.810172354249632,0.038478083350537554,0.007844527488626513,6,-1.7347930844971438e-06,0.15586881309368822,-0.00015385662817210704,0.0,0.0,nan,0,-0.07999711524083206,1.126878927114288e-09,1.6755960455421063e-07,-1.0024564189856032e-11,2
9.955,4.0,7.461054507925283e-05,0.0001591542112510688,19.62018593762652,0.027350338247579396,0.0027879795160481546,4,-2.1860635955606167e-06,-0.00740384742789952,0.00012961411759799393,9.810184712677968,0.020986000448075012,0.004278410868442515,6,-1.7316133596109728e-06,0.15586759064182668,-0.0003046818572642271,0.0,0.0,nan,0,-0.07999711842519666,2.9351250324517924e-10,1.04473393614428e-06,-1.0021083418629227e-11,2
9.96,4.0,7.542169137721475e-05,0.00015407236532633046,19.620066551002445,0.018492077036868,0.001885016749438415,4,-2.1860581840768556e-06,-0.007403082958002478,0.0001602223934420193,9.810066486751287,0.011488799110726478,0.002342246941188901,6,-1.7242977295509054e-06,0.15586593545808994,-0.0003302082507043278,0.0,0.0,nan,0,-0.07999712574628834,2.1415789959719092e-09,1.7093112034240336e-06,-1.0027952590527188e-11,2
9.965,4.0,7.601422757015886e-05,8.007056427821844e-05,19.61988252855453,0.05978783962380321,0.006094617491902792,4,-2.1860415587576787e-06,-0.007402389589593019,0.00010882662219018442,9.809883850172561,0.03984404031117605,0.008123244050534844,6,-1.715841734382939e-06,0.15586456998612816,-0.0002048106419244132,0.0,0.0,nan,0,-0.07999713421895895,4.191178303135328e-09,1.5447284755911041e-06,-1.0023662688760038e-11,2
9.97,4.0,7.609206492698712e-05,-3.839353223948096e-05,19.619751963729094,0.06562926127433491,0.00669012140374285,4,-2.1860174544523214e-06,-0.007402089324205679,1.8754925424330964e-05,9.809754746239841,0.042366236080607876,0.008637572941738874,6,-1.7109880866700289e-06,0.155864112316207,3.7251878405397797e-06,0.0,0.0,nan,0,-0.0799971390967611,3.748659099632417e-09,4.1758096118475843e-07,-1.0028986430207718e-11,2
9.975,4.0,7.563221322632208e-05,-0.0001278336946349896,19.619822907133422,0.04720795942177759,0.004812271715726201,4,-2.1860126843339933e-06,-0.007402275684355671,-8.446800178121778e-05,9.809824213136778,0.03416864589243148,0.00696620961804284,6,-1.7117289652160417e-06,0.1558646789610631,0.00019638831392705094,0.0,0.0,nan,0,-0.07999713836070282,-3.4178902014324074e-10,-5.536386557965641e-07,-1.0029331043434559e-11,2
9.98,4.0,7.487207279403352e-05,-0.00016264121600560733,19.619844205553488,0.010852507723421098,0.0011062786849601227,4,-2.1860164631237744e-06,-0.007402920694724977,-0.00015559961912052131,9.809845229742862,0.009526993060836202,0.0019423330007186923,6,-1.7170398007373966e-06,0.1558660045450526,0.0003023274891225392,0.0,0.0,nan,0,-0.07999713304613865,-1.7531370612458965e-09,-1.4567725532426822e-06,-1.0029518449081117e-11,2
9.985,4.0,7.41256393516866e-05,-0.00012727814951442193,19.620010085727422,0.03834991571269623,0.003909265647176591,4,-2.18603398446926e-06,-0.007403718702034393,-0.00015020039759597998,9.81000921393751,0.02516700268846062,0.005130882579132495,6,-1.7256044700861284e-06,0.15586746941917468,0.00026156523759440276,0.0,0.0,nan,0,-0.07999712446399809,-4.566283981989645e-09,-1.7999508552407192e-06,-1.0029473151981713e-11,2
9.99,4.0,7.374603846358248e-05,-2.5023668729451284e-05,19.620246257647377,0.0677619251621804,0.006907347061025684,4,-2.186058507231553e-06,-0.007404273336283325,-7.397591018526628e-05,9.810243576524142,0.042462132576736034,0.008656692822255235,6,-1.7333048806383866e-06,0.1558683240878645,8.308630588485186e-05,0.0,0.0,nan,0,-0.0799971167391149,-5.104048487804309e-09,-1.1506258963203804e-06,-1.0030062902452394e-11,2
9.995000000000001,4.0,7.394940106595874e-05,8.941834096795724e-05,19.620190818275514,0.05872388284546225,0.005986066434253333,4,-2.1860690256961246e-06,-0.007404395082141073,1.879025069943742e-05,9.810187334805422,0.03953330253527776,0.008059642733838145,6,-1.7356235727170044e-06,0.15586816290485506,-0.00012412182820609806,0.0,0.0,nan,0,-0.07999711440995452,6.130476100637709e-10,3.048583495350687e-08,-1.0031042563249323e-11,2
10.0,4.0,7.459580951439936e-05,0.00015396145122484586,19.620187069738716,0.0330983095705529,0.003373903567066619,4,-2.1860638425921786e-06,-0.007404017195143285,0.00011815569478368596,9.81018578617967,0.02497282948064625,0.005091204188166816,6,-1.7331223366653936e-06,0.15586705904332648,-0.0002880303460514961,0.0,0.0,nan,0,-0.07999711691642383,4.0199899059424837e-10,9.00160755379507e-07,-1.0027776731200082e-11,2
10.005,4.0,7.540939855901295e-05,0.00015959022785701164,19.620093688225328,0.011867241046886893,0.0012097027909717699,4,-2.1860597890811795e-06,-0.007403278242237505,0.00016060262496029289,9.810093356274077,0.007475807877771555,0.0015241053486999443,6,-1.7263342364307044e-06,0.15586542693547625,-0.00033610601636763833,0.0,0.0,nan,0,-0.0799971237086277,1.7318193040169066e-09,1.6541288597792673e-06,-1.002263062543634e-11,2
10.01,4.0,7.605775409487848e-05,9.541689283036916e-05,19.61991377580827,0.05441522574378268,0.005546938316403581,4,-2.1860447622853996e-06,-0.0074025471051286425,0.00012178927586594246,9.809915000494634,0.03620140497983006,0.0073805746488129036,6,-1.7177695621137246e-06,0.15586396787711415,-0.00023311929574964935,0.0,0.0,nan,0,-0.07999713228837893,3.8943030898338666e-09,1.6317324592380204e-06,-1.0031228192539034e-11,2
10.015,4.0,7.622664920657482e-05,-2.0415331582633136e-05,19.61974050350389,0.06706394274294111,0.006836374082619916,4,-2.1860204687182416e-06,-0.007402177483889308,3.3414907595172034e-05,9.809743060068225,0.04283201217651287,0.008732545167439886,6,-1.7120557397262703e-06,0.15586334979522817,-2.8912666568159105e-05,0.0,0.0,nan,0,-0.07999713802654504,4.610301154227241e-09,6.107142000947734e-07,-1.0030369324007185e-11,2
10.02,4.0,7.583672766188855e-05,-0.00011749456680358072,19.61982999658542,0.051051355743971454,0.005204056890692354,4,-2.186012403881249e-06,-0.0074022841576421175,-6.855692464794652e-05,9.809831788664162,0.03656143769212061,0.007454039677697533,6,-1.7120407102902413e-06,0.15586376682517325,0.00017013843739559787,0.0,0.0,nan,0,-0.07999713804968947,-2.6018358750966135e-10,-4.179350499338836e-07,-1.003082673589333e-11,2
10.025,4.0,7.510457920631917e-05,-0.00016146392965714048,19.619828401491283,0.017023119232610455,0.0017352974637960183,4,-2.1860151724895083e-06,-0.007402872705742993,-0.0001491399796695264,9.809829519696395,0.013678491134493797,0.0027887316710305345,6,-1.7166500847279331e-06,0.15586500795655978,0.0002946908917714686,0.0,0.0,nan,0,-0.07999713343759658,-1.260589634401217e-09,-1.3341125509736668e-06,-1.0030274288916277e-11,2
10.03,4.0,7.43323816284601e-05,-0.00013746048530692456,19.61998189826487,0.03139187288648393,0.0031999899948185096,4,-2.1860304827321653e-06,-0.007403672940814916,-0.0001566165568816632,9.809981409098379,0.020369501457560668,0.004152811429116215,6,-1.724932307732574e-06,0.15586650082422218,0.0002781640611337309,0.0,0.0,nan,0,-0.07999712514011348,-4.336871155476192e-09,-1.803855571516368e-06,-1.003035600133089e-11,2
10.035,4.0,7.38751182566441e-05,-4.416946979472323e-05,19.620209678214863,0.06653002458097937,0.00678178527876289,4,-2.1860545499560735e-06,-0.007404285595881337,-8.704383116466773e-05,9.810207502825984,0.04200786179847325,0.008564112795039703,6,-1.7331095387915219e-06,0.15586749117785553,0.00011530035640610585,0.0,0.0,nan,0,-0.07999711693886535,-5.132871343906148e-09,-1.3366443344889474e-06,-1.0030762787047113e-11,2
10.040000000000001,4.0,7.398948938167607e-05,7.431153799690022e-05,19.620209410493036,0.061313743897013336,0.0062500600900031456,4,-2.186069403203178e-06,-0.007404478832785324,3.281644211230772e-06,9.8102056036675,0.04049054105292809,0.008254779295918302,6,-1.736347160892493e-06,0.1558674904790121,-9.350609025722465e-05,0.0,0.0,nan,0,-0.07999711368644019,-1.42115508640389e-10,-1.1974095811491285e-07,-1.0033000996664758e-11,2
10.045,4.0,7.45847364352664e-05,0.0001473633232402145,19.620183024233803,0.03839751115279451,0.00391408287123193,4,-2.186064197315374e-06,-0.007404178243785655,0.00010523485461443592,9.810181646727395,0.028637013730335587,0.0058382229323732625,6,-1.7345228930168433e-06,0.155866515078519,-0.0002685110493968044,0.0,0.0,nan,0,-0.07999711551596411,6.519003746249417e-10,7.548214372656165e-07,-1.0036716246994363e-11,2
10.05,4.0,7.539245608198655e-05,0.0001633382432937117,19.62011935211726,0.006433136534942475,0.0006557693579216945,4,-2.186061093777114e-06,-0.007403473667403086,0.00015910838169026895,9.810118783805057,0.005194425786921122,0.0010589934538807605,6,-1.7283287939359737e-06,0.1558649232182324,-0.00033835946001765926,0.0,0.0,nan,0,-0.0799971217132169,1.3236881209452043e-09,1.5785301104910705e-06,-1.003676420862903e-11,2
10.055,4.0,7.608906306515696e-05,0.00010946823649507269,19.61994303801705,0.04842347295431298,0.004936148169287147,4,-2.1860477498920894e-06,-0.007402714196908236,0.0001332261949255662,9.80994410222394,0.032081422193568826,0.006540592251957049,6,-1.7197621140357944e-06,0.1558633875766796,-0.00025860722994526725,0.0,0.0,nan,0,-0.07999713029329086,3.6124862168848307e-09,1.6954503941254845e-06,-1.0031964492448972e-11,2
10.06,4.0,7.634718784001219e-05,-1.6761779258791762e-06,19.619738416382923,0.06789797753393728,0.006921394780395333,4,-2.186024133425668e-06,-0.007402276450267041,4.775578413658591e-05,9.809740542555279,0.043059666115405855,0.008778961263778647,6,-1.7132707095732225e-06,0.15586261214137134,-6.199236822253546e-05,0.0,0.0,nan,0,-0.07999713680836197,5.227313602472435e-09,8.127511183399366e-07,-1.0035804975935755e-11,2
10.065,4.0,7.603369705221662e-05,-0.00010587390540597221,19.619824002602996,0.05435106993480441,0.005540423800702143,4,-2.186012229808687e-06,-0.007402304364193218,-5.1951055355536674e-05,9.80982614903235,0.03835321779555707,0.007819347094003346,6,-1.7124491209288828e-06,0.1558628739823757,0.00014191223526422887,0.0,0.0,nan,0,-0.0799971376419044,1.2763613549262205e-10,-2.8566562416616663e-07,-1.0035066011490565e-11,2
10.07,4.0,7.53371212613976e-05,-0.00015855424788361946,19.619816884104996,0.023379741272837717,0.0023832782345465033,4,-2.186014241737505e-06,-0.007402829250750842,-0.00014081054718955146,9.809818033525856,0.017998185308419318,0.0036694228673577935,6,-1.7163470938941217e-06,0.15586401588119708,0.000283452106090425,0.0,0.0,nan,0,-0.07999713374196968,-8.417474547953534e-10,-1.1995077232514602e-06,-1.0035453257281554e-11,2
10.075000000000001,4.0,7.454811808113723e-05,-0.0001459902634769217,19.619954457600347,0.02432039923801661,0.0024791494078718833,4,-2.1860271560460165e-06,-0.007403621780945905,-0.00016094330724517863,9.809954368454623,0.015566269009512542,0.0031735660380986506,6,-1.7242500351677403e-06,0.1558655178512279,0.0002910209182546203,0.0,0.0,nan,0,-0.07999712582616428,-4.0174844730414926e-09,-1.7862523620014297e-06,-1.0036972930557662e-11,2
10.08,4.0,7.402005197722068e-05,-6.269288433517878e-05,19.62015824251131,0.06414117588979454,0.006538293432396364,4,-2.186050588697669e-06,-0.007404287020273341,-9.991256324509069e-05,9.810156107086547,0.04123308013181446,0.008406202649931123,6,-1.7327665699298778e-06,0.15586663159349734,0.0001466928316288576,0.0,0.0,nan,0,-0.07999711728624703,-4.916404538536683e-09,-1.493471750866628e-06,-1.0037408137983316e-11,2
10.085,4.0,7.40424364863517e-05,5.8013756944813905e-05,19.620228896452975,0.06361464973124553,0.006484598122374204,4,-2.186069190876494e-06,-0.007404549731337526,-1.1769940867673907e-05,9.81022484755837,0.041327264204711896,0.008425344953229627,6,-1.7369458368346469e-06,0.15586679235707304,-6.215639551191859e-05,0.0,0.0,nan,0,-0.07999711308842816,-1.0939439833449308e-09,-2.8365560674876906e-07,-1.0040873810176986e-11,2
10.09,4.0,7.458014126677895e-05,0.00013954470799094985,19.620174925597503,0.0431203658787202,0.004395512888365039,4,-2.186064765180573e-06,-0.007404328272850874,9.090676277568181e-05,9.810173365214705,0.031831783492275084,0.006489545557909397,6,-1.7358001514963806e-06,0.15586595363100922,-0.0002463640136797861,0.0,0.0,nan,0,-0.07999711423858938,1.0100057271075377e-09,6.137218195513699e-07,-1.0033398012418369e-11,2
10.095,4.0,7.537420229373713e-05,0.00016530843106966192,19.62014181653432,0.00659944782504147,0.0006727217251284056,4,-2.18606206497593e-06,-0.0074036671808273636,0.00015563873151270858,9.810141047701283,0.0066972332377351704,0.0013653694080788918,6,-1.7302521971157558e-06,0.1558644189153446,-0.0003368596689722889,0.0,0.0,nan,0,-0.07999711978929415,9.52613267433916e-10,1.482688301748401e-06,-1.0035740138911119e-11,2
10.1,4.0,7.611091803880921e-05,0.00012207045916014838,19.6199716587465,0.04207005938941219,0.004288493390423175,4,-2.186050505718906e-06,-0.007402889838720136,0.0001427208863295042,9.809972533181789,0.02761275802565787,0.005629528101584172,6,-1.72179576456849e-06,0.15586282529506082,-0.0002807038153545249,0.0,0.0,nan,0,-0.07999712825733614,3.320076421840751e-09,1.7354491994405067e-06,-1.0041281484071627e-11,2
10.105,4.0,7.645397434861421e-05,1.728188944075586e-05,19.61974994139024,0.06802662009041519,0.006934504292218811,4,-2.1860282216311366e-06,-0.0074023869683913154,6.165724495975926e-05,9.809751512801414,0.043047311929507996,0.00877643269013137,6,-1.7146415020319328e-06,0.15586189980617332,-9.485156773817662e-05,0.0,0.0,nan,0,-0.07999713543393297,5.467898835097257e-09,1.013912880263466e-06,-1.0036567921198278e-11,2
10.11,4.0,7.62216741907636e-05,-9.315222392817906e-05,19.619811612990965,0.057465665510547215,0.005857922251658847,4,-2.186012379321034e-06,-0.007402338548230424,-3.528578975407939e-05,9.809814058331781,0.039403649412377874,0.008033516064233883,6,-1.712967098464746e-06,0.15586200412410403,0.00011252561687333587,0.0,0.0,nan,0,-0.07999713712422903,7.123826000751293e-10,-1.4909593055707675e-07,-1.0042244269478581e-11,2
10.115,4.0,7.556674322040812e-05,-0.00015414817206206428,19.61981027772956,0.029476699221610912,0.0030047894250098744,4,-2.1860136285301035e-06,-0.007402793980875458,-0.0001308090784950446,9.809811407952271,0.022176108732019004,0.00452121000288386,6,-1.716161856575582e-06,0.1558630349258358,0.0002690448902772616,0.0,0.0,nan,0,-0.07999713392827193,-5.320458135741164e-10,-1.0574622101529724e-06,-1.0041557707560154e-11,2
10.120000000000001,4.0,7.476953508893204e-05,-0.0001528091638454982,19.619926868894392,0.017407246150189713,0.0017744455691919337,4,-2.186024105031714e-06,-0.0074035693373618655,-0.00016318887859001442,9.809927136779331,0.0110292675322301,0.002248593160468894,6,-1.7236004194801091e-06,0.15586452792875277,0.00030008571868624524,0.0,0.0,nan,0,-0.07999712647928273,-3.5954521475104307e-09,-1.7480084387802704e-06,-1.0040049580603504e-11,2
10.125,4.0,7.417869373344875e-05,-7.99384112543807e-05,19.62011550314469,0.05998705211775141,0.0061148520871996655,4,-2.186046819542542e-06,-0.0074042803264159785,-0.00011273458696632813,9.81011339268618,0.03973594526468654,0.008101016506967438,6,-1.7323236254015995e-06,0.1558657501976441,0.00017676071100149575,0.0,0.0,nan,0,-0.07999711773341248,-4.851507961535534e-09,-1.609015305456498e-06,-1.0037947262284074e-11,2
10.13,4.0,7.410789757790577e-05,4.0672250919141563e-05,19.620246827666573,0.0655349028691346,0.0066803341919963646,4,-2.186068206139896e-06,-0.0074046108724602835,-2.6383148937836e-05,9.81024269187527,0.041985083864311955,0.008559438371302172,6,-1.7374302834216593e-06,0.15586607197850827,-3.0201352671554552e-05,0.0,0.0,nan,0,-0.07999711260541806,-2.1790786499123853e-09,-4.6259952749123814e-07,-1.0037206521482045e-11,2
10.135,4.0,7.458144232633857e-05,0.00013046121358829777,19.620164472914553,0.04730187282064951,0.004821761090326158,4,-2.1860656044085658e-06,-0.0074044686493067,7.558813759279178e-05,9.810162475370882,0.03452125049492154,0.0070378549961001395,6,-1.7369845957473928e-06,0.1558653766494533,-0.00022196156533422855,0.0,0.0,nan,0,-0.07999711305375767,1.3532737588847383e-09,4.78713925100725e-07,-1.0039871944919562e-11,2
10.14,4.0,7.53541890913585e-05,0.0001655244296136475,19.620160086741066,0.012011604203270927,0.0012244144951078296,4,-2.1860627834602298e-06,-0.007403858755484146,0.00015042473025299422,9.81015912106175,0.010448855093983432,0.0021302111342007585,6,-1.7321136041512086e-06,0.15586391444789544,-0.0003318613374818418,0.0,0.0,nan,0,-0.07999711792762043,6.444716849615291e-10,1.3709992877519047e-06,-1.0043207943063955e-11,2
10.145,4.0,7.61228403826142e-05,0.00013325547122156409,19.619999602627193,0.03540769881827494,0.003609347557125711,4,-2.186053046124292e-06,-0.007403073000364805,0.00015030386006802473,9.810000250735369,0.022975523909123385,0.004684102614044503,6,-1.7238658785237448e-06,0.15586228048069728,-0.00029947147236502946,0.0,0.0,nan,0,-0.0799971261851336,3.020291841569729e-09,1.7546651631745056e-06,-1.0044774689796306e-11,2
10.15,4.0,7.65459318125535e-05,3.627907143380096e-05,19.619779895892847,0.06725361086187787,0.006855694734471161,4,-2.186032430542134e-06,-0.007402507988567945,7.546150432195971e-05,9.809781040195203,0.04276603150867941,0.008719059341579028,6,-1.7161706786783526e-06,0.15586121281686555,-0.00012765268028939685,0.0,0.0,nan,0,-0.07999713390099926,5.247098863013462e-09,1.2050864625640514e-06,-1.0044629028535476e-11,2
10.155,4.0,7.639988304052506e-05,-7.880193948704584e-05,19.619794550798012,0.06026175828509262,0.006142955078257081,4,-2.1860130258073707e-06,-0.007402384597675541,-1.9096999018362388e-05,9.809797214108412,0.040405676621741236,0.008237820974246022,6,-1.7135863543960017e-06,0.15586115591432298,8.198687051460925e-05,0.0,0.0,nan,0,-0.0799971365047785,1.4849296672822147e-09,-4.986599984732687e-10,-1.004324879927126e-11,2
10.16,4.0,7.579350506496074e-05,-0.000148175214311492,19.619808927100124,0.03521999099400217,0.0035902481135128782,4,-2.1860132319549697e-06,-0.007402765123303473,-0.0001190752477218057,9.809810027686083,0.026123239109051413,0.005325941895984566,6,-1.716074232972764e-06,0.15586206325768703,0.00025133843058689425,0.0,0.0,nan,0,-0.07999713401674396,-3.542845536400438e-10,-9.094968304477889e-07,-1.0043865195094532e-11,2
10.165000000000001,4.0,7.499698933929975e-05,-0.00015785922433655307,19.61989983729779,0.01088269657584994,0.0011093529188321066,4,-2.186021381259118e-06,-0.007403513438779184,-0.0001632969389549398,9.809900404260787,0.007255198975050953,0.0014791585390407762,6,-1.722963557361512e-06,0.15586352852883167,0.0003052441683884184,0.0,0.0,nan,0,-0.0799971271193205,-3.094142236594083e-09,-1.6873508954134554e-06,-1.0043795028999375e-11,2
10.17,4.0,7.43513190562606e-05,-9.542587662148562e-05,19.62008261447555,0.05434575319830049,0.005539808803680021,4,-2.186043057076509e-06,-0.007404261472413995,-0.00012548063060081963,9.810080812693712,0.03623015553555043,0.00738631133163971,6,-1.731772987643987e-06,0.15586484267287548,0.00020499454886283475,0.0,0.0,nan,0,-0.07999711828826461,-4.831609994705761e-09,-1.6938140204512805e-06,-1.0043935361189686e-11,2
10.175,4.0,7.418764712881772e-05,2.2420592899191544e-05,19.620260349835693,0.06698242410019335,0.006827883311013688,4,-2.1860663696367244e-06,-0.007404658486243328,-4.056734614163184e-05,9.810256343448437,0.042426444104722655,0.00864940580947331,6,-1.7377534820353646e-06,0.155865323798941,2.2348314290461613e-06,0.0,0.0,nan,0,-0.07999711228450787,-3.2960542774588094e-09,-6.549111446457331e-07,-1.0045071341388484e-11,2
10.18,4.0,7.459081473251118e-05,0.00012029350489124544,19.62016178430686,0.050842671872206854,0.00518269649671016,4,-2.186066694012667e-06,-0.007404594933497582,5.9304890812659044e-05,9.810159242715258,0.03663755713117696,0.007469309360779838,6,-1.7380424410864959e-06,0.15586477751908298,-0.00019551028096682154,0.0,0.0,nan,0,-0.07999711199527469,1.4469737311103745e-09,3.5247068255743563e-07,-1.0048636489565158e-11,2
10.185,4.0,7.533540206170368e-05,0.00016409459525813905,19.620174096102463,0.018268268597947616,0.0018621923035409352,4,-2.1860632449070827e-06,-0.007404044577557498,0.000143201756466161,9.810172986974793,0.01472056360108698,0.003001081351089697,6,-1.7338646135581226e-06,0.1558634030164879,-0.000323208200434945,0.0,0.0,nan,0,-0.07999711617660157,4.168078993601785e-10,1.2445338028845158e-06,-1.0051159804455524e-11,2
10.19,4.0,7.612740612145667e-05,0.0001428411732035141,19.62002684025671,0.02856935259790153,0.0029122643746116025,4,-2.1860553374893066e-06,-0.007403260927689454,0.0001557163960606024,9.810027213981531,0.018251957537872256,0.003721081937848051,6,-1.7259334981062358e-06,0.1558617478034171,-0.00031446938142038193,0.0,0.0,nan,0,-0.07999712411567467,2.695609027601704e-09,1.7506800296668715e-06,-1.0050007837045174e-11,2
10.195,4.0,7.662410219038767e-05,5.4751925654463105e-05,19.619825770709564,0.06541637225739337,0.006668394818781058,4,-2.186036435560673e-06,-0.007402639649656719,8.887359539454474e-05,9.80982692424177,0.04216754289062627,0.008597000378553675,6,-1.717837145344403e-06,0.15586055027035517,-0.00015953729664996248,0.0,0.0,nan,0,-0.0799971322309796,4.728970026289487e-09,1.3704111897318442e-06,-1.0049143639442807e-11,2
10.200000000000001,4.0,7.656724788470488e-05,-6.326758940955804e-05,19.619776320214715,0.06265829997777715,0.0063872593606705734,4,-2.186014260420477e-06,-0.007402444148068668,-3.5801041056872493e-06,9.809779137944856,0.0412949035283194,0.008419130124670812,6,-1.7143241237485563e-06,0.15586033206429534,5.093595447118705e-05,0.0,0.0,nan,0,-0.07999713576622658,2.3739542669972862e-09,1.5881700801061233e-07,-1.00469116470741e-11,2
10.205,4.0,7.601542846801996e-05,-0.00014088635771015442,19.619812092287134,0.04046278958288502,0.00412468675974645,4,-2.186012957157424e-06,-0.007402747582753917,-0.00010606407839232183,9.809813192391342,0.029712925646742428,0.006057796425682862,6,-1.7161142450913824e-06,0.15586110775980258,0.00023103873361715583,0.0,0.0,nan,0,-0.07999713397745875,-2.988724991396071e-10,-7.629810371694988e-07,-1.0045479015283126e-11,2
10.21,4.0,7.522778047947685e-05,-0.0001611085334413814,19.61987474090089,0.006434620429360383,0.000655928798153471,4,-2.1860190591617423e-06,-0.007403460558793175,-0.00016157567785273546,9.809875536944212,0.005737313038544595,0.0011697014945679476,6,-1.7223991807535644e-06,0.15586252882541846,0.00030677254536714367,0.0,0.0,nan,0,-0.0799971276864713,-2.552228454301458e-09,-1.6078897843357496e-06,-1.0045016274326463e-11,2
10.215,4.0,7.453545342724099e-05,-0.00010932788504510706,19.620052502719624,0.048155377226178325,0.0049087918821321495,4,-2.1860393397549194e-06,-0.007404236132957166,-0.00013684349203284257,9.810051064615639,0.0319974671952945,0.006523404819105938,6,-1.7311895600044536e-06,0.15586391716840559,0.00023025974770823102,0.0,0.0,nan,0,-0.0799971188758617,-4.775066371588737e-09,-1.7542663433694614e-06,-1.004472761634006e-11,2
10.22,4.0,7.428158339106484e-05,3.528038391668708e-06,19.620265087632117,0.0678237966679732,0.0069136473299463005,4,-2.1860637027040775e-06,-0.007404698334512767,-5.431132496811657e-05,9.810261467454437,0.04261468227593469,0.008687777062274842,6,-1.7379555996080431e-06,0.15586455368195107,3.487169377067265e-05,0.0,0.0,nan,0,-0.07999711208550939,-4.273679067469432e-09,-8.562883670018693e-07,-1.0050817855763945e-11,2
10.225,4.0,7.46082320005293e-05,0.00010893701141726724,19.620170138284983,0.05408709007873391,0.0055134170292635105,4,-2.1860678115145915e-06,-0.00740471142492222,4.259273637373543e-05,9.810167210156756,0.03794536809057419,0.007735926876208232,6,-1.739030062751501e-06,0.15586416056588756,-0.00016744130403133277,0.0,0.0,nan,0,-0.0799971110069877,1.2782819816522693e-09,2.2652800279147985e-07,-1.0051372967276258e-11,2
10.23,4.0,7.531770657316277e-05,0.00016106378224200226,19.62018364452709,0.024491381960645386,0.0024965497167991173,4,-2.1860635697722175e-06,-0.0074042266158313805,0.00013432581702111827,9.810182437423855,0.019002559876581265,0.0038740482142493814,6,-1.7355421832732087e-06,0.15586288672454346,-0.0003113011189381707,0.0,0.0,nan,0,-0.07999711449915917,2.9910067139562003e-10,1.1088974549801492e-06,-1.0046189558018889e-11,2
10.235,4.0,7.612456444951932e-05,0.00015083140625704591,19.620054046611042,0.02170072406033705,0.002212096257103369,4,-2.18605738689856e-06,-0.007403454107977059,0.00015918064758250564,9.810054118900412,0.013598943953704673,0.002772450343062725,6,-1.7280133705541156e-06,0.15586122780131495,-0.0003259235369468016,0.0,0.0,nan,0,-0.079997122034205,2.3341835886911033e-09,1.72734670777712e-06,-1.0051229082372266e-11,2
10.24,4.0,7.668794286954994e-05,7.223807374797943e-05,19.619868970275988,0.061997615153162135,0.0063198806523212,4,-2.186040015499102e-06,-0.007402782353308317,0.00010242720488819364,9.809870371074997,0.040900367420740685,0.00833861526679046,6,-1.719639021784125e-06,0.15585991311091119,-0.00019057672517329088,0.0,0.0,nan,0,-0.07999713042597544,4.321614323342344e-09,1.4990933954603248e-06,-1.0051005261410501e-11,2
10.245000000000001,4.0,7.672235928228531e-05,-4.659755474229912e-05,19.619758811696904,0.06474273976201139,0.006599748792366711,4,-2.186016229446114e-06,-0.007402515274359599,1.1730618232692021e-05,9.809761660455953,0.04204561331844943,0.008572198749321127,6,-1.7151905388756994e-06,0.15585953205841763,1.8955526544438754e-05,0.0,0.0,nan,0,-0.07999713489829466,3.3287278969326303e-09,3.347301057418516e-07,-1.0050665089075756e-11,2
10.25,4.0,7.623166699897342e-05,-0.00013227150049968436,19.619818781848824,0.04514539520853187,0.004602019591567064,4,-2.1860127098517756e-06,-0.007402738952099492,-9.154792809470928e-05,9.809819984449435,0.03284246712834488,0.006695834822740251,6,-1.7162604226197975e-06,0.1558601668714916,0.00020790805520211222,0.0,0.0,nan,0,-0.07999713383198075,-3.289062381909137e-10,-6.174027243649041e-07,-1.0050512322387568e-11,2
10.255,4.0,7.546117286360071e-05,-0.00016250098910553,19.6198528018515,0.008297167784520526,0.0008457930717744766,4,-2.1860171578666487e-06,-0.007403407061878731,-0.00015780754942825033,9.80985376214773,0.007805468580629171,0.001591352688813227,6,-1.7218810350952407e-06,0.15586152591863983,0.0003043972017135741,0.0,0.0,nan,0,-0.0799971282069705,-2.0074567971831558e-09,-1.50723312349206e-06,-1.0050880028253322e-11,2
10.26,4.0,7.473051157065827e-05,-0.00012178231514746664,19.620023037874063,0.04155744721077465,0.004236228176751176,4,-2.1860356578355666e-06,-0.007404199493825441,-0.00014625239067134557,9.810021974091988,0.02738416921319185,0.0055828966103262,6,-1.7305362128849922e-06,0.15586296945529599,0.00025212340557332345,0.0,0.0,nan,0,-0.07999711953334301,-4.6514944819789756e-09,-1.7901716209659104e-06,-1.0051793075668774e-11,2
10.265,4.0,7.439048999717617e-05,-1.5752522213150287e-05,19.620255946774495,0.06793601490255212,0.0069250895693560586,4,-2.186060285114949e-06,-0.0074047247415603215,-6.770382999301313e-05,9.810252934930308,0.04254059840610455,0.008672681262811245,6,-1.7379728163291475e-06,0.15586375516820367,6.754508853811861e-05,0.0,0.0,nan,0,-0.07999711207216256,-4.941892385036713e-09,-1.0601134881838693e-06,-1.005428974520655e-11,2
10.27,4.0,7.463489752730163e-05,9.609537249257661e-05,19.620182946644913,0.057251473104972424,0.005835977499359916,4,-2.1860687636210407e-06,-0.007404812223663934,2.6229857306054173e-05,9.810179602730992,0.039010517539871,0.007953068979289862,6,-1.7398915317171082e-06,0.1558635186865594,-0.00013823645688679513,0.0,0.0,nan,0,-0.07999711014501894,8.783569303546663e-10,9.353936025584316e-08,-1.0058497934559087e-11,2
10.275,4.0,7.530314008213793e-05,0.0001565666578578949,19.62018733652433,0.030400704247234855,0.0030989208946687117,4,-2.1860638044872427e-06,-0.007404399435781291,0.000123607862042303,9.810186071205267,0.023098599685637402,0.004709105315226613,6,-1.737085828450169e-06,0.15586235810008708,-0.00029608571040954756,0.0,0.0,nan,0,-0.07999711295573161,3.35209072109503e-10,9.65671441041469e-07,-1.0051149146314488e-11,2
10.28,4.0,7.611636593820088e-05,0.0001571345733006376,19.620081571591506,0.014943931471236164,0.0015233302080531533,4,-2.1860591339663282e-06,-0.0074036482144902984,0.00016046508189415686,9.810081368083027,0.00926853262460924,0.0018895934247322944,6,-1.7300516676685418e-06,0.1558607140970881,-0.00033351080912188497,0.0,0.0,nan,0,-0.07999711999461318,1.9301278202917975e-09,1.6812502352109717e-06,-1.0053440646637315e-11,2
10.285,4.0,7.673891515602974e-05,8.82579852736747e-05,19.61990005663014,0.05699437346742538,0.005809853597920373,4,-2.1860433213616304e-06,-0.0074029346169782765,0.00011570707518619959,9.80990134743071,0.037949378527720186,0.007736954161656157,6,-1.7215224752190061e-06,0.15585929839468923,-0.00021987617780226286,0.0,0.0,nan,0,-0.0799971285396685,4.0385170106390784e-09,1.596015876743782e-06,-1.0053779930793641e-11,2
10.290000000000001,4.0,7.686490715147251e-05,-2.9010548888940052e-05,19.619744471266284,0.06641358869411865,0.006770076826574717,4,-2.1860189011214948e-06,-0.007402598477947024,2.641931749653422e-05,9.809747191422543,0.04260797570113023,0.008686865190243809,6,-1.716186886636939e-06,0.15585875670817645,-1.3319849364157682e-05,0.0,0.0,nan,0,-0.0799971338997276,4.253686938736304e-09,5.213098238724829e-07,-1.0053232812887108e-11,2
10.295,4.0,7.644133093954155e-05,-0.00012246090710756326,19.61982747029561,0.049284715467876744,0.005023970322113559,4,-2.1860124368583422e-06,-0.00740274310970487,-7.62431764624646e-05,9.809829028291903,0.0354790741763742,0.007233372584588633,6,-1.716523420076943e-06,0.15585924536084303,0.00018279303940016978,0.0,0.0,nan,0,-0.0799971335697087,-3.3850297315317374e-10,-4.7930054891039e-07,-1.0052211407704454e-11,2
10.3,4.0,7.56954422261726e-05,-0.00016214144013911125,19.619835240704077,0.014009308775877137,0.0014280760876944447,4,-2.1860156635376826e-06,-0.007403359301287176,-0.00015237529562630472,9.809836331123673,0.01164266253964838,0.0023736711086014143,6,-1.7214593090106312e-06,0.15586052788601848,0.0002986057281822618,0.0,0.0,nan,0,-0.07999712863064336,-1.4964850007529314e-09,-1.39277992472915e-06,-1.0051883669867584e-11,2
10.305,4.0,7.493491174734925e-05,-0.00013271026967064025,19.61999460029378,0.03472624701070012,0.0035398834421881188,4,-2.1860320950986556e-06,-0.007404159203856311,-0.0001537101345312155,9.809993913762048,0.02265879439564903,0.004619532814156371,6,-1.7298858393591243e-06,0.15586200876412912,0.00027050943320988164,0.0,0.0,nan,0,-0.07999712018773172,-4.4616471361350464e-09,-1.8052753805307262e-06,-1.0057309551833536e-11,2
10.31,4.0,7.45142948417232e-05,-3.50153392000968e-05,19.620229340863478,0.0672192339552395,0.0068520334586752805,4,-2.1860564371097013e-06,-0.007404744342542954,-8.077896751499877e-05,9.81022695993433,0.04222828657326094,0.008609033561756378,6,-1.7378670100140492e-06,0.15586293496496706,9.988337231815647e-05,0.0,0.0,nan,0,-0.07999711218226932,-5.184549310700879e-09,-1.2552582026471157e-06,-1.0053515253624576e-11,2
10.315,4.0,7.467189129458565e-05,8.172778030099371e-05,19.62020063034413,0.0600817551549085,0.0061244791821330824,4,-2.186069385304301e-06,-0.007404903829165654,1.0543373848349112e-05,9.810196941889437,0.04001530960142894,0.008157901383317595,6,-1.7406802861955062e-06,0.15586285730056554,-0.0001081820519527908,0.0,0.0,nan,0,-0.07999710935609525,2.319446146800264e-10,-4.93172000658035e-08,-1.0055571386666183e-11,2
10.32,4.0,7.529233736726662e-05,0.0001506424148841234,19.620185668120932,0.03590518832980202,0.0036600253368795706,4,-2.1860640957507838e-06,-0.007404566501265643,0.00011146597911621832,9.810184332608735,0.026912847758697168,0.005486716018014001,6,-1.7385480412870913e-06,0.1558618199722045,-0.0002780192552073978,0.0,0.0,nan,0,-0.07999711149368,5.196966031392323e-10,8.2080916583853e-07,-1.005779804996437e-11,2
10.325000000000001,4.0,7.610361798342976e-05,0.00016170831995111678,19.620107813108703,0.00872354310306891,0.000889245175017895,4,-2.186060580569582e-06,-0.007403845178966013,0.00015988318956164341,9.81010735288066,0.005901263242210461,0.0012030986063526821,6,-1.7320757207742177e-06,0.15586020781508328,-0.0003375023341218365,0.0,0.0,nan,0,-0.07999711796956596,1.5207897892651888e-09,1.6153580335542132e-06,-1.0056015475876031e-11,2
10.33,4.0,7.677782562604862e-05,0.0001028681832187445,19.61993001006691,0.0513070948183986,0.005230099678446675,4,-2.1860463965441e-06,-0.007403098853566557,0.00012782541026139683,9.809931173207392,0.034091292070313764,0.006950363151053076,6,-1.723496592158369e-06,0.15585870772801882,-0.0002466043814899991,0.0,0.0,nan,0,-0.0799971265629289,3.754133048038079e-09,1.6696004943474321e-06,-1.00625062837672e-11,2
10.335,4.0,7.699353722862107e-05,-1.0703596750619308e-05,19.619737729389467,0.06753688592128435,0.006884586007499701,4,-2.1860222986780364e-06,-0.0074026938935744125,4.089745933656798e-05,9.809740104905877,0.04294838215807885,0.008756273193537563,6,-1.7173453669902528e-06,0.15585800750258474,-4.6104613994824186e-05,0.0,0.0,nan,0,-0.07999713273830222,4.997933306381777e-09,7.200320281458984e-07,-1.0057349519862423e-11,2
10.34,4.0,7.664293148988713e-05,-0.00011151616623429224,19.61982833887263,0.052784927144647366,0.005380773596277084,4,-2.1860121882308348e-06,-0.007402759275089869,-5.992724972118469e-05,9.80983037251485,0.03756872700554037,0.007659404001683924,6,-1.7168992012747686e-06,0.1558583439361825,0.00015553270114750282,0.0,0.0,nan,0,-0.07999713319462869,-9.116280880326668e-11,-3.462988285044121e-07,-1.005753692550898e-11,2
10.345,4.0,7.592887522562397e-05,-0.0001600563802394166,19.61982169325298,0.02031872644478195,0.0020712447607787706,4,-2.1860145745893067e-06,-0.007403315025127259,-0.00014488747155233452,9.809822845206188,0.01590882891914201,0.0032434487697025538,6,-1.7211252222107398e-06,0.15585953418901075,0.00028903317358484876,0.0,0.0,nan,0,-0.0799971289662717,-1.0383332175748363e-09,-1.262912496278037e-06,-1.0064684097252306e-11,2
10.35,4.0,7.51473922512902e-05,-0.00014198709011745866,19.619967025009196,0.027715211519701844,0.0028252046993120627,4,-2.186028688545838e-06,-0.007404111633309356,-0.00015895121668529962,9.809966733029611,0.01785636135776111,0.0036404529890279314,6,-1.7292128180398936e-06,0.15586103272687685,0.0002850276651995251,0.0,0.0,nan,0,-0.07999712086461222,-4.18780907723991e-09,-1.7964878327399595e-06,-1.0057617749745173e-11,2
10.355,4.0,7.465298152222996e-05,-5.3799167101624785e-05,19.62018325533403,0.06540874286629005,0.006667495610522163,4,-2.186052450073306e-06,-0.00740475167223356,-9.36553542574519e-05,9.810181148783036,0.04161907087811432,0.0084848730613455,6,-1.7375898933510991e-06,0.15586208762342274,0.0001315439163620911,0.0,0.0,nan,0,-0.07999711246382568,-5.035699595036565e-09,-1.4259447549232612e-06,-1.0063980659943903e-11,2
10.36,4.0,7.472026011983068e-05,6.604267354364988e-05,19.62021988538146,0.062496929292895236,0.0063706655336172,4,-2.1860694491109e-06,-0.007404981157036279,-4.634805917714125e-06,9.810215912494447,0.04090692187536651,0.008339657809827978,6,-1.7413341529270987e-06,0.1558621702767036,-7.731843601505904e-05,0.0,0.0,nan,0,-0.07999710870261736,-6.351437437671481e-10,-2.0630535741956998e-07,-1.006291129312658e-11,2
10.365,4.0,7.528651414404888e-05,0.00014343466752010086,19.620179200819013,0.0408847494507341,0.004167622429159815,4,-2.186064550470379e-06,-0.0074047220055420025,9.782697002832833e-05,9.810177736056012,0.0303399766881573,0.006185408155582488,6,-1.7398756535294546e-06,0.15586126531844377,-0.000257172169327251,0.0,0.0,nan,0,-0.07999711016606573,8.358024113349782e-10,6.77755777220998e-07,-1.0062959254761243e-11,2
10.370000000000001,4.0,7.608786296552377e-05,0.00016451092558939843,19.620131859091277,0.005456832891141168,0.0005562483402590043,4,-2.1860617021307593e-06,-0.007404039805098337,0.0001573422675336678,9.8101311851686,0.005503110476977415,0.0011219239321278937,6,-1.7340267268531329e-06,0.1558597022166205,-0.00033776368828931355,0.0,0.0,nan,0,-0.07999711601789104,1.1285141710545443e-09,1.5285336407330625e-06,-1.0060695287969426e-11,2
10.375,4.0,7.680588383691198e-05,0.00011609713745145885,19.61995883265219,0.0451370839068462,0.004601139512252957,4,-2.186049258227213e-06,-0.007403270790829144,0.00013822579246927565,9.809959817618008,0.029759095869670665,0.006067118810461464,6,-1.725508944186438e-06,0.15585813562910467,-0.000270233388474916,0.0,0.0,nan,0,-0.07999712454816793,3.4653420604699048e-09,1.7196868920052312e-06,-1.0064030397935401e-11,2
10.38,4.0,7.710842135670442e-05,8.122689292759194e-06,19.61974220425523,0.06802016180148467,0.006933848680920192,4,-2.1860262200967817e-06,-0.007402799671076221,5.487823850655318e-05,9.809744066742867,0.043051218815226326,0.008777235883488372,6,-1.7186429042345686e-06,0.15585728241963992,-7.89113497391303e-05,0.0,0.0,nan,0,-0.07999713143729634,5.434723804374724e-09,9.218357582236181e-07,-1.0062196309498722e-11,2
10.385,4.0,7.683647011321116e-05,-9.942617307640528e-05,19.619817933256428,0.055946800658675445,0.005703090706447712,4,-2.1860121592436055e-06,-0.007402788059931223,-4.327137160263938e-05,9.80982026863309,0.03887755519839439,0.007926252292859108,6,-1.7173703602962886e-06,0.1558574632077294,0.00012678715935439608,0.0,0.0,nan,0,-0.07999713272395143,4.123885358183912e-10,-2.136110931674907e-07,-1.0060938648856425e-11,2
10.39,4.0,7.616109201640742e-05,-0.00015638151653772373,19.619812517623984,0.026556090770270574,0.0027070687598483322,4,-2.186013803539416e-06,-0.007403277828229506,-0.0001358210885471319,9.809813676707657,0.02016284127063568,0.004110749079467262,6,-1.7208927462902812e-06,0.15585854880229852,0.0002762922563749008,0.0,0.0,nan,0,-0.07999712919997148,-6.682973454089478e-10,-1.1252165369438218e-06,-1.0065082889362746e-11,2
10.395,4.0,7.53671914766074e-05,-0.0001496398677613749,19.61993987886487,0.020727058800543027,0.0021128565050161827,4,-2.1860254950413494e-06,-0.0074040623197641365,-0.00016227001312762396,9.809939976968755,0.013178865045653135,0.002686839078851402,6,-1.7285612560064e-06,0.15586004764273018,0.00029599956879799923,0.0,0.0,nan,0,-0.07999712151982058,-3.820883870576981e-09,-1.7688748952789527e-06,-1.0067332645299847e-11,2
10.4,4.0,7.480614496256363e-05,-7.172152841551622e-05,19.62013069898266,0.06234812869567713,0.0063555263369280204,4,-2.1860485968083765e-06,-0.007404751655035249,-0.0001064077698531063,9.810128418547341,0.04063451346239375,0.008284196032657197,6,-1.7372080174313242e-06,0.15586121847305554,0.00016221902279940425,0.0,0.0,nan,0,-0.07999711285000771,-4.833551246309669e-09,-1.562103137914787e-06,-1.0061078092868318e-11,2
10.405,4.0,7.478089065889543e-05,4.926559107303813e-05,19.62023892885072,0.06461804544154899,0.006586876508066466,4,-2.1860688636243797e-06,-0.00740504934106435,-1.9387946731397985e-05,9.810234782547916,0.04165769359035562,0.008492700636372799,6,-1.7418898303547814e-06,0.1558614618621116,-4.57878831867873e-05,0.0,0.0,nan,0,-0.0799971081479783,-1.6637502601738288e-09,-3.7727004904193735e-07,-1.0064036615184339e-11,2
10.41,4.0,7.52864757063872e-05,0.0001350056213244411,19.62016936174519,0.045306479204424245,0.004618357606307052,4,-2.1860652567110006e-06,-0.007404869126646822,8.302731839461184e-05,9.810167594313988,0.033255316609032,0.006779765236285445,6,-1.7411150612864357e-06,0.1558606965115531,-0.0002339431419394513,0.0,0.0,nan,0,-0.0799971089264046,1.2076023861426096e-09,5.402830052344947e-07,-1.0070592260100148e-11,2
10.415000000000001,4.0,7.607027323545672e-05,0.00016557414114913295,19.62015187584985,0.00910503904430529,0.0009281313520832165,4,-2.186062532733707e-06,-0.007404234180385222,0.00015298874057392478,9.810150996400779,0.008470436767907059,0.0017268718434639294,6,-1.7359279672266026e-06,0.15585919821685212,-0.0003344730473162903,0.0,0.0,nan,0,-0.07999711411627297,7.914770306357741e-10,1.4242398833170095e-06,-1.006661766167199e-11,2
10.42,4.0,7.682406411801012e-05,0.00012792386660263075,19.61998688683728,0.03866020068745888,0.0039408997478377885,4,-2.18605189165888e-06,-0.007403452309082236,0.0001466724160244269,9.809987662403953,0.025227709649393932,0.005143270413290579,6,-1.7275739357877629e-06,0.15585758300393945,-0.0002905064115918762,0.0,0.0,nan,0,-0.0799971224809958,3.1712080428833066e-09,1.747954800800296e-06,-1.006457307494984e-11,2
10.425,4.0,7.720861189121665e-05,2.7023392683914897e-05,19.619763436067398,0.06770750153064233,0.006901969205823786,4,-2.186030416670426e-06,-0.007402917711748281,6.866967291396946e-05,9.809764764837682,0.04290579486139277,0.008747568548266348,6,-1.7201133669861313e-06,0.15585658430828808,-0.00011160315793314617,0.0,0.0,nan,0,-0.07999712996308994,5.420175944569025e-09,1.118624614983839e-06,-1.0072619971432323e-11,2
10.43,4.0,7.702003347021204e-05,-8.595268197446958e-05,19.619802754533197,0.05894579999344189,0.006008806584951252,4,-2.186012555350364e-06,-0.0074028307939691534,-2.6909649355325122e-05,9.809805349614642,0.03990722055354627,0.0081361900937441,6,-1.7179585654683582e-06,0.15585660641856894,9.695227562458544e-05,0.0,0.0,nan,0,-0.07999713213580312,1.1046671773414977e-09,-7.155457446812856e-08,-1.0068035194429831e-11,2
10.435,4.0,7.638945307440727e-05,-0.00015119609270512535,19.61980880513897,0.03244046690490163,0.003306909585826807,4,-2.186013326285763e-06,-0.007403248106317033,-0.00012490092146859804,9.809809930976234,0.024205897961740726,0.004935039135734172,6,-1.720777706527843e-06,0.1558575747611348,0.00026018699509716713,0.0,0.0,nan,0,-0.07999712931594147,-4.3017600853821094e-10,-9.794672811816603e-07,-1.0065524314037338e-11,2
10.44,4.0,7.559199492521428e-05,-0.00015550994693826312,19.619912504144754,0.01398390323074285,0.0014254806924127433,4,-2.1860226240358327e-06,-0.0074040100725382115,-0.00016332391364728066,9.809912926726792,0.008958856117875655,0.0018264904458973412,6,-1.727933433816331e-06,0.1558590546355105,0.00030292387814022555,0.0,0.0,nan,0,-0.07999712215096674,-3.35330165940482e-09,-1.7179881800773606e-06,-1.0064854627508883e-11,2
10.445,4.0,7.497271067926849e-05,-8.79616136760075e-05,19.620097585327294,0.057159960771101394,0.005826674461991253,4,-2.1860448706258195e-06,-0.007404740362606939,-0.00011918751480723881,9.810095612364265,0.03812452978709492,0.007772509319693937,6,-1.7367147948435524e-06,0.15586032466001373,0.00019123918267366166,0.0,0.0,nan,0,-0.0799971133474095,-4.849481633985334e-09,-1.6573426349778134e-06,-1.007135076447057e-11,2
10.450000000000001,4.0,7.485478997913846e-05,3.15256545694464e-05,19.620254755864806,0.06628799372269308,0.006757098166921461,4,-2.1860674120285917e-06,-0.007405104717022958,-3.368401459537627e-05,9.810250634472522,0.0422002483348997,0.008603296675542832,6,-1.7422939173547536e-06,0.1558607273855016,-1.3751549145376598e-05,0.0,0.0,nan,0,-0.07999710774579594,-2.77829742939693e-09,-5.630353624244835e-07,-1.0072274470027062e-11,2
10.455,4.0,7.529335307321234e-05,0.0001254039556837829,19.620160728319398,0.0491383440850891,0.005008964479497222,4,-2.1860662394075636e-06,-0.007405003146207238,6.726629579244635e-05,9.81015838212355,0.03564741555850851,0.007267449549737466,6,-1.7422330660793461e-06,0.15586010770214673,-0.00020858012400756202,0.0,0.0,nan,0,-0.0799971078078702,1.4457089010918751e-09,4.1060221856274654e-07,-1.0071651856954853e-11,2
10.46,4.0,7.605236452950261e-05,0.00016492829966421687,19.620167922546813,0.0151491229588056,0.0015442398881200968,4,-2.1860631152260945e-06,-0.007404423478760605,0.00014677875748617383,9.810166870209446,0.012585004198870797,0.002565706448294515,6,-1.7377312426028468e-06,0.1558586894739819,-0.000327616893040987,0.0,0.0,nan,0,-0.07999711231286821,5.206406826204942e-10,1.3048626278450567e-06,-1.0070546074822327e-11,2
10.465,4.0,7.683354168235198e-05,0.00013824373682976942,19.62001431515108,0.031923865508700015,0.0032542142932125775,4,-2.1860542987230114e-06,-0.00740363862076837,0.00015311333362585413,9.810014840758871,0.02055668018351151,0.004190958019370603,6,-1.729643601587616e-06,0.1558570438897581,-0.0003072668697035567,0.0,0.0,nan,0,-0.07999712040937607,2.8609701062095765e-09,1.754436822472601e-06,-1.0071496425731406e-11,2
10.47,4.0,7.729460088236762e-05,4.573796099928505e-05,19.619802375594226,0.06642337312561797,0.006771054249582491,4,-2.186034552938143e-06,-0.007403045064803676,8.21762526730348e-05,9.809803467528209,0.04247968458140335,0.008660659659903874,6,-1.721718902662761e-06,0.15585590972569785,-0.0001438239762763449,0.0,0.0,nan,0,-0.07999712835387113,5.01256447732325e-09,1.2971012051156546e-06,-1.0070777001211448e-11,2
10.475,4.0,7.719363422487638e-05,-7.100637380869956e-05,19.619784904537514,0.06147249057346765,0.006266377625704833,4,-2.186013500337508e-06,-0.007402885110802443,-1.1176618194068435e-05,9.8097876883295,0.0408440833646722,0.00832721046822727,6,-1.7186444903824483e-06,0.15585577118964178,6.627326604285447e-05,0.0,0.0,nan,0,-0.07999713144938636,1.9439356906944142e-09,8.201837272740668e-08,-1.0071085199123084e-11,2
10.48,4.0,7.661459562979989e-05,-0.00014454427621946554,19.61980978356259,0.03793313958617939,0.0038668203213631197,4,-2.1860129983675147e-06,-0.007403226777219605,-0.00011261349626210534,9.809810893580721,0.027974166549389903,0.005703303937835428,6,-1.7207645485114997e-06,0.15585661234612488,0.00024124808316572293,0.0,0.0,nan,0,-0.07999712932988054,-3.1316889787112535e-10,-8.324081413347432e-07,-1.0072325096196982e-11,2
10.485,4.0,7.582201872551712e-05,-0.00015963996935621766,19.61988653002613,0.008140284767571077,0.0008297993727041434,4,-2.1860200955618747e-06,-0.007403957847138623,-0.00016255039985581685,9.809887222062493,0.006053104398797447,0.0012340823623708905,6,-1.727344762808558e-06,0.15585805644460252,0.00030628071654164874,0.0,0.0,nan,0,-0.07999712274261941,-2.8308839591942697e-09,-1.6481385145457754e-06,-1.0071666955987985e-11,2
10.49,4.0,7.515216826502293e-05,-0.00010255779329733849,19.62006637369903,0.051238222948082,0.005223042773878436,4,-2.1860411389164336e-06,-0.007404720528795815,-0.00013135671993831885,9.810064734451696,0.0341332743738895,0.006958827550651688,6,-1.7361581180763697e-06,0.1558594094285577,0.00021800489721665063,0.0,0.0,nan,0,-0.07999711390827116,-4.813725311637913e-09,-1.7289752560037542e-06,-1.0074831535697376e-11,2
10.495000000000001,4.0,7.494272032143628e-05,1.2991026468281551e-05,19.62026454159726,0.06745424851471728,0.006875977474381793,4,-2.1860651559756084e-06,-0.00740515026918032,-4.754303110075621e-05,9.810260673178254,0.04251924561579627,0.008668321267353481,6,-1.742567511252291e-06,0.15585996906890648,1.8642425264546575e-05,0.0,0.0,nan,0,-0.07999710747491132,-3.8484755053317235e-09,-7.597576075573795e-07,-1.0077513834524871e-11,2
10.5,4.0,7.53081231516837e-05,0.00011470450553515419,19.620165429137913,0.052442414705443655,0.005345766822899608,4,-2.1860673745030534e-06,-0.007405125950437176,5.081479407964407e-05,9.810162671891938,0.037395575686366096,0.007623844157755272,6,-1.7432608429499008e-06,0.15585949979953695,-0.00018142884232851645,0.0,0.0,nan,0,-0.07999710677941146,1.3861101937892181e-09,2.869186410149741e-07,-1.007737350233456e-11,2
